1.000000
1.000000
1.001000
1.001000
1.001000
1.001000
1.001000
1.001000
1.002000
1.002000
1.002000
1.002000
1.002000
1.003000
1.003000
1.003000
1.003000
1.003000
1.004000
1.004000
1.004000
1.004000
1.005000
1.005000
1.005000
1.005000
1.006000
1.006000
1.006000
1.006000
1.006000
1.006000
1.006000
1.006000
1.007000
1.007000
1.007000
1.007000
1.007000
1.007000
1.007000
1.008000
1.008000
1.008000
1.008000
1.007000
1.007000
1.007000
1.008000
1.008000
1.008000
1.008000
1.009000
1.009000
1.009000
1.009000
1.009000
1.010000
1.010000
1.010000
1.011000
1.011000
1.012000
1.013000
1.013000
1.012000
1.019000
1.010000
1.010000
1.010000
1.011000
1.011000
1.011000
1.011000
1.011000
1.011000
1.011000
1.009000
1.009000
1.009000
1.009000
1.008000
1.007000
1.007000
1.007000
1.008000
1.008000
1.008000
1.008000
1.009000
1.010000
1.007000
1.008000
1.008000
1.008000
1.008000
1.008000
1.010000
1.011000
1.011000
1.011000
1.013000
1.013000
1.013000
1.013000
1.014000
1.015000
1.016000
1.016000
1.017000
1.019000
1.021000
1.022000
1.022000
1.022000
1.021000
1.021000
1.022000
1.022000
1.022000
1.022000
1.022000
1.022000
1.023000
1.023000
1.022000
1.022000
1.022000
1.023000
1.022000
1.022000
1.023000
1.023000
1.023000
1.023000
1.023000
1.023000
1.024000
1.026000
1.024000
1.025000
1.027000
1.028000
1.028000
1.029000
1.030000
1.031000
1.032000
1.032000
1.032000
1.032000
1.033000
1.033000
1.034000
1.035000
1.036000
1.038000
1.039000
1.040000
1.042000
1.043000
1.044000
1.043000
1.043000
1.044000
1.044000
1.044000
1.044000
1.045000
1.045000
1.046000
1.046000
1.047000
1.048000
1.048000
1.050000
1.051000
1.052000
1.052000
1.052000
1.053000
1.053000
1.054000
1.055000
1.056000
1.056000
1.055000
1.055000
1.056000
1.057000
1.057000
1.058000
1.058000
1.058000
1.059000
1.058000
1.058000
1.058000
1.058000
1.058000
1.058000
1.059000
1.059000
1.059000
1.060000
1.060000
1.060000
1.059000
1.059000
1.059000
1.059000
1.059000
1.059000
1.060000
1.060000
1.061000
1.062000
1.062000
1.062000
1.063000
1.063000
1.064000
1.065000
1.065000
1.066000
1.067000
1.067000
1.068000
1.069000
1.070000
1.070000
1.070000
1.070000
1.071000
1.072000
1.072000
1.072000
1.073000
1.073000
1.072000
1.073000
1.073000
1.073000
1.073000
1.074000
1.074000
1.075000
1.075000
1.076000
1.075000
1.076000
1.077000
1.078000
1.078000
1.078000
1.079000
1.079000
1.079000
1.080039
1.080039
1.081077
1.082116
1.082116
1.083154
1.084193
1.085231
1.086270
1.087308
1.090424
1.091462
1.093539
1.094578
1.094578
1.095616
1.097693
1.098732
1.099770
1.099770
1.101847
1.103924
1.106001
1.107040
1.107040
1.110155
1.111194
1.111194
1.110155
1.110155
1.111194
1.110155
1.109117
1.107040
1.106001
1.108078
1.108078
1.108078
1.108078
1.108078
1.108078
1.108078
1.106001
1.103924
1.101847
1.099770
1.090424
1.087308
1.089385
1.088347
1.089385
1.084193
1.084193
1.084193
1.085231
1.087308
1.087308
1.089385
1.090424
1.091462
1.093539
1.095667
1.095667
1.097794
1.097794
1.098858
1.099922
1.100985
1.102049
1.103113
1.105240
1.106304
1.107368
1.108432
1.108432
1.108432
1.109495
1.110559
1.110559
1.110559
1.110559
1.110559
1.110559
1.110559
1.110559
1.110559
1.111623
1.112687
1.112687
1.113750
1.114814
1.114814
1.115878
1.116942
1.116942
1.119069
1.119069
1.120133
1.121197
1.119069
1.119069
1.119069
1.118005
1.118005
1.118005
1.118005
1.119069
1.119069
1.119069
1.119069
1.116942
1.116942
1.116942
1.118005
1.118005
1.118005
1.116942
1.116942
1.115878
1.115878
1.115878
1.115878
1.115878
1.115878
1.115878
1.116942
1.118005
1.118005
1.119069
1.120133
1.121197
1.121197
1.123324
1.125452
1.126515
1.127579
1.127579
1.129707
1.130771
1.131834
1.131834
1.132898
1.132898
1.133962
1.135026
1.136089
1.137153
1.139281
1.140344
1.142472
1.143536
1.144599
1.144599
1.144599
1.144599
1.145663
1.145663
1.144599
1.144599
1.143536
1.142472
1.143536
1.144599
1.144599
1.145663
1.145663
1.145663
1.146727
1.146727
1.146727
1.145663
1.145663
1.145663
1.144599
1.144599
1.144599
1.144599
1.144599
1.145663
1.145663
1.146727
1.146727
1.146727
1.146727
1.147791
1.149918
1.152046
1.154173
1.153109
1.153109
1.153109
1.154173
1.155237
1.155237
1.156301
1.156301
1.157364
1.158428
1.159492
1.161619
1.161619
1.162683
1.162683
1.162683
1.162683
1.164811
1.164811
1.165874
1.166938
1.168002
1.168002
1.166938
1.166938
1.166938
1.168002
1.169066
1.169066
1.169066
1.169066
1.170129
1.171193
1.171193
1.172257
1.172257
1.172257
1.173321
1.173321
1.173321
1.174384
1.174384
1.174384
1.174384
1.174384
1.174384
1.175448
1.175448
1.175448
1.176512
1.176512
1.176512
1.176512
1.176512
1.176512
1.176512
1.177576
1.177576
1.178639
1.178639
1.179703
1.180767
1.181831
1.181831
1.181831
1.182894
1.183958
1.183958
1.185022
1.186086
1.188213
1.189277
1.190341
1.190341
1.190341
1.191404
1.191404
1.190341
1.190341
1.190341
1.188213
1.186086
1.186086
1.186086
1.186086
1.186086
1.186086
1.186086
1.185022
1.185022
1.185022
1.186086
1.187149
1.187149
1.187149
1.188213
1.189277
1.189277
1.190341
1.191404
1.192468
1.193532
1.193532
1.194596
1.194596
1.195659
1.195659
1.195659
1.196723
1.196723
1.198851
1.199915
1.200978
1.202042
1.202042
1.203106
1.203106
1.203106
1.200978
1.200978
1.200978
1.200978
1.202042
1.203106
1.204170
1.205233
1.207361
1.207361
1.207361
1.207361
1.207361
1.206297
1.206297
1.207361
1.206297
1.205233
1.203106
1.202042
1.203106
1.203106
1.203106
1.202042
1.202042
1.203106
1.205233
1.205233
1.204170
1.205233
1.206297
1.206297
1.207361
1.207361
1.207361
1.208425
1.208425
1.208425
1.208425
1.209488
1.209488
1.209488
1.210552
1.211616
1.211616
1.212680
1.212680
1.212680
1.213743
1.213743
1.213743
1.213743
1.213743
1.214807
1.214807
1.214807
1.213743
1.213743
1.214084
1.214084
1.214084
1.214084
1.214084
1.214084
1.214084
1.212947
1.211811
1.210674
1.207264
1.206127
1.206127
1.206127
1.204990
1.202716
1.200443
1.198169
1.195896
1.197032
1.198169
1.199306
1.199306
1.200443
1.200443
1.200443
1.201580
1.202716
1.202716
1.202716
1.203853
1.203853
1.202716
1.201580
1.201580
1.202716
1.202716
1.202716
1.202716
1.202716
1.202716
1.203853
1.203853
1.203853
1.203853
1.203853
1.203853
1.203853
1.203853
1.204990
1.204990
1.206127
1.206127
1.207264
1.207264
1.207264
1.207264
1.207264
1.208400
1.209537
1.210674
1.210674
1.210674
1.211811
1.212947
1.212947
1.212947
1.215221
1.215221
1.215221
1.215221
1.215221
1.215221
1.215221
1.216358
1.216358
1.217495
1.218631
1.218631
1.217495
1.218631
1.218631
1.218631
1.218631
1.218631
1.219768
1.219768
1.219768
1.220905
1.222042
1.224315
1.226589
1.226589
1.228862
1.229999
1.228862
1.227726
1.227726
1.226589
1.226589
1.226589
1.225452
1.225452
1.225452
1.225452
1.224315
1.224315
1.224315
1.224315
1.224315
1.224315
1.224315
1.224315
1.225452
1.225452
1.225452
1.225452
1.225452
1.225452
1.226589
1.227726
1.227726
1.228862
1.228862
1.228862
1.228862
1.228862
1.231591
1.231704
1.231477
1.230909
1.231136
1.231591
1.232727
1.233751
1.234887
1.235910
1.235342
1.234319
1.232273
1.232045
1.232273
1.231022
1.230909
1.230909
1.231250
1.231363
1.231932
1.231932
1.232045
1.231591
1.230795
1.230113
1.228862
1.228180
1.227157
1.226589
1.226475
1.226475
1.226475
1.226475
1.226134
1.226134
1.224202
1.220450
1.217722
1.215903
1.215562
1.212265
1.212038
1.212379
1.212379
1.212038
1.210106
1.207718
1.202375
1.201125
1.199533
1.197260
1.197260
1.197942
1.198965
1.199533
1.200102
1.201580
1.202262
1.203057
1.203626
1.204081
1.204422
1.204535
1.204876
1.205331
1.205672
1.206013
1.206240
1.206354
1.205786
1.204990
1.204649
1.205217
1.206127
1.206240
1.206013
1.206127
1.206127
1.205786
1.204763
1.204649
1.205104
1.205217
1.205672
1.206013
1.205786
1.205104
1.205217
1.205672
1.205786
1.205786
1.205899
1.206240
1.206695
1.206581
1.206809
1.206923
1.206923
1.207264
1.206809
1.206923
1.206809
1.206468
1.205899
1.205899
1.206013
1.205899
1.206013
1.206240
1.205786
1.206013
1.206127
1.206695
1.207605
1.208173
1.208400
1.208400
1.208628
1.209651
1.209764
1.209651
1.210106
1.210219
1.210447
1.210447
1.210333
1.210106
1.209764
1.209537
1.209196
1.208969
1.208628
1.208514
1.208628
1.208969
1.209196
1.209537
1.209196
1.208741
1.208400
1.208514
1.208287
1.207946
1.207264
1.207150
1.207264
1.206809
1.206581
1.206468
1.206354
1.207718
1.207718
1.207718
1.207832
1.207718
1.208173
1.208173
1.208173
1.208400
1.208400
1.208514
1.208400
1.208400
1.208628
1.209310
1.210219
1.210219
1.210219
1.214198
1.214880
1.213857
1.211924
1.213402
1.214539
1.216585
1.215903
1.215448
1.214653
1.214198
1.214312
1.214994
1.215789
1.215903
1.216358
1.216585
1.216585
1.216813
1.217381
1.218177
1.217836
1.217836
1.218404
1.218290
1.218745
1.218859
1.216699
1.216585
1.218518
1.218745
1.219086
1.218972
1.218745
1.219200
1.218859
1.218518
1.217949
1.217836
1.218404
1.218290
1.218631
1.218745
1.218518
1.218631
1.218518
1.218177
1.217608
1.217154
1.217040
1.216699
1.215789
1.214994
1.214766
1.218290
1.218404
1.218518
1.218518
1.218859
1.219654
1.222269
1.224656
1.224656
1.224997
1.226020
1.226362
1.226362
1.226589
1.226589
1.226703
1.231022
1.230568
1.230681
1.233182
1.233410
1.233637
1.234433
1.234887
1.234887
1.234887
1.234660
1.234092
1.233978
1.234205
1.234205
1.234546
1.234092
1.234205
1.233978
1.233637
1.232273
1.230113
1.230113
1.230340
1.229999
1.229658
1.229658
1.229317
1.228976
1.228635
1.228862
1.228862
1.228862
1.232955
1.231818
1.231704
1.232159
1.233637
1.233523
1.233637
1.234774
1.234774
1.235797
1.235683
1.235797
1.235910
1.236479
1.238411
1.238866
1.238866
1.238980
1.238980
1.238980
1.239093
1.239207
1.239435
1.239662
1.240117
1.240344
1.240571
1.241367
1.241481
1.241367
1.241708
1.242049
1.243641
1.243982
1.244323
1.244777
1.245118
1.245232
1.245459
1.245459
1.245459
1.245573
1.245459
1.245459
1.245687
1.245800
1.246483
1.246255
1.246369
1.246710
1.246824
1.247165
1.247165
1.247392
1.247733
1.247847
1.248415
1.248642
1.248756
1.248983
1.249211
1.249779
1.249779
1.250007
1.251030
1.251825
1.253531
1.253531
1.255236
1.255463
1.255008
1.255008
1.256032
1.256373
1.256486
1.257509
1.257964
1.257509
1.257964
1.258078
1.258078
1.258419
1.258532
1.258760
1.258987
1.267399
1.266376
1.266035
1.267058
1.267399
1.268195
1.270241
1.272174
1.273765
1.278085
1.277176
1.279222
1.279904
1.279904
1.281154
1.281950
1.297979
1.294796
1.295478
1.293773
1.300252
1.298775
1.297069
1.296615
1.295933
1.296046
1.296728
1.296160
1.295478
1.294568
1.294114
1.294000
1.294227
1.293773
1.293432
1.293659
1.293773
1.294455
1.294796
1.295933
1.296956
1.297865
1.298775
1.298547
1.298661
1.299002
1.299116
1.299116
1.298888
1.298888
1.298661
1.298888
1.299002
1.299002
1.298661
1.298888
1.299002
1.299798
1.300025
1.300252
1.301048
1.304004
1.305027
1.305141
1.307073
1.309460
1.313894
1.314576
1.318327
1.320487
1.319691
1.318782
1.318100
1.319691
1.319578
1.320714
1.322761
1.323784
1.324693
1.327080
1.325944
1.325830
1.323102
1.322761
1.324011
1.324125
1.325262
1.326057
1.326171
1.329240
1.330718
1.331969
1.332878
1.332082
1.329809
1.329354
1.328217
1.329013
1.328786
1.327763
1.325944
1.325375
1.324807
1.326057
1.327080
1.327535
1.327308
1.327194
1.326853
1.327990
1.329013
1.328104
1.328217
1.328331
1.328445
1.328217
1.327080
1.326057
1.326398
1.326398
1.326967
1.328104
1.328331
1.327422
1.326398
1.327194
1.327422
1.328786
1.330718
1.331855
1.333674
1.334470
1.335493
1.337994
1.338562
1.338562
1.339926
1.340608
1.341859
1.341518
1.341063
1.341631
1.342768
1.343678
1.343905
1.345837
1.346406
1.346178
1.347315
1.345042
1.346065
1.347088
1.348225
1.348452
1.348679
1.348907
1.349589
1.353568
1.356864
1.359820
1.359706
1.359934
1.360502
1.360047
1.360047
1.360047
1.360161
1.360388
1.360957
1.361184
1.361639
1.363116
1.363912
1.364481
1.364822
1.366868
1.366982
1.367550
1.364140
1.363458
1.362434
1.362889
1.364026
1.365163
1.365049
1.365390
1.365958
1.366072
1.367550
1.369937
1.372665
1.374143
1.374598
1.375621
1.377099
1.377440
1.377440
1.377554
1.377326
1.376872
1.378008
1.378804
1.378918
1.378236
1.378122
1.377895
1.377440
1.376417
1.376644
1.377099
1.378122
1.378918
1.379714
1.381532
1.382328
1.382328
1.382442
1.382897
1.382328
1.382101
1.382669
1.382442
1.382442
1.380737
1.379486
1.379259
1.379372
1.379031
1.378463
1.378349
1.377895
1.378349
1.379259
1.380168
1.379600
1.379486
1.379486
1.378918
1.379600
1.379145
1.378918
1.379259
1.379600
1.381191
1.381305
1.381305
1.381987
1.382214
1.380396
1.378804
1.377213
1.376303
1.376872
1.375962
1.375166
1.375621
1.375280
1.372211
1.370733
1.370392
1.370847
1.371415
1.372097
1.371642
1.371870
1.371870
1.371529
1.371529
1.372211
1.373916
1.374371
1.374825
1.376076
1.376872
1.377781
1.378463
1.379145
1.379827
1.380168
1.380850
1.381191
1.380737
1.380737
1.380964
1.381078
1.380396
1.380623
1.381078
1.381305
1.381646
1.381646
1.381873
1.382214
1.382669
1.382442
1.381987
1.381532
1.380850
1.381646
1.382101
1.382555
1.383010
1.383579
1.384261
1.384374
1.384715
1.384602
1.385284
1.386193
1.388126
1.389717
1.390058
1.389604
1.389604
1.389831
1.390058
1.390286
1.390627
1.390513
1.390627
1.390740
1.391309
1.391650
1.392332
1.393014
1.392218
1.392673
1.393014
1.392559
1.393128
1.394605
1.395287
1.398129
1.400630
1.401085
1.402222
1.402677
1.403131
1.403472
1.404041
1.404609
1.405519
1.405291
1.405519
1.405632
1.405519
1.405405
1.405291
1.405746
1.405405
1.405291
1.404950
1.403927
1.403586
1.403700
1.404041
1.405860
1.406087
1.405973
1.405519
1.405291
1.403245
1.403359
1.402449
1.401085
1.401426
1.401540
1.401767
1.400630
1.400630
1.399721
1.399266
1.400176
1.402108
1.402449
1.401881
1.400744
1.400176
1.399835
1.399607
1.400517
1.399266
1.398016
1.398016
1.398129
1.398016
1.396993
1.394492
1.393241
1.391309
1.392218
1.393241
1.392332
1.395628
1.395970
1.395287
1.395742
1.397788
1.397902
1.399494
1.399039
1.400744
1.404154
1.406314
1.406883
1.407678
1.408019
1.406314
1.407565
1.407110
1.407906
1.408474
1.406996
1.408474
1.409156
1.409384
1.408701
1.408929
1.409838
1.410634
1.410748
1.409838
1.409952
1.407792
1.407451
1.408019
1.410066
1.411657
1.412908
1.413590
1.415522
1.415750
1.415750
1.415863
1.415181
1.415522
1.417227
1.417000
1.418023
1.419274
1.421092
1.421888
1.421888
1.422229
1.422343
1.422457
1.423252
1.425526
1.426435
1.426890
1.437803
1.438030
1.438485
1.438713
1.438826
1.441555
1.442464
1.443828
1.444624
1.445761
1.446897
1.447011
1.447693
1.447921
1.447807
1.450421
1.450194
1.450876
1.452013
1.452468
1.453491
1.453604
1.454855
1.455310
1.455764
1.458379
1.457924
1.456901
1.456333
1.453263
1.452354
1.450535
1.450421
1.449626
1.450080
1.452240
1.453604
1.454059
1.454855
1.455310
1.455196
1.456787
1.458152
1.459857
1.459970
1.464859
1.467587
1.469633
1.469178
1.468837
1.468610
1.468951
1.470088
1.470315
1.469519
1.469519
1.471225
1.474180
1.475317
1.474521
1.474976
1.475431
1.475544
1.474976
1.472816
1.470770
1.468155
1.466791
1.466677
1.466223
1.466677
1.468837
1.468155
1.469974
1.475203
1.482592
1.480433
1.478386
1.478045
1.476454
1.475431
1.474635
1.470770
1.468610
1.467018
1.465427
1.465654
1.466336
1.466564
1.467473
1.468837
1.469406
1.467359
1.465768
1.465768
1.465313
1.463381
1.461221
1.463373
1.464450
1.465392
1.465526
1.466199
1.465661
1.460952
1.458126
1.456512
1.451265
1.450458
1.447767
1.447767
1.448978
1.450054
1.451130
1.452610
1.455301
1.456647
1.457454
1.459472
1.460010
1.459741
1.458799
1.458261
1.457185
1.457185
1.457454
1.457319
1.457454
1.457588
1.458530
1.458934
1.458934
1.459203
1.459741
1.460683
1.460817
1.460414
1.458799
1.458934
1.457992
1.456377
1.455839
1.454763
1.453956
1.454225
1.454090
1.453552
1.452879
1.452610
1.451938
1.452072
1.452341
1.453014
1.453283
1.453283
1.453821
1.454225
1.454225
1.454225
1.454898
1.455167
1.455032
1.455167
1.454898
1.455167
1.455167
1.455301
1.455839
1.455974
1.456108
1.456243
1.456512
1.456781
1.457319
1.457857
1.458396
1.459203
1.459741
1.460145
1.460414
1.460683