1.000000
1.001000
1.001000
1.001000
1.001000
1.001000
1.002000
1.002000
1.002000
1.002000
1.002000
1.003000
1.003000
1.003000
1.003000
1.003000
1.003000
1.003000
1.003000
1.005000
1.005000
1.005000
1.005000
1.005000
1.006000
1.006000
1.006000
1.007000
1.007000
1.006000
1.007000
1.007000
1.006000
1.006000
1.006000
1.006000
1.006000
1.006000
1.005000
1.005000
1.006000
1.006000
1.006000
1.006000
1.006000
1.005000
1.005000
1.004000
1.003000
1.002000
1.003000
1.002000
1.001000
1.001000
0.999000
0.998000
0.997000
0.995000
0.997000
0.998000
0.998000
0.998000
0.998000
0.999000
0.999000
0.999000
0.999000
0.999000
0.998000
0.999000
0.998000
0.998000
0.998000
0.998000
0.997000
0.997000
0.997000
0.996000
0.995000
0.995000
0.995000
0.995000
0.995000
0.994000
0.994000
0.994000
0.993000
0.994000
0.994000
0.995000
0.995000
0.994000
0.995000
0.995000
0.997000
0.998000
0.999000
0.998000
0.998000
0.997000
0.998000
1.000000
1.000000
1.002000
1.003000
1.003000
1.003000
1.004000
1.005000
1.008000
1.007000
1.008000
1.010000
1.012000
1.014000
1.015000
1.015000
1.015000
1.016000
1.017000
1.015000
1.011000
1.012000
1.013000
1.013000
1.015000
1.016000
1.016000
1.017000
1.018000
1.018000
1.017000
1.017000
1.018000
1.018000
1.018000
1.018000
1.018000
1.018000
1.019000
1.019000
1.020000
1.021000
1.022000
1.023000
1.023000
1.024000
1.025000
1.027000
1.027000
1.029000
1.031000
1.032000
1.034000
1.034000
1.034000
1.035000
1.038000
1.038000
1.038000
1.039000
1.042000
1.043000
1.043000
1.044000
1.044000
1.046000
1.046000
1.046000
1.046000
1.046000
1.047000
1.047000
1.047000
1.046000
1.047000
1.048000
1.049000
1.049000
1.050000
1.051000
1.052000
1.053000
1.053000
1.052000
1.054000
1.055000
1.055000
1.053000
1.052000
1.053000
1.053000
1.053000
1.053000
1.053000
1.053000
1.054000
1.054000
1.055000
1.055000
1.056000
1.056000
1.056000
1.056000
1.056000
1.057000
1.057000
1.057000
1.058000
1.058000
1.059000
1.059000
1.058000
1.057000
1.056000
1.056000
1.057000
1.057000
1.058000
1.058000
1.059000
1.059000
1.060000
1.061000
1.061000
1.062000
1.062000
1.063000
1.062000
1.063000
1.063000
1.063000
1.064000
1.065000
1.066000
1.066000
1.068000
1.068000
1.069000
1.069000
1.070000
1.070000
1.070000
1.071000
1.071000
1.072000
1.072000
1.072000
1.072000
1.073000
1.073000
1.073000
1.073000
1.074000
1.074000
1.074000
1.075000
1.076000
1.077000
1.078000
1.078000
1.078000
1.078000
1.078000
1.078000
1.079000
1.080000
1.080000
1.080000
1.081000
1.082000
1.084000
1.084000
1.085000
1.087000
1.088000
1.089000
1.093000
1.094000
1.094000
1.096000
1.096000
1.097000
1.099000
1.100000
1.102000
1.104000
1.105000
1.106000
1.108000
1.109000
1.111000
1.109000
1.111000
1.111000
1.110000
1.109000
1.108000
1.107000
1.111000
1.111000
1.111000
1.113000
1.112000
1.113000
1.113000
1.111000
1.108000
1.106000
1.105000
1.088000
1.088000
1.089000
1.087000
1.088000
1.081000
1.082000
1.080000
1.081000
1.083000
1.083000
1.086000
1.088000
1.090000
1.091000
1.092000
1.093000
1.096000
1.098000
1.098000
1.099000
1.099000
1.099000
1.099000
1.100000
1.100000
1.099000
1.100000
1.100000
1.100000
1.100000
1.101000
1.102000
1.102000
1.102000
1.102000
1.102000
1.102000
1.102000
1.102000
1.103000
1.108000
1.104000
1.105000
1.105000
1.106000
1.106000
1.106000
1.108000
1.109000
1.109000
1.110000
1.110000
1.110000
1.110000
1.109000
1.109000
1.109000
1.109000
1.109000
1.109000
1.110000
1.110000
1.110000
1.109000
1.108000
1.108000
1.108000
1.108000
1.107000
1.107000
1.106000
1.101000
1.100000
1.099000
1.100000
1.100000
1.100000
1.099000
1.099000
1.100000
1.101000
1.102000
1.103000
1.103000
1.105000
1.107000
1.110000
1.110000
1.110000
1.110000
1.112000
1.112000
1.113000
1.114000
1.115000
1.115000
1.115000
1.116000
1.118000
1.119000
1.120000
1.122000
1.125000
1.126000
1.127000
1.126000
1.126000
1.126000
1.127000
1.127000
1.126000
1.125000
1.124000
1.123000
1.122000
1.124000
1.124000
1.125000
1.126000
1.125000
1.126000
1.126000
1.126000
1.125000
1.125000
1.126000
1.125000
1.126000
1.126000
1.126000
1.126000
1.126000
1.126000
1.127000
1.127000
1.126000
1.127000
1.127000
1.130000
1.132000
1.134000
1.133000
1.132000
1.133000
1.133000
1.133000
1.134000
1.135000
1.136000
1.136000
1.136000
1.138131
1.139197
1.139197
1.140263
1.141328
1.142394
1.141328
1.142394
1.142394
1.142394
1.143460
1.144525
1.145591
1.143460
1.143460
1.144525
1.144525
1.144525
1.144525
1.145591
1.145591
1.146657
1.146657
1.147722
1.147722
1.147722
1.147722
1.148788
1.148788
1.149854
1.149854
1.149854
1.149854
1.149854
1.150919
1.150919
1.150919
1.151985
1.151985
1.153051
1.153051
1.153051
1.153051
1.153051
1.153051
1.154116
1.155182
1.155182
1.156248
1.156248
1.157313
1.158379
1.159445
1.159445
1.160510
1.160510
1.161576
1.161576
1.162642
1.163707
1.164773
1.165839
1.167970
1.167970
1.167970
1.167970
1.167970
1.167970
1.166904
1.167970
1.163707
1.161576
1.161576
1.161576
1.161576
1.161576
1.162642
1.162642
1.161576
1.161576
1.161576
1.161576
1.162642
1.163707
1.164773
1.165839
1.167970
1.167970
1.169036
1.171167
1.173298
1.174364
1.175430
1.175430
1.175430
1.175430
1.175430
1.175430
1.176495
1.176495
1.178627
1.180758
1.181824
1.182889
1.183955
1.185021
1.186086
1.187152
1.187152
1.187152
1.186086
1.187152
1.188218
1.189283
1.190349
1.191415
1.193546
1.193546
1.193546
1.194612
1.193546
1.192480
1.192480
1.193546
1.192480
1.191415
1.189283
1.188218
1.189283
1.189283
1.189283
1.188218
1.189283
1.189283
1.191415
1.191415
1.191415
1.191415
1.192480
1.193546
1.193546
1.193546
1.193546
1.193546
1.193546
1.193546
1.194612
1.194612
1.194612
1.195677
1.196743
1.196743
1.197809
1.197809
1.198874
1.198874
1.198874
1.199940
1.199940
1.199940
1.199940
1.199940
1.199940
1.199940
1.199940
1.198874
1.198874
1.198874
1.199940
1.199940
1.199940
1.199940
1.198874
1.198874
1.196743
1.194612
1.192480
1.191415
1.192480
1.191415
1.190349
1.187152
1.183955
1.178627
1.177561
1.178627
1.179692
1.180758
1.180758
1.181824
1.181824
1.182889
1.183955
1.185021
1.186086
1.186086
1.187152
1.188218
1.188218
1.188218
1.188218
1.187152
1.188218
1.188218
1.188218
1.188218
1.189283
1.189283
1.189283
1.188218
1.188218
1.189283
1.189283
1.189283
1.190349
1.190349
1.190349
1.191415
1.191415
1.192480
1.192480
1.192480
1.192480
1.193546
1.193546
1.195677
1.195677
1.195677
1.195677
1.196743
1.197809
1.198874
1.198874
1.199940
1.199940
1.201006
1.201006
1.201006
1.201006
1.201006
1.202071
1.201006
1.202071
1.203137
1.204203
1.203137
1.204203
1.204203
1.205268
1.205268
1.206334
1.207400
1.207400
1.208465
1.208465
1.210597
1.210597
1.211662
1.211662
1.212728
1.213794
1.213794
1.213794
1.213794
1.213794
1.213794
1.213794
1.212728
1.212728
1.212728
1.213794
1.212728
1.212728
1.212728
1.212728
1.212728
1.212728
1.212728
1.212728
1.213794
1.213794
1.213794
1.213794
1.214859
1.214859
1.214859
1.215925
1.216991
1.216991
1.218056
1.218056
1.218056
1.218056
1.220188
1.220188
1.220188
1.221253
1.222319
1.222319
1.222319
1.222319
1.223385
1.223385
1.223385
1.223385
1.222319
1.221253
1.222319
1.221253
1.221253
1.221253
1.221253
1.221253
1.221253
1.221253
1.221253
1.220188
1.220188
1.218056
1.216991
1.216991
1.215925
1.214859
1.214859
1.214859
1.213794
1.213794
1.213794
1.213794
1.212728
1.209531
1.206334
1.204203
1.203137
1.199940
1.198874
1.198874
1.198874
1.196743
1.192480
1.189283
1.180758
1.178627
1.176495
1.173298
1.172233
1.174364
1.176495
1.177561
1.178627
1.177561
1.178627
1.180758
1.182889
1.182889
1.183955
1.183955
1.185021
1.185021
1.185021
1.186086
1.187152
1.187152
1.186086
1.185021
1.183955
1.185021
1.185021
1.185021
1.185021
1.185021
1.186086
1.185021
1.185021
1.185021
1.185021
1.185021
1.185021
1.185021
1.185021
1.185021
1.186086
1.186086
1.186086
1.186086
1.186086
1.186086
1.186086
1.186086
1.186086
1.186086
1.187152
1.187152
1.186086
1.186086
1.186086
1.186086
1.186086
1.186086
1.186086
1.186086
1.186086
1.187152
1.186086
1.186086
1.186086
1.187152
1.188218
1.188218
1.188218
1.185021
1.182889
1.182889
1.183955
1.185021
1.186086
1.186086
1.187152
1.187152
1.187152
1.187152
1.187152
1.186086
1.186086
1.185021
1.185021
1.185021
1.185021
1.185021
1.185021
1.185021
1.185021
1.185021
1.183955
1.183955
1.183955
1.182889
1.182889
1.182889
1.182889
1.182889
1.182889
1.182889
1.182889
1.183955
1.183955
1.183955
1.183955
1.183955
1.185021
1.185021
1.185021
1.185021
1.185021
1.185021
1.186086
1.186086
1.187152
1.188218
1.188218
1.189283
1.190349
1.191415
1.193546
1.194612
1.194612
1.194612
1.195677
1.196743
1.197809
1.198874
1.198874
1.199940
1.199940
1.199940
1.201006
1.201006
1.202071
1.202071
1.202071
1.202071
1.203137
1.204203
1.202071
1.201006
1.201006
1.198874
1.198874
1.198874
1.197809
1.196743
1.196743
1.197809
1.197809
1.197809
1.197809
1.197809
1.197809
1.197809
1.198874
1.197809
1.197809
1.198874
1.198874
1.198874
1.198874
1.199940
1.199940
1.199940
1.199940
1.198874
1.198874
1.198874
1.197809
1.196743
1.196743
1.196743
1.197809
1.197809
1.197809
1.197809
1.198874
1.199940
1.199940
1.201006
1.201006
1.201006
1.202071
1.202071
1.202071
1.203137
1.203137
1.203137
1.203137
1.203137
1.203137
1.204203
1.205268
1.204203
1.205268
1.205268
1.206334
1.205268
1.205268
1.205268
1.206334
1.206334
1.207400
1.207400
1.207400
1.207400
1.207400
1.205268
1.205268
1.205268
1.205268
1.206334
1.206334
1.206334
1.206334
1.206334
1.206334
1.205268
1.204203
1.203137
1.203137
1.203137
1.204203
1.203137
1.201006
1.199940
1.198874
1.198874
1.198874
1.197809
1.197809
1.198874
1.199940
1.201006
1.202071
1.203137
1.203137
1.204203
1.205268
1.204203
1.204203
1.205268
1.205268
1.204203
1.205268
1.204203
1.204203
1.204203
1.204203
1.204203
1.203137
1.203137
1.204203
1.204203
1.204203
1.204203
1.205268
1.228713
1.229779
1.228713
1.226582
1.227647
1.227647
1.227647
1.227647
1.227647
1.228713
1.228713
1.228713
1.227647
1.227647
1.228713
1.229779
1.229779
1.229779
1.230844
1.231910
1.232976
1.232976
1.234041
1.234041
1.235107
1.236173
1.236173
1.238304
1.239370
1.240435
1.241501
1.241501
1.242567
1.242567
1.243632
1.243632
1.244698
1.244698
1.244698
1.245764
1.245764
1.245764
1.245764
1.246829
1.246829
1.246829
1.246829
1.247895
1.250026
1.251092
1.252158
1.252158
1.253223
1.253223
1.254289
1.255355
1.255355
1.257486
1.258552
1.258552
1.258552
1.259617
1.259617
1.259617
1.266011
1.266011
1.266011
1.264946
1.264946
1.263880
1.263880
1.263880
1.262814
1.262814
1.262814
1.261749
1.261749
1.260683
1.259617
1.259617
1.259617
1.259617
1.258552
1.257486
1.257486
1.258552
1.258552
1.258552
1.259617
1.259617
1.260683
1.260683
1.260683
1.260683
1.260683
1.260683
1.259617
1.259617
1.259617
1.259617
1.259617
1.259617
1.259617
1.259617
1.259617
1.259617
1.259617
1.259617
1.260683
1.260683
1.260683
1.261749
1.261749
1.262814
1.263880
1.264946
1.266011
1.267077
1.268143
1.268143
1.268143
1.268143
1.269208
1.269208
1.270274
1.270274
1.270274
1.272405
1.273471
1.275602
1.275602
1.276668
1.277734
1.279865
1.280931
1.283062
1.284128
1.286259
1.286259
1.288390
1.291587
1.291587
1.289456
1.287325
1.285193
1.285193
1.285193
1.284128
1.281996
1.280931
1.279865
1.279865
1.280931
1.281996
1.283062
1.283062
1.283062
1.281996
1.283062
1.283062
1.283062
1.283062
1.283062
1.284128
1.284128
1.283062
1.283062
1.283062
1.284128
1.284128
1.285193
1.285193
1.284128
1.285193
1.286259
1.286259
1.287325
1.288390
1.289456
1.290522
1.291587
1.292653
1.293719
1.294784
1.295850
1.296916
1.297981
1.297981
1.299047
1.299047
1.300113
1.301178
1.301178
1.302244
1.303310
1.303310
1.304375
1.303310
1.304375
1.304375
1.305441
1.306507
1.307572
1.307572
1.308638
1.310769
1.311835
1.313966
1.315032
1.316098
1.317163
1.317163
1.317163
1.317163
1.317163
1.317163
1.318229
1.318229
1.318229
1.319295
1.321426
1.321426
1.322492
1.323557
1.323557
1.324623
1.323557
1.322492
1.321426
1.320360
1.320360
1.321426
1.322492
1.322492
1.322492
1.322492
1.323557
1.325689
1.327820
1.329951
1.331017
1.333148
1.335279
1.336345
1.337411
1.337411
1.337411
1.337411
1.337411
1.338476
1.339542
1.339542
1.338476
1.338476
1.338476
1.337411
1.337411
1.337411
1.338476
1.339542
1.339542
1.341673
1.342739
1.342739
1.343805
1.344870
1.344870
1.344870
1.344870
1.344870
1.344870
1.344870
1.342739
1.341673
1.341673
1.341673
1.340608
1.339542
1.339542
1.339542
1.341673
1.342739
1.342739
1.342739
1.341673
1.341673
1.341673
1.342739
1.342739
1.342739
1.342739
1.343892
1.345044
1.346197
1.346197
1.346197
1.346197
1.346197
1.345044
1.343892
1.343892
1.342739
1.342739
1.342739
1.342739
1.341587
1.339281
1.339281
1.339281
1.339281
1.340434
1.340434
1.340434
1.340434
1.340434
1.340434
1.341587
1.343892
1.345044
1.345044
1.346197
1.347349
1.348502
1.349655
1.350807
1.350807
1.351960
1.351960
1.353112
1.351960
1.351960
1.353112
1.351960
1.351960
1.351960
1.351960
1.353112
1.353112
1.353112
1.353112
1.353112
1.353112
1.353112
1.353112
1.353112
1.351960
1.351960
1.351960
1.351960
1.353112
1.353112
1.355417
1.355417
1.355417
1.355417
1.356570
1.357723
1.357723
1.358875
1.360028
1.360028
1.361180
1.361180
1.361180
1.361180
1.361180
1.362333
1.362333
1.362333
1.362333
1.362333
1.363485
1.363485
1.363485
1.363485
1.364638
1.364638
1.364638
1.365790
1.365790
1.368096
1.369300
1.370504
1.370504
1.371709
1.371709
1.372913
1.372913
1.374117
1.374117
1.375321
1.375321
1.375321
1.375321
1.375321
1.375321
1.375321
1.375321
1.375321
1.375321
1.375321
1.375321
1.375321
1.375321
1.376526
1.376526
1.377730
1.377730
1.377730
1.377730
1.378934
1.378934
1.378934
1.378934
1.378934
1.378934
1.378934
1.378934
1.378934
1.378934
1.380139
1.380139
1.380139
1.380139
1.381343
1.381343
1.381343
1.381343
1.381343
1.381343
1.381343
1.381343
1.381343
1.381343
1.381343
1.380111
1.380111
1.378879
1.377646
1.377646
1.378879
1.378879
1.378879
1.380111
1.381343
1.381343
1.382575
1.382575
1.382575
1.383807
1.383807
1.385040
1.385040
1.386272
1.386272
1.387504
1.387504
1.387504
1.387504
1.387504
1.387504
1.387504
1.387504
1.387504
1.388736
1.388736
1.388736
1.389969
1.389969
1.389969
1.389969
1.389969
1.389969
1.389969
1.389969
1.391201
1.391201
1.392433
1.392433
1.392433
1.393665
1.393665
1.393665
1.394898
1.394898
1.396130
1.396130
1.396130
1.397362
1.398594
1.398594
1.398594
1.398594
1.398594
1.399827
1.399827
1.401059
1.401059
1.408452
1.408452
1.408452
1.408452
1.409685
1.410917
1.410917
1.412149
1.413381
1.413381
1.414634
1.414634
1.415887
1.415887
1.415887
1.417140
1.418393
1.418393
1.418393
1.419646
1.420899
1.420899
1.422152
1.422152
1.423405
1.425911
1.424658
1.424658
1.423405
1.422152
1.422152
1.419646
1.419646
1.419646
1.419646
1.420899
1.422152
1.422152
1.423405
1.423405
1.423405
1.424658
1.425911
1.425911
1.425911
1.433429
1.434682
1.435935
1.437188
1.437188
1.437188
1.438441
1.438441
1.438441
1.438441
1.438441
1.439694
1.440947
1.442200
1.442200
1.442200
1.442200
1.443453
1.443453
1.440907
1.439635
1.437089
1.435816
1.435816
1.435816
1.435816
1.435816
1.434543
1.434543
1.434543
1.435816
1.435816
1.434543
1.433270
1.431997
1.431997
1.431997
1.426906
1.421814
1.420541
1.416723
1.415450
1.416723
1.416723
1.417996
1.419268
1.421814
1.420541
1.419268
1.419268
1.419268
1.417996
1.415450
1.415450
1.416723
1.416723
1.416723
1.417996
1.417996
1.415450
1.411631
1.410358
1.406540
1.403994
1.402721
1.401448
1.401448
1.402721
1.402721
1.403994
1.406540
1.407812
1.409085
1.411631
1.412904
1.412904
1.412904
1.411631
1.411631
1.411631
1.411631
1.411631
1.412904
1.412904
1.412904
1.412904
1.412904
1.412904
1.412904
1.414177
1.414177
1.414177
1.414177
1.414177
1.414177
1.412904
1.411631
1.411631
1.410358
1.410358
1.411631
1.410358
1.410358
1.410358
1.410358
1.409085
1.410358
1.410358
1.410358
1.410358
1.411631
1.411631
1.411631
1.412904
1.412904
1.412904
1.414177
1.414177
1.414177
1.414177
1.414177
1.414177
1.415450
1.415450
1.415450
1.415450
1.415450
1.416730
1.416730
1.418009
1.418009
1.419289
1.419289
1.419289
1.420569
1.420569