1.000000
1.000000
1.000000
1.001000
1.001000
1.001000
1.001000
1.001000
1.001000
1.001000
1.001000
1.001000
1.002000
1.002000
1.002000
1.002000
1.002000
1.002000
1.002000
1.002000
1.004000
1.005000
1.005000
1.005000
1.006000
1.003000
0.998000
1.004000
1.001000
1.004000
1.009000
1.010000
1.007000
1.014000
1.019000
1.014000
1.010000
1.006000
1.010000
1.012000
1.014000
1.013000
1.015000
1.014000
1.016000
1.016000
1.018000
1.022000
1.024000
1.023000
1.026000
1.014000
1.007000
1.016000
1.024000
1.022000
1.018000
1.015000
1.019000
1.020000
1.026000
1.019000
1.029000
1.038000
1.051000
1.055000
1.053000
1.061000
1.054000
1.065000
1.065000
1.061000
1.051000
1.056000
1.072000
1.071000
1.071000
1.064000
1.072000
1.078000
1.079000
1.074000
1.075000
1.081000
1.075000
1.059000
1.060000
1.052000
1.062000
1.071000
1.079000
1.088000
1.095000
1.103000
1.106000
1.102000
1.093000
1.102000
1.100000
1.071000
1.077000
1.081000
1.090000
1.075000
1.083000
1.097000
1.090000
1.090000
1.098000
1.102000
1.116000
1.114000
1.106000
1.107000
1.104000
1.115000
1.103000
1.097000
1.108000
1.102000
1.092000
1.076000
1.075000
1.076000
1.095000
1.107000
1.108000
1.111000
1.118000
1.116000
1.113000
1.116000
1.112000
1.129000
1.106000
1.123000
1.111000
1.109000
1.121000
1.118000
1.118000
1.118000
1.132000
1.155000
1.173000
1.182000
1.195000
1.202000
1.200000
1.224000
1.237000
1.267000
1.257000
1.284000
1.238000
1.279000
1.275000
1.288000
1.309000
1.321000
1.321000
1.307000
1.302000
1.273000
1.250000
1.242000
1.271000
1.296000
1.294000
1.290000
1.310000
1.333000
1.348000
1.345000
1.328000
1.320000
1.314000
1.331000
1.328000
1.347000
1.361000
1.303000
1.338000
1.379000
1.388000
1.386000
1.401000
1.400000
1.386000
1.376000
1.372000
1.362000
1.379000
1.369000
1.357000
1.337000
1.339000
1.363000
1.376000
1.380000
1.397000
1.407000
1.416000
1.402000
1.423000
1.425000
1.443000
1.417000
1.434000
1.434000
1.426000
1.442000
1.449000
1.452000
1.457000
1.465000
1.501000
1.510000
1.540000
1.545000
1.559000
1.588000
1.585000
1.587000
1.584000
1.596000
1.638000
1.625000
1.661000
1.687000
1.719000
1.762000
1.770000
1.755000
1.788000
1.821000
1.811000
1.770000
1.811000
1.816000
1.771000
1.824000
1.868000
1.865000
1.845000
1.871000
1.843000
1.877000
1.886000
1.899000
1.826000
1.810000
1.800000
1.836000
1.886000
1.908000
1.918000
1.906000
1.878000
1.877000
1.945000
1.965000
2.021000
2.059000
2.119000
2.171000
2.169000
2.053000
2.067000
2.162000
2.202000
2.209000
2.201000
2.227000
2.238000
2.226000
2.247000
2.264000
2.287000
2.246000
2.196000
2.217000
2.150000
2.051000
2.107000
2.145000
2.084000
1.943000
1.904000
2.015000
1.943000
1.878000
1.804000
1.842000
1.759000
1.624000
1.711000
1.801000
1.882000
1.885000
1.810000
1.853000
1.939000
1.954000
1.963000
1.961000
2.007000
1.974000
1.813000
1.816000
1.879000
1.820000
1.826000
1.828000
1.904000
1.887000
1.882000
1.920000
1.996000
1.988000
1.946000
1.972000
1.981000
2.006000
1.870000
1.909000
1.853000
1.771000
1.620000
1.530000
1.544000
1.629000
1.696000
1.669000
1.654000
1.650000
1.608000
1.652000
1.689000
1.665000
1.662000
1.601000
1.556000
1.644000
1.607000
1.615000
1.649000
1.660000
1.633000
1.641000
1.614000
1.625000
1.602000
1.617000
1.668000
1.689000
1.742000
1.744000
1.718000
1.755000
1.770000
1.770000
1.786000
1.711000
1.753000
1.789000
1.800000
1.804000
1.774000
1.782000
1.790000
1.767000
1.758000
1.827000
1.829000
1.861000
1.874000
1.867000
1.873000
1.871000
1.844000
1.872000
1.871000
1.854000
1.889000
1.892000
1.882000
1.883000
1.901000
1.888000
1.804000
1.826000
1.843000
1.867000
1.886000
1.864000
1.881000
1.846000
1.851000
1.846000
1.838000
1.871000
1.873000
1.876000
1.920000
1.929000
1.985000
1.995000
1.981000
1.972000
1.978000
1.939000
1.951000
1.960000
1.944000
1.829000
1.838000
1.873000
1.730000
1.768000
1.660000
1.669000
1.633000
1.678000
1.624000
1.637000
1.687000
1.668000
1.614000
1.631000
1.644000
1.543000
1.541000
1.506000
1.562000
1.553000
1.592000
1.602000
1.622000
1.615000
1.618000
1.666000
1.675000
1.666000
1.667000
1.698000
1.692000
1.698000
1.588000
1.602000
1.555000
1.587000
1.651000
1.649000
1.628000
1.646000
1.648000
1.623000
1.605000
1.603000
1.644000
1.649000
1.640000
1.678000
1.714000
1.738000
1.728000
1.736000
1.714000
1.726000
1.719000
1.698000
1.750000
1.755000
1.753000
1.793000
1.805000
1.790000
1.776000
1.807000
1.800000
1.814000
1.826000
1.819000
1.800000
1.801000
1.744000
1.732000
1.763000
1.756000
1.771000
1.767000
1.767000
1.766000
1.810000
1.809000
1.815000
1.755000
1.723000
1.724000
1.737000
1.748000
1.746000
1.772000
1.762000
1.727000
1.729000
1.744000
1.767000
1.747000
1.742000
1.746000
1.741000
1.736000
1.799000
1.804000
1.815000
1.829000
1.833000
1.834000
1.830000
1.762000
1.775000
1.828000
1.821000
1.836000
1.842000
1.825000
1.847000
1.839000
1.821000
1.857000
1.871000
1.872000
1.876000
1.873000
1.908000
1.911000
1.927000
1.930000
1.926000
1.933000
1.969000
1.989000
1.987000
1.997000
2.002000
1.992000
1.989000
2.004000
1.984000
1.988000
2.022000
1.971000
2.007000
2.004000
1.976000
1.987000
2.001000
2.010000
2.000000
2.022000
2.041000
2.028000
2.014000
2.038000
2.079000
2.080000
2.090000
2.089000
2.094000
2.074000
2.079000
2.077000
2.068000
2.080000
2.091000
2.094000
2.096000
2.082000
2.075000
2.095000
2.122000
2.120000
2.137000
2.122000
2.085000
2.076000
2.056000
2.074000
2.074000
2.070000
2.087000
2.077000
2.047000
2.055000
2.055000
2.065000
2.077000
2.110000
2.123000
2.125000
2.124000
2.120000
2.109000
2.132000
2.126000
2.125000
2.122000
2.144000
2.149000
2.135000
2.133000
2.123000
2.118000
2.134000
2.119000
2.127000
2.113000
2.114000
2.124000
2.106000
2.128000
2.135000
2.133000
2.141000
2.145000
2.145000
2.137000
2.144000
2.155000
2.154000
2.160000
2.182000
2.202000
2.209000
2.194000
2.213000
2.187000
2.163000
2.174000
2.190000
2.190000
2.194000
2.124000
2.132000
2.116000
2.104000
2.116000
2.115000
2.110000
2.126000
2.124000
2.101000
2.112000
2.113000
2.103000
2.100000
2.109000
2.132000
2.163000
2.157000
2.147000
2.161000
2.158000
2.133000
2.118000
2.109000
2.089000
2.107000
2.118000
2.114000
2.145000
2.151000
2.156000
2.165000
2.174000
2.169000
2.185000
2.183000
2.194000
2.207000
2.217000
2.235000
2.235000
2.208000
2.223000
2.205000
2.247000
2.257000
2.272000
2.273000
2.268000
2.254000
2.270000
2.274000
2.261000
2.271000
2.292000
2.295000
2.288000
2.268000
2.285000
2.315000
2.320000
2.321000
2.340000
2.318000
2.325000
2.355000
2.356000
2.354000
2.375000
2.365000
2.357000
2.345000
2.320000
2.355000
2.395000
2.398000
2.408000
2.396000
2.387000
2.364000
2.390000
2.362000
2.355000
2.368000
2.378000
2.399000
2.384000
2.350000
2.366000
2.379000
2.388000
2.384000
2.387000
2.374000
2.360000
2.335000
2.303000
2.314000
2.292000
2.309000
2.314000
2.325000
2.372000
2.366000
2.357000
2.351000
2.337000
2.325000
2.329000
2.348000
2.337000
2.335000
2.321000
2.326000
2.341000
2.361000
2.415000
2.439000
2.453000
2.449000
2.464000
2.436000
2.440000
2.434000
2.447000
2.447000
2.478000
2.462000
2.482000
2.532000
2.545000
2.527000
2.546000
2.552000
2.538000
2.513000
2.545000
2.540000
2.535000
2.520000
2.523000
2.534000
2.532000
2.538000
2.487000
2.490000
2.540000
2.553000
2.562000
2.572000
2.560000
2.538000
2.557000
2.571000
2.596000
2.598000
2.587000
2.566000
2.537000
2.561000
2.565000
2.590000
2.585000
2.541000
2.595000
2.606000
2.598000
2.600000
2.596000
2.608000
2.606000
2.605000
2.586000
2.612000
2.632000
2.623000
2.629000
2.632000
2.645000
2.658000
2.668000
2.667000
2.648000
2.658000
2.675000
2.676000
2.688000
2.675000
2.675000
2.701000
2.692000
2.704000
2.695000
2.689000
2.689000
2.693000
2.709000
2.720000
2.743000
2.775000
2.779000
2.790000
2.794000
2.795000
2.781000
2.792000
2.808000
2.809000
2.814000
2.830000
2.834000
2.859000
2.865000
2.880000
2.870000
2.862000
2.848000
2.839000
2.825000
2.892000
2.905000
2.890000
2.913000
2.954000
2.970000
2.941000
2.918000
2.954000
2.928000
2.967000
2.998000
2.980000
2.875000
2.866000
2.830000
2.848000
2.842000
2.814000
2.828000
2.836000
2.824000
2.826000
2.792000
2.825000
2.879000
2.853000
2.886000
2.888000
2.854000
2.846000
2.886000
2.894000
2.927000
2.929000
2.920000
2.930000
2.881000
2.903000
2.923000
2.962000
2.992000
3.009000
3.008000
3.006000
3.011000
3.011000
3.013000
3.017000
2.993000
3.011000
2.993000
3.026000
3.027000
3.066000
3.099000
3.107000
3.104000
3.098000
3.048000
3.032000
3.037000
2.999000
3.016000
3.015000
2.936000
2.881000
2.869000
2.776000
2.831000
2.858000
2.874000
2.941000
2.941000
2.984000
2.978000
2.970000
2.986000
2.964000
2.965000
2.996000
2.984000
3.013000
3.044000
3.063000
3.029000
3.010000
3.019000
2.991000
3.002000
3.024000
2.998000
2.969000
2.872000
2.879000
2.922000
2.879000
2.896000
2.926000
2.917000
2.892000
2.882000
2.883000
2.924000
2.947000
2.919000
2.897000
2.866000
2.801000
2.830000
2.852000
2.800000
2.784000
2.854000
2.856000
2.797000
2.812000
2.827000
2.843000
2.854000
2.905000
2.920000
2.920000
2.932000
2.909000
2.921000
2.947000
2.952000
2.926000
2.939000
2.964000
2.966000
2.916000
2.905000
2.882000
2.907000
2.881000
2.848000
2.926000
2.879000
2.892000
2.936000
2.937000
2.913000
2.888000
2.857000
2.906000
2.880000
2.854000
2.825000
2.726000
2.759000
2.731000
2.750000
2.717000
2.712000
2.660000
2.627000
2.705000
2.656000
2.644000
2.613000
2.557000
2.561000
2.648000
2.669000
2.645000
2.707000
2.737000
2.723000
2.707000
2.687000
2.684000
2.709000
2.703000
2.748000
2.752000
2.711000
2.705000
2.671000
2.685000
2.638000
2.578000
2.528000
2.479000
2.531000
2.474000
2.543000
2.556000
2.549000
2.531000
2.458000
2.446000
2.403000
2.413000
2.457000
2.434000
2.434000
2.440000
2.508000
2.504000
2.488000
2.465000
2.457000
2.435000
2.448000
2.395000
2.364000
2.383000
2.362000
2.350000
2.337000
2.360000
2.359000
2.334000
2.367000
2.411000
2.411000
2.490000
2.453000
2.474000
2.453000
2.472000
2.374000
2.372000
2.374000
2.274000
2.309000
2.273000
2.243000
2.253000
2.213000
2.283000
2.380000
2.324000
2.318000
2.327000
2.323000
2.265000
2.282000
2.311000
2.323000
2.385000
2.361000
2.357000
2.347000
2.338000
2.309000
2.339000
2.363000
2.344000
2.362000
2.370000
2.396000
2.349000
2.358000
2.350000
2.299000
2.294000
2.282000
2.319000
2.290000
2.314000
2.364000
2.362000
2.355000
2.318000
2.309000
2.287000
2.306000
2.306000
2.350000
2.317000
2.318000
2.295000
2.265000
2.252000
2.230000
2.247000
2.242000
2.245000
2.228000
2.234000
2.198000
2.186000
2.226000
2.234000
2.223000
2.247000
2.235000
2.248000
2.234000
2.264000
2.274000
2.271000
2.301000
2.313000
2.292000
2.297000
2.315000
2.343000
2.342000
2.362000
2.351000
2.372000
2.394000
2.416000
2.417000
2.448000
2.455000
2.397000
2.457000
2.447000
2.456000
2.437000
2.451000
2.556000
2.516000
2.524000
2.521000
2.564000
2.607000
2.634000
2.635000
2.592000
2.512000
2.552000
2.565000
2.553000
2.542000
2.607000
2.689000
2.681000
2.673000
2.665000
2.678000
2.629000
2.627000
2.697000
2.685000
2.772000
2.862000
2.860000
2.877000
2.897000
2.895000
2.922000
2.939000
2.869000
2.860000
2.870000
2.929000
2.916000
2.924000
2.962000
2.859000
2.857000
2.853000
2.804000
2.768000
2.808000
2.806000
2.652000
2.683000
2.656000
2.607000
2.696000
2.660000
2.639000
2.705000
2.719000
2.655000
2.629000
2.675000
2.671000
2.629000
2.640000
2.656000
2.677000
2.658000
2.641000
2.634000
2.632000
2.603000
2.616000
2.603000
2.636000
2.697000
2.680000
2.662000
2.655000
2.649000
2.648000
2.682000
2.760000
2.755000
2.773000
2.752000
2.745000
2.771000
2.766000
2.838000
2.850000
2.840000
2.833000
2.849000
2.790000
2.783000
2.773000
2.775000
2.793000
2.768000
2.758000
2.750000
2.730000
2.773000
2.781000
2.774000
2.785000
2.795000
2.805000
2.797000
2.804000
2.773000
2.729000
2.696000
2.645000
2.623000
2.627000
2.677000
2.647000
2.678000
2.666000
2.673000
2.676000
2.673000
2.721000
2.728000
2.731000
2.733000
2.749000
2.709000
2.766000
2.753000
2.739000
2.728000
2.763000
2.758000
2.800000
2.806000
2.810000
2.835000
2.822000
2.801000
2.830000
2.814000
2.774000
2.804000
2.819000
2.808000
2.776000
2.782000
2.748000
2.731000
2.722000
2.708000
2.749000
2.753000
2.774000
2.795000
2.810000
2.796000
2.813000
2.805000
2.770000
2.784000
2.800000
2.773000
2.772000
2.795000
2.798000
2.813000
2.794000
2.799000
2.902000
2.921000
2.945000
2.919000
2.935000
2.927000
2.866000
2.850000
2.863000
2.887000
2.867000
2.880000
2.921000
2.922000
2.893000
2.859000
2.896000
2.902000
2.882000
2.888000
2.857000
2.872000
2.891000
2.902000
2.915000
2.944000
2.958000
2.963000
2.957000
2.942000
3.001000
3.018000
3.043000
3.046000
3.047000
3.053000
3.032000
3.073000
3.081000
3.113000
3.121000
3.163000
3.169000
3.232000
3.235000
3.201000
3.234000
3.213000
3.257000
3.274000
3.323000
3.299000
3.287000
3.278000
3.294000
3.326000
3.273000
3.295000
3.197000
2.989000
3.100000
3.169000
3.229000
3.201000
3.226000
3.235000
3.238000
3.221000
3.229000
3.271000
3.242000
3.210000
3.268000
3.274000
3.247000
3.224000
3.194000
3.234000
3.143000
3.222000
3.245000
3.249000
3.316000
3.270000
3.147000
3.204000
3.159000
3.088000
3.024000
2.896000
2.878000
2.840000
2.795000
2.879000
2.785000
2.860000
2.992000
2.993000
3.004000
2.981000
3.000000
2.993000
3.037000
3.022000
3.077000
3.052000
3.056000
3.054000
3.060000
3.143000
3.116000
3.157000
3.161000
3.182000
3.150000
3.177000
3.184000
3.149000
3.160000
3.208000
3.220000
3.218000
3.233000
3.224000
3.261000
3.248000
3.277000
3.277000
3.242000
3.234000
3.257000
3.271000
3.255000
3.248000
3.176000
3.197000
3.260000
3.283000
3.272000
3.294000
3.383000
3.387000
3.364000
3.382000
3.414000
3.421000
3.474000
3.498000
3.483000
3.505000
3.459000
3.514000
3.516000
3.525000
3.585000
3.561000
3.613000
3.647000
3.640000
3.682000
3.725000
3.758000
3.761000
3.915000
4.038000
4.047000
4.125000
4.074000
4.241000
4.239000
4.226000
4.000000
4.075000
4.140000
4.197000
4.255000
4.272000
4.062000
4.108000
4.141000
4.277000
4.276000
4.328000
4.408000
4.382000
4.470000
4.425000
4.359000
4.357000
4.299000
4.220000
4.230000
4.299000
4.375000
4.389000
4.298000
4.250000
4.275000
4.328000
4.332000
4.283000
4.309000
4.397000
4.352000
4.365000
4.340000
4.323000
4.269000
4.138000
4.156000
4.053000
4.074000
4.112000
4.122000