1.051000
1.064000
1.070000
1.070000
1.076000
1.085000
1.079000
1.076000
1.078000
1.084000
1.075000
1.066000
1.063000
1.065000
1.048000
1.032000
1.047000
1.057531
1.067049
1.070221
1.063876
1.057531
1.048013
1.059646
1.058589
1.063876
1.049071
1.039553
1.035323
1.032150
1.038495
1.036380
1.046956
1.053301
1.053301
1.060704
1.053301
1.056473
1.053301
1.049071
1.057531
1.052243
1.051186
1.059646
1.062819
1.064934
1.074451
1.078682
1.070221
1.069164
1.052243
1.058589
1.062819
1.075509
1.074451
1.086084
1.096660
1.113580
1.116753
1.126271
1.131558
1.127328
1.128386
1.142133
1.129443
1.123098
1.126271
1.140018
1.138961
1.125213
1.117810
1.119925
1.123098
1.137903
1.131558
1.129443
1.140018
1.164342
1.163284
1.163284
1.179147
1.184435
1.200298
1.193952
1.190780
1.180205
1.183377
1.201355
1.211931
1.206643
1.195010
1.205585
1.210873
1.212988
1.206643
1.205585
1.209815
1.200298
1.188665
1.192895
1.184435
1.190780
1.202413
1.214046
1.223563
1.227793
1.232024
1.234139
1.233081
1.226736
1.239426
1.246829
1.216161
1.224621
1.232024
1.240484
1.220391
1.230966
1.244714
1.242599
1.245772
1.251059
1.256347
1.270095
1.267980
1.259519
1.253174
1.248944
1.260577
1.244714
1.235196
1.251059
1.241541
1.230966
1.215103
1.217218
1.222506
1.247887
1.264807
1.267980
1.260577
1.273267
1.265865
1.265865
1.266922
1.257404
1.270095
1.253174
1.269037
1.270095
1.265865
1.262692
1.258462
1.270095
1.263750
1.266922
1.277497
1.288073
1.290188
1.289130
1.288073
1.280670
1.294418
1.297591
1.330374
1.316626
1.338834
1.294418
1.332489
1.334604
1.339892
1.367388
1.361042
1.348352
1.356812
1.338834
1.292303
1.273267
1.283843
1.299706
1.302878
1.275382
1.262692
1.275382
1.279613
1.322971
1.309223
1.311338
1.304993
1.299706
1.324029
1.319799
1.327201
1.340949
1.322971
1.364215
1.389596
1.416034
1.401229
1.429782
1.427667
1.411804
1.400171
1.390653
1.396998
1.420264
1.414976
1.396998
1.377963
1.363157
1.369503
1.388538
1.395941
1.406516
1.436127
1.440357
1.444587
1.445645
1.461508
1.472083
1.463623
1.486889
1.492176
1.461508
1.477371
1.495349
1.484774
1.480543
1.501694
1.553513
1.570434
1.585239
1.585239
1.593699
1.624368
1.658209
1.682532
1.646576
1.659266
1.661381
1.666669
1.700510
1.721660
1.743869
1.773479
1.739638
1.715315
1.768192
1.803090
1.822126
1.762904
1.795688
1.798860
1.762904
1.825299
1.853852
1.852794
1.846449
1.868657
1.817896
1.878175
1.896153
1.901441
1.847507
1.849622
1.843277
1.928937
2.029402
2.093911
2.097084
2.089681
2.079106
2.137270
2.186974
2.254656
2.322338
2.313878
2.336086
2.436551
2.470392
2.347719
2.381560
2.483083
2.559225
2.583548
2.568743
2.561340
2.478853
2.428091
2.466162
2.491543
2.495773
2.451357
2.384732
2.424919
2.364639
2.280037
2.290612
2.299072
2.223988
2.083336
2.007194
2.093911
2.029402
1.964893
1.900383
1.912016
1.870772
1.806263
1.855967
1.913074
1.977583
1.993446
1.945857
1.954317
1.993446
2.007194
2.028344
2.043150
2.060070
2.042092
1.984986
1.970180
1.994503
1.975468
1.968065
1.952202
1.978641
1.993446
1.986043
2.007194
2.044207
2.047380
2.035747
2.041035
2.049495
2.064301
2.009309
2.021999
1.999791
1.977583
1.917304
1.887693
1.894038
1.923649
1.947972
1.932109
1.927879
1.925764
1.910959
1.932109
1.941627
1.933167
1.925764
1.917304
1.902498
1.932109
1.913074
1.909901
1.919419
1.920476
1.906728
1.912016
1.908843
1.912016
1.905671
1.907786
1.919419
1.925764
1.940569
1.937397
1.932109
1.944800
1.947972
1.950087
1.954317
1.942684
1.951145
1.957490
1.963835
1.961720
1.959605
1.960662
1.956432
1.947972
1.944800
1.967008
1.968065
1.973353
1.982871
1.973353
1.975468
1.976525
1.964893
1.973353
1.971238
1.975468
1.981813
1.977583
1.974410
1.969123
1.974410
1.970180
1.945857
1.943742
1.949030
1.957490
1.969123
1.962778
1.967008
1.955375
1.963835
1.959605
1.953260
1.961720
1.972295
1.970180
1.981813
1.982871
1.999791
2.002964
1.999791
2.000849
1.998734
1.988158
1.991331
1.993446
1.989216
1.949030
1.950087
1.960662
1.921534
1.933167
1.901441
1.902498
1.887693
1.900383
1.884520
1.886635
1.902498
1.891923
1.879233
1.884520
1.888750
1.851737
1.842219
1.831644
1.852794
1.849622
1.862312
1.865485
1.873945
1.867600
1.868657
1.889808
1.887693
1.886635
1.883463
1.892980
1.883463
1.884520
1.847507
1.853852
1.829529
1.834816
1.860197
1.862312
1.863370
1.866542
1.873945
1.878175
1.866542
1.862312
1.873945
1.875002
1.870772
1.886635
1.901441
1.910959
1.904613
1.904613
1.896153
1.905671
1.903556
1.887693
1.918361
1.915189
1.909901
1.931052
1.935282
1.921534
1.919419
1.942684
1.929994
1.945857
1.957490
1.955375
1.942684
1.942684
1.905671
1.886635
1.898268
1.886635
1.910959
1.910959
1.912016
1.918361
1.959605
1.952202
1.954317
1.902498
1.869715
1.870772
1.876060
1.882405
1.875002
1.912016
1.903556
1.864427
1.870772
1.886635
1.904613
1.886635
1.867600
1.881348
1.877118
1.877118
1.944800
1.955375
1.965950
1.992388
2.006136
2.001906
1.982871
1.903556
1.917304
1.976525
1.968065
1.983928
2.011424
1.978641
1.998734
1.980756
1.975468
2.019884
2.031517
2.023057
2.033632
2.019884
2.042092
2.043150
2.045265
2.043150
2.033632
2.035747
2.056898
2.076991
2.065358
2.052668
2.028344
2.032575
2.032575
2.028344
2.002964
2.008251
2.037862
1.983928
1.997676
1.992388
1.979698
1.994503
1.997676
2.014597
2.009309
2.025172
2.039977
2.025172
2.006136
2.016712
2.061128
2.073818
2.070646
2.051610
2.054783
2.038920
2.035747
2.044207
2.036805
2.046322
2.046322
2.047380
2.041035
2.034690
2.025172
2.035747
2.067473
2.059013
2.062185
2.055840
2.020942
2.032575
2.025172
2.050553
2.050553
2.064301
2.063243
2.055840
2.025172
2.036805
2.048438
2.062185
2.071703
2.112947
2.115062
2.110832
2.108717
2.106602
2.083336
2.107659
2.097084
2.102372
2.084394
2.090739
2.092854
2.080163
2.080163
2.070646
2.066416
2.080163
2.061128
2.062185
2.048438
2.033632
2.053725
2.051610
2.063243
2.051610
2.060070
2.067473
2.081221
2.063243
2.053725
2.046322
2.064301
2.047380
2.034690
2.053725
2.051610
2.047380
2.044207
2.045265
2.039977
2.047380
2.041035
2.047380
2.036805
2.012481
1.942684
1.976525
1.947972
1.960662
1.980756
1.969123
1.952202
1.963835
1.970180
1.950087
1.964893
1.971238
1.961720
1.964893
1.975468
1.968065
1.982871
1.972295
1.941627
1.939512
1.937397
1.909901
1.899326
1.884520
1.868657
1.903556
1.895096
1.892980
1.923649
1.928937
1.921534
1.931052
1.939512
1.934224
1.946915
1.941627
1.953260
1.958547
1.951145
1.964893
1.967008
1.955375
1.964893
1.949030
1.969123
1.980756
1.984986
1.979698
1.986043
1.972295
1.974410
1.984986
1.971238
1.982871
2.014597
2.027287
2.027287
2.012481
2.016712
2.039977
2.027287
2.029402
2.033632
2.013539
2.021999
2.039977
2.051610
2.076991
2.087566
2.065358
2.069588
2.060070
2.038920
2.056898
2.076991
2.070646
2.076991
2.059013
2.057955
2.052668
2.062185
2.034690
2.026229
2.025172
2.028344
2.060070
2.046322
2.015654
2.037862
2.044207
2.054783
2.053725
2.052668
2.041035
2.035747
2.020942
1.987101
2.004021
1.998734
2.013539
2.015654
2.031517
2.078048
2.062185
2.053725
2.047380
2.046322
2.034690
2.021999
2.024114
2.012481
2.016712
2.005079
2.000849
2.020942
2.046322
2.085451
2.099199
2.105544
2.104487
2.106602
2.092854
2.093911
2.101314
2.122465
2.124580
2.148903
2.134098
2.152076
2.175341
2.167939
2.145730
2.155248
2.165823
2.156306
2.148903
2.177456
2.172169
2.143615
2.120350
2.115062
2.124580
2.112947
2.117177
2.064301
2.075933
2.114004
2.137270
2.127752
2.142558
2.140443
2.105544
2.154191
2.160536
2.160536
2.165823
2.151018
2.125637
2.119292
2.138328
2.153133
2.161593
2.157363
2.135155
2.192262
2.202837
2.215527
2.210240
2.212355
2.213412
2.202837
2.208125
2.180629
2.190147
2.226103
2.226103
2.238793
2.235621
2.254656
2.268404
2.284267
2.273692
2.258886
2.247253
2.264174
2.259944
2.272634
2.257829
2.268404
2.286382
2.270519
2.288497
2.278979
2.284267
2.275807
2.268404
2.294842
2.314935
2.325511
2.350891
2.366754
2.372042
2.400595
2.434436
2.423861
2.425976
2.446069
2.445012
2.425976
2.446069
2.468277
2.492601
2.494716
2.502118
2.501061
2.507406
2.492601
2.486255
2.486255
2.539132
2.553937
2.527499
2.565570
2.616332
2.663921
2.600469
2.596239
2.631137
2.583548
2.631137
2.676611
2.641712
2.525384
2.512694
2.445012
2.477795
2.459817
2.417516
2.442897
2.468277
2.434436
2.439724
2.406941
2.458760
2.513751
2.496831
2.519039
2.517981
2.493658
2.505291
2.540189
2.554995
2.575088
2.552880
2.535959
2.530672
2.480968
2.498946
2.508464
2.527499
2.543362
2.551822
2.537017
2.516924
2.550765
2.542305
2.532787
2.534902
2.511636
2.515866
2.521154
2.514809
2.506348
2.559225
2.561340
2.557110
2.529614
2.531729
2.477795
2.479910
2.480968
2.425976
2.446069
2.410113
2.310705
2.274749
2.306475
2.218700
2.287440
2.322338
2.348776
2.392135
2.385790
2.434436
2.433379
2.422804
2.447127
2.423861
2.445012
2.485198
2.482025
2.504233
2.557110
2.579318
2.548650
2.529614
2.550765
2.513751
2.561340
2.582491
2.557110
2.526442
2.439724
2.485198
2.544420
2.494716
2.498946
2.553937
2.564513
2.535959
2.520096
2.508464
2.526442
2.528557
2.506348
2.497888
2.503176
2.454529
2.451357
2.470392
2.432321
2.401653
2.469335
2.479910
2.440782
2.450299
2.432321
2.471450
2.479910
2.519039
2.520096
2.510579
2.517981
2.487313
2.494716
2.511636
2.505291
2.482025
2.488370
2.514809
2.522211
2.494716
2.476738
2.453472
2.453472
2.448184
2.411171
2.450299
2.416458
2.419631
2.475680
2.485198
2.472507
2.445012
2.425976
2.452414
2.434436
2.417516
2.388963
2.264174
2.319165
2.277922
2.305418
2.287440
2.301187
2.255714
2.220815
2.313878
2.287440
2.296957
2.268404
2.207067
2.218700
2.278979
2.301187
2.284267
2.345604
2.363582
2.369927
2.358294
2.338201
2.315993
2.330798
2.325511
2.340316
2.347719
2.310705
2.304360
2.257829
2.249368
2.215527
2.177456
2.124580
2.067473
2.115062
2.066416
2.151018
2.177456
2.212355
2.211297
2.167939
2.159478
2.100257
2.090739
2.149961
2.147845
2.173226
2.174284
2.230333
2.227160
2.209182
2.186974
2.152076
2.154191
2.195434
2.162651
2.139385
2.145730
2.103429
2.112947
2.079106
2.091796
2.062185
2.034690
2.074876
2.115062
2.105544
2.147845
2.143615
2.170054
2.152076
2.168996
2.069588
2.059013
2.042092
1.935282
1.953260
1.932109
1.891923
1.901441
1.861255
1.946915
2.036805
1.992388
1.963835
1.937397
1.900383
1.853852
1.878175
1.909901
1.927879
2.015654
2.001906
2.002964
2.000849
1.976525
1.979698
2.016712
2.052668
2.031517
2.047380
2.047380
2.048438
2.013539
2.027287
2.023057
1.976525
1.961720
1.974410
1.991331
1.964893
1.990273
2.054783
2.076991
2.086509
2.019884
1.992388
1.978641
1.986043
1.987101
2.011424
1.962778
1.945857
1.931052
1.892980
1.892980
1.877118
1.910959
1.921534
1.915189
1.907786
1.917304
1.886635
1.850679
1.890865
1.913074
1.912016
1.922591
1.923649
1.931052
1.914131
1.952202
1.957490
1.940569
1.972295
1.988158
1.956432
1.967008
1.978641
1.984986
1.983928
1.976525
1.961720
1.972295
2.013539
2.061128
2.080163
2.112947
2.109774
2.085451
2.155248
2.139385
2.124580
2.119292
2.188032
2.290612
2.267346
2.245138
2.282152
2.305418
2.332913
2.355122
2.360409
2.336086
2.288497
2.360409
2.377330
2.342431
2.336086
2.367812
2.452414
2.448184
2.440782
2.439724
2.442897
2.410113
2.364639
2.402710
2.420688
2.487313
2.553937
2.529614
2.545477
2.554995
2.531729
2.544420
2.578261
2.519039
2.510579
2.497888
2.538074
2.540189
2.552880
2.595181
2.565570
2.561340
2.579318
2.543362
2.578261
2.620562
2.613159
2.476738
2.527499
2.501061
2.451357
2.561340
2.549707
2.530672
2.602584
2.630080
2.571915
2.541247
2.569800
2.579318
2.514809
2.505291
2.534902
2.549707
2.556052
2.551822
2.549707
2.535959
2.506348
2.494716
2.466162
2.505291
2.579318
2.551822
2.554995
2.538074
2.524326
2.538074
2.583548
2.660748
2.688244
2.696704
2.691416
2.709394
2.758041
2.758041
2.854276
2.852161
2.811975
2.773904
2.807745
2.756983
2.751696
2.760156
2.753811
2.760156
2.781307
2.745350
2.756983
2.709394
2.740063
2.750638
2.768616
2.797169
2.811975
2.836298
2.832068
2.839471
2.820435
2.796112
2.791882
2.740063
2.730545
2.733718
2.791882
2.783422
2.831010
2.813032
2.828895
2.853219
2.873312
2.939936
2.925131
2.924073
2.939936
2.982237
2.964259
3.002331
2.982237
2.988583
2.988583
3.018193
3.015021
3.004446
3.019251
3.025596
3.087991
3.076358
3.030884
3.044632
3.052034
3.009733
3.037229
3.058380
3.064725
3.031941
3.058380
3.034056
2.971858
2.983053
2.968126
2.983053
2.983053
3.048984
3.044008
3.058936
3.081328
3.076352
3.081328
3.060180
3.037788
3.080084
3.046496
3.022861
3.052716
3.097499
3.087547
3.075108
3.075108
3.129843
3.165918
3.178358
3.157210
3.174626
3.183334
3.131087
3.133574
3.175870
3.200749
3.189553
3.205725
3.261704
3.270412
3.231849
3.153478
3.121135
3.131087
3.121135
3.108695
3.063912
3.046496
3.057692
3.071376
3.117403
3.159698
3.141038
3.165918
3.148502
3.146014
3.199505
3.238068
3.249264
3.240556
3.241800
3.204481
3.170894
3.208213
3.226873
3.226873
3.209457
3.251752
3.270412
3.302755
3.284096
3.289071
3.343806
3.321415
3.414713
3.410981
3.473180
3.450788
3.463228
3.483132
3.496815
3.550306
3.508011
3.556526
3.464472
3.234337
3.412225
3.465716
3.590114
3.629921
3.634897
3.652312
3.715755
3.664752
3.661020
3.764270
3.799101
3.736903
3.815273
3.870008
3.921011
3.955842
3.770490
3.800345
3.654800
3.760538
3.821493
3.796613
3.830201
3.815273
3.664752
3.768002
3.694607
3.610017
3.583894
3.389833
3.371174
3.325147
3.316439
3.367442
3.239312
3.313951
3.423421
3.445812
3.430885
3.357490
3.389833
3.368686
3.439592
3.422177
3.509255
3.508011
3.541598
3.471936
3.444568
3.529159
3.521695
3.549062
3.573942
3.603797
3.581406
3.626189
3.622457
3.606285
3.628677
3.654800
3.632409
3.684656
3.746854
3.772978
3.828957
3.817761
3.860056
3.877472
3.868764
3.856324
3.889912
3.948378
3.897375
3.889912
3.792882
3.825225
3.882448
3.812785
3.801589
3.867520
3.976990
3.929719
3.944647
3.979478
3.999381
3.980722
4.018041
4.059092
4.036701
4.060336
4.034213
4.115071
4.137463
4.151147
4.209613
4.214589
4.292960
4.307887
4.310375
4.416113
4.442237
4.403674
4.424821
4.508168
4.643761
4.704716
4.871408
4.892556
4.998294
4.954755
4.944803
4.683568
4.737059
4.760695
4.856481
4.901264
4.933607
4.709692
4.740791
4.820405
4.937339
4.912460
4.969682
5.051785
5.008246
5.115228
5.067957
4.974658
4.948535
4.897532
4.811698
4.825381
4.916191
4.955999
5.003270
4.907484
4.873896
4.932363
5.024417
5.051785
5.020685
5.132643
5.215990
5.171206
5.211014
5.228429
5.142595
5.072932
4.919923
4.903752
4.743279
4.749499
4.845285
4.844041
4.896288