1.000000
1.000000
1.001000
1.001000
1.001000
1.001000
1.001000
1.002000
1.002000
1.002000
1.002000
1.002000
1.001000
1.001000
1.001000
1.001000
1.001000
1.002000
1.002000
1.002000
1.002000
1.002000
1.011000
1.011000
1.011000
1.011000
1.011000
1.017000
1.017000
1.017000
1.017000
1.017000
1.013000
1.010000
1.009000
1.011000
1.012000
1.014000
1.011000
1.008000
1.015000
1.024000
1.027000
1.027000
1.019000
1.020000
1.013000
1.020000
1.014000
1.004000
1.010000
1.017000
1.014000
1.012000
1.017000
1.010000
0.994000
1.000000
1.019000
1.017000
1.025000
1.033000
1.020000
1.034000
1.036000
1.027000
1.017000
1.027000
1.028000
1.020000
1.016000
1.021000
1.021000
1.026000
1.027000
1.026000
1.042000
1.034000
1.036000
1.033000
1.030000
1.034000
1.037000
1.037000
1.036000
1.035000
1.033000
1.033000
1.030000
1.032000
1.034000
1.028000
1.031000
1.028000
1.030000
1.037000
1.042000
1.042000
1.047000
1.041000
1.044000
1.048000
1.050000
1.060000
1.066000
1.056000
1.057000
1.063000
1.062000
1.056000
1.064000
1.067000
1.070000
1.073000
1.073000
1.075000
1.078000
1.087000
1.084000
1.082000
1.083000
1.077000
1.083000
1.084000
1.096000
1.098000
1.101000
1.102000
1.100000
1.097000
1.098000
1.098000
1.087000
1.092000
1.086000
1.086000
1.095000
1.094000
1.096000
1.088000
1.088000
1.084000
1.084000
1.083000
1.088000
1.082000
1.080000
1.075000
1.085000
1.093000
1.096000
1.105000
1.105000
1.099000
1.108000
1.108000
1.107000
1.118000
1.119000
1.117000
1.121000
1.118000
1.102000
1.123000
1.115000
1.128000
1.136000
1.150000
1.145000
1.141000
1.144000
1.143000
1.152000
1.155000
1.154000
1.152000
1.153000
1.146000
1.137000
1.150000
1.152000
1.148000
1.152000
1.155000
1.147000
1.139000
1.133000
1.116000
1.123000
1.126000
1.145000
1.128000
1.115000
1.132000
1.141000
1.141000
1.141000
1.143000
1.145000
1.145000
1.146000
1.147000
1.146000
1.144000
1.144000
1.146000
1.145000
1.145000
1.145000
1.144000
1.144000
1.143000
1.144000
1.144000
1.144000
1.144000
1.145000
1.145000
1.145000
1.144000
1.145000
1.144000
1.143000
1.143000
1.143000
1.142000
1.143000
1.143000
1.143000
1.143000
1.143000
1.142000
1.142000
1.143000
1.143000
1.143000
1.143000
1.142000
1.142000
1.142000
1.143000
1.143000
1.143000
1.143000
1.143000
1.143000
1.143000
1.144000
1.143000
1.143000
1.144000
1.144000
1.144000
1.144000
1.144000
1.144000
1.145000
1.145000
1.144000
1.144000
1.145000
1.145000
1.145000
1.145000
1.145000
1.145000
1.144000
1.144000
1.144000
1.144000
1.144000
1.144000
1.145000
1.145000
1.145000
1.144000
1.145000
1.146000
1.145000
1.145000
1.146000
1.146000
1.146000
1.145900
1.146100
1.145200
1.145300
1.145300
1.145100
1.145200
1.145300
1.145700
1.145500
1.145700
1.145900
1.145500
1.145500
1.145700
1.145800
1.146100
1.146200
1.146400
1.146800
1.146700
1.147000
1.147700
1.147600
1.148000
1.148800
1.149100
1.148500
1.150400
1.150600
1.149700
1.151200
1.151200
1.151600
1.151600
1.152400
1.152500
1.152300
1.152700
1.153100
1.152600
1.153000
1.153400
1.152600
1.152800
1.152300
1.152600
1.153600
1.153500
1.153600
1.154000
1.154200
1.154700
1.154900
1.155000
1.155100
1.155300
1.155700
1.157200
1.157500
1.157000
1.157300
1.157600
1.157400
1.157500
1.157500
1.157600
1.157800
1.157900
1.157900
1.157400
1.157900
1.157900
1.158400
1.158400
1.158300
1.158600
1.160100
1.160100
1.160500
1.160100
1.160500
1.160500
1.160600
1.160800
1.161000
1.161100
1.161300
1.161500
1.161600
1.161900
1.162000
1.162200
1.161900
1.162200
1.162300
1.162300
1.162500
1.162700
1.162300
1.162600
1.162700
1.163000
1.163000
1.163300
1.163200
1.163500
1.163600
1.163700
1.163500
1.163600
1.163600
1.163700
1.163800
1.163700
1.164000
1.163900
1.164000
1.163900
1.164000
1.164300
1.164300
1.164400
1.164600
1.164600
1.164800
1.165100
1.165100
1.165400
1.165400
1.165800
1.166000
1.166100
1.165900
1.166600
1.167100
1.167400
1.168000
1.168100
1.168200
1.168500
1.168700
1.168900
1.169300
1.169500
1.169800
1.169800
1.170100
1.170200
1.170500
1.170900
1.171000
1.171100
1.171100
1.171400
1.171300
1.171900
1.172600
1.172900
1.173300
1.173300
1.173400
1.173400
1.173600
1.173800
1.174200
1.174000
1.174000
1.174200
1.174400
1.174500
1.174700
1.174600
1.175000
1.175200
1.175100
1.175000
1.175700
1.176000
1.176300
1.176500
1.177000
1.177200
1.177400
1.178100
1.178300
1.178600
1.178900
1.179300
1.179400
1.179200
1.179200
1.179500
1.179600
1.179900
1.179900
1.180300
1.179700
1.180500
1.180300
1.180300
1.180700
1.180600
1.180400
1.180400
1.180400
1.180000
1.180400
1.180100
1.180200
1.180300
1.181000
1.181200
1.181400
1.181400
1.181400
1.181300
1.181500
1.181500
1.181700
1.182000
1.182000
1.182400
1.182400
1.182600
1.182600
1.182900
1.183100
1.183000
1.183400
1.183700
1.184000
1.183900
1.183700
1.184100
1.184200
1.184400
1.184500
1.184800
1.185600
1.185000
1.185400
1.185700
1.185800
1.186700
1.186800
1.186600
1.186700
1.186700
1.187500
1.187200
1.187200
1.187200
1.187800
1.187600
1.188200
1.188100
1.188000
1.187764
1.188589
1.189650
1.189885
1.190710
1.190475
1.190357
1.189767
1.189414
1.189060
1.189178
1.189296
1.190121
1.190003
1.189885
1.190239
1.190357
1.190946
1.191064
1.190946
1.191300
1.191535
1.192596
1.192125
1.192007
1.191535
1.191889
1.192596
1.193657
1.194010
1.193892
1.194482
1.195307
1.195071
1.195071
1.195189
1.195542
1.196367
1.196957
1.196603
1.197192
1.196485
1.198017
1.198253
1.198607
1.198017
1.197900
1.197664
1.198607
1.198253
1.197900
1.198607
1.198725
1.198842
1.198371
1.198725
1.198607
1.198960
1.199903
1.200257
1.199785
1.200021
1.201789
1.202967
1.203085
1.203321
1.202496
1.202142
1.202614
1.202967
1.203085
1.204028
1.204028
1.205914
1.206621
1.206503
1.208153
1.208153
1.208153
1.208035
1.207800
1.206621
1.207682
1.207564
1.208625
1.208035
1.207800
1.208389
1.208742
1.209096
1.208860
1.208978
1.208625
1.208625
1.208625
1.208978
1.208860
1.210157
1.210510
1.210746
1.210864
1.209450
1.210039
1.210039
1.210628
1.211217
1.211807
1.211335
1.210982
1.212514
1.212632
1.212160
1.212632
1.214164
1.214164
1.214753
1.215225
1.215932
1.215696
1.215342
1.215225
1.214989
1.216403
1.216050
1.218642
1.216521
1.218878
1.218525
1.219585
1.218525
1.219114
1.219232
1.219232
1.219232
1.219703
1.219939
1.220175
1.220057
1.220410
1.223003
1.222885
1.223239
1.221589
1.223357
1.223592
1.222767
1.222767
1.223121
1.223357
1.223475
1.222532
1.222885
1.222885
1.224771
1.222767
1.222414
1.222178
1.222532
1.223710
1.223710
1.224182
1.223121
1.224182
1.225832
1.224889
1.224771
1.223946
1.224300
1.224064
1.222650
1.222414
1.222178
1.223475
1.224535
1.223946
1.223710
1.224182
1.225950
1.225125
1.225007
1.224064
1.225360
1.223946
1.223475
1.222767
1.223475
1.223946
1.222296
1.223357
1.222532
1.223239
1.225478
1.225360
1.225242
1.224417
1.223946
1.224064
1.224064
1.224064
1.224653
1.226067
1.223828
1.224182
1.225242
1.229367
1.228660
1.227482
1.226539
1.228778
1.227010
1.224535
1.226657
1.228071
1.225007
1.222178
1.223946
1.226421
1.222532
1.221942
1.220292
1.224182
1.223828
1.223592
1.223239
1.224417
1.225950
1.229839
1.232432
1.231253
1.233021
1.225360
1.229014
1.231489
1.230310
1.229957
1.230546
1.228189
1.229367
1.231135
1.233846
1.229603
1.228896
1.231489
1.227128
1.230664
1.230310
1.229839
1.231135
1.231371
1.233492
1.232432
1.232667
1.234789
1.233492
1.232550
1.233964
1.234789
1.235732
1.234553
1.236321
1.235732
1.237264
1.238089
1.241389
1.238796
1.239032
1.239032
1.242803
1.242096
1.243039
1.241389
1.244453
1.245514
1.245396
1.242450
1.242214
1.242685
1.239739
1.246692
1.251407
1.250700
1.255296
1.252939
1.247517
1.244689
1.252232
1.243628
1.245514
1.245750
1.248814
1.249167
1.246575
1.245160
1.243392
1.246928
1.244100
1.246457
1.246575
1.245514
1.246575
1.245160
1.244100
1.243392
1.244453
1.247635
1.244689
1.247046
1.246928
1.245867
1.246221
1.258478
1.246221
1.244453
1.242567
1.243157
1.241978
1.242803
1.242214
1.242214
1.242921
1.244689
1.242332
1.241271
1.240800
1.240917
1.238560
1.240092
1.240564
1.241507
1.241625
1.240328
1.238678
1.239975
1.237500
1.239975
1.238796
1.239975
1.239975
1.239621
1.242096
1.241978
1.241035
1.242803
1.243275
1.240917
1.241389
1.241625
1.240446
1.241507
1.239975
1.239621
1.242567
1.242450
1.241035
1.240682
1.243392
1.243982
1.244335
1.246457
1.245867
1.246457
1.249167
1.248814
1.246928
1.248107
1.248696
1.249403
1.253410
1.250935
1.251289
1.252939
1.250464
1.251760
1.252939
1.250346
1.249757
1.252114
1.251760
1.251407
1.251878
1.250464
1.251053
1.251642
1.252114
1.247753
1.250228
1.251642
1.252821
1.251289
1.251289
1.249875
1.250700
1.249992
1.251171
1.251053
1.250228
1.253057
1.251996
1.251407
1.255885
1.251407
1.252350
1.256239
1.255885
1.254825
1.255296
1.254117
1.253292
1.252114
1.248814
1.250935
1.250700
1.249757
1.249521
1.248342
1.249757
1.252703
1.252821
1.251407
1.250464
1.250817
1.250817
1.249521
1.248342
1.247871
1.250110
1.248932
1.249050
1.246928
1.247164
1.245396
1.242803
1.245514
1.244217
1.244335
1.245750
1.244335
1.245867
1.244807
1.247517
1.242685
1.245750
1.242803
1.245985
1.245985
1.244335
1.242096
1.240917
1.238914
1.243157
1.242096
1.242096
1.241625
1.243510
1.245160
1.242921
1.241035
1.242450
1.241625
1.242685
1.243275
1.243275
1.244100
1.243746
1.242450
1.243864
1.241153
1.243746
1.243039
1.241389
1.244453
1.243039
1.245042
1.243628
1.243746
1.246103
1.245867
1.245278
1.244335
1.245632
1.245042
1.244571
1.243039
1.241742
1.241389
1.239975
1.243275
1.242214
1.242567
1.242567
1.245278
1.245514
1.245514
1.245632
1.246810
1.245750
1.245867
1.244807
1.244217
1.247635
1.245867
1.244571
1.245160
1.243746
1.242332
1.242332
1.242332
1.243275
1.242921
1.245632
1.246103
1.242921
1.247282
1.248107
1.246103
1.247282
1.245514
1.245985
1.248342
1.249167
1.246221
1.255296
1.251996
1.252821
1.251760
1.247517
1.244217
1.239032
1.243628
1.241625
1.240917
1.239267
1.244689
1.236557
1.229485
1.237146
1.234789
1.242450
1.235732
1.236203
1.243864
1.232078
1.224653
1.238796
1.241153
1.238914
1.236792
1.237028
1.237028
1.235732
1.235967
1.233610
1.234200
1.232903
1.235025
1.238678
1.236792
1.235260
1.235614
1.237028
1.237617
1.234553
1.237146
1.241742
1.239150
1.235025
1.238442
1.239032
1.248578
1.246575
1.245632
1.252467
1.248814
1.242921
1.246928
1.236439
1.238678
1.240446
1.245514
1.245632
1.241035
1.235967
1.233846
1.241978
1.240682
1.235496
1.241389
1.244571
1.240328
1.237146
1.237853
1.239739
1.233964
1.234907
1.235260
1.243157
1.236321
1.239621
1.239857
1.238560
1.237382
1.236203
1.235732
1.238560
1.236792
1.237971
1.236203
1.237500
1.237028
1.240446
1.239857
1.244925
1.245750
1.247635
1.246692
1.244571
1.249167
1.248107
1.249521
1.248342
1.245632
1.247517
1.248578
1.247517
1.249757
1.250346
1.252114
1.251053
1.251171
1.247989
1.247871
1.245750
1.250110
1.291360
1.292892
1.295250
1.295485
1.294425
1.295014
1.294189
1.293010
1.294307
1.295721
1.292657
1.298903
1.299964
1.310217
1.308214
1.315639
1.312103
1.309039
1.310689
1.308803
1.308450
1.307625
1.307860
1.309157
1.310925
1.312221
1.310217
1.310217
1.312575
1.313753
1.310217
1.311278
1.310453
1.306210
1.309039
1.309392
1.304442
1.301850
1.303382
1.305739
1.305739
1.307271
1.308803
1.309039
1.308803
1.311632
1.311042
1.311278
1.314696
1.310571
1.313635
1.313753
1.315285
1.313753
1.312810
1.310571
1.311042
1.314342
1.314460
1.316110
1.315757
1.315521
1.314578
1.313989
1.313753
1.313282
1.318232
1.317407
1.316228
1.317171
1.316817
1.319646
1.319764
1.319528
1.319292
1.323182
1.327425
1.325421
1.324714
1.328839
1.332257
1.331903
1.332728
1.332375
1.331432
1.331196
1.329782
1.328485
1.326835
1.328367
1.328367
1.325657
1.326717
1.328957
1.328721
1.329664
1.330017
1.329546
1.330489
1.330725
1.323771
1.323300
1.324360
1.321178
1.322828
1.324950
1.327307
1.328367
1.326246
1.329192
1.330607
1.329782
1.330135
1.332846
1.332375
1.329075
1.334142
1.332021
1.334850
1.330725
1.331314
1.330607
1.332139
1.335792
1.335439
1.339328
1.344985
1.356417
1.351467
1.353707
1.349700
1.352410
1.356417
1.355946
1.361367
1.358892
1.360660
1.357242
1.360425
1.358892
1.361839
1.365375
1.365492
1.370796
1.362900
1.369853
1.369264
1.366789
1.370678
1.373742
1.372564
1.369853
1.370796
1.371739
1.369853
1.371150
1.371385
1.366789
1.367850
1.364667
1.366435
1.370089
1.366435
1.370089
1.370442
1.371975
1.370442
1.373035
1.372564
1.371857
1.373742
1.371032
1.371032
1.372092
1.372682
1.372682
1.372564
1.376924
1.373507
1.374803
1.375746
1.381285
1.382464
1.384114
1.383289
1.381757
1.382582
1.383642
1.384349
1.381049
1.381874
1.381874
1.381049
1.380578
1.382464
1.383407
1.382228
1.381757
1.381167
1.382582
1.381757
1.381639
1.380696
1.381992
1.383053
1.382346
1.382582
1.382935
1.382817
1.382228
1.382110
1.382699
1.383289
1.383171
1.384467
1.387296
1.388828
1.389064
1.389889
1.391067
1.391303
1.390596
1.390242
1.391892
1.394249
1.394839
1.396371
1.399317
1.400024
1.397078
1.398257
1.395192
1.396607
1.404385
1.408157
1.405092
1.410042
1.414285
1.411339
1.423242
1.430785
1.436914
1.436560
1.435971
1.436678
1.434203
1.436207
1.437857
1.436442
1.434910
1.438210
1.437857
1.435971
1.439153
1.440685
1.437149
1.435617
1.433849
1.434910
1.434439
1.435971
1.435971
1.437974
1.434203
1.434910
1.437032
1.439978
1.441039
1.439978
1.440803
1.442571
1.440803
1.443985
1.443867
1.443042
1.442099
1.437974
1.439153
1.436914
1.437739
1.440214
1.441746
1.441628
1.441274
1.439507
1.440214
1.438917
1.439271
1.440567
1.438917
1.438799
1.440096
1.439742
1.441982
1.444103
1.444103
1.444221
1.443514
1.444457
1.444574
1.444339
1.445445
1.445076
1.443970
1.441144
1.442864
1.442987
1.442741
1.442619
1.442250
1.443233
1.443356
1.443847
1.444339
1.443970
1.442864
1.442496
1.440284
1.442004
1.440776
1.440776
1.439424
1.438318
1.438195
1.438564
1.438564
1.437335
1.435369
1.437089
1.438564
1.434386
1.436967
1.435369
1.434755
1.435369
1.434878
1.435001
1.433158
1.436721
1.437950
1.438195
1.437212
1.438564
1.438810
1.441390
1.442004
1.440776
1.443847
1.443724
1.442741
1.443970
1.440407
1.444953
1.444830
1.445936
1.450359
1.453063
1.460803
1.453431
1.452202
1.460435
1.454046
1.443356
1.448639
1.449622
1.449745
1.453923
1.454906
1.461786
1.466455
1.456626
1.461049
1.454168
1.458837
1.459206
1.463261
1.460435
1.461541
1.460803
1.464735
1.467070
1.465595
1.464367
1.459820
1.447656
1.452571
1.448885
1.450359
1.446059
1.451219
1.454046
1.455397
1.451342
1.443970
1.446919
1.444339
1.444093
1.451097
1.450728
1.452571
1.452817
1.450359
1.452080
1.452325
1.449991
1.448393
1.442619
1.441758
1.441144
1.444707
1.445445
1.445199
1.442373
1.441513
1.441513