1.000000
1.000000
1.004000
1.004000
1.005000
1.005000
1.005000
1.005000
1.005000
1.005000
1.005000
1.005000
1.005000
1.005000
1.005000
1.007000
1.007000
1.008000
1.009000
1.009000
1.010000
1.013000
1.014000
1.015000
1.016000
1.018000
1.019000
1.020000
1.020000
1.020000
1.020000
1.020000
1.020000
1.020000
1.020000
1.051000
1.051000
1.052000
1.052000
1.060000
1.060000
1.061000
1.061000
1.061000
1.061000
1.061000
1.061000
1.063000
1.064000
1.064000
1.065000
1.065000
1.065000
1.065000
1.065000
1.065000
1.065000
1.065000
1.065000
1.065000
1.065000
1.076000
1.077000
1.076000
1.077000
1.077000
1.076000
1.076000
1.076000
1.076000
1.076000
1.076000
1.076000
1.076000
1.076000
1.076000
1.076000
1.076000
1.076000
1.076000
1.077000
1.077000
1.077000
1.077000
1.077000
1.079000
1.079000
1.079000
1.079000
1.079000
1.079000
1.080000
1.079000
1.080000
1.080000
1.080000
1.080000
1.080000
1.080000
1.080000
1.080000
1.080000
1.080000
1.080000
1.080000
1.081000
1.081000
1.081000
1.081000
1.081000
1.081000
1.081000
1.081000
1.081000
1.081000
1.081000
1.081000
1.081000
1.080000
1.081000
1.082000
1.081000
1.081000
1.082000
1.082000
1.082000
1.082000
1.082000
1.082000
1.081000
1.081000
1.081000
1.081000
1.081000
1.081000
1.081000
1.081000
1.081000
1.081000
1.081000
1.082000
1.082000
1.082000
1.084000
1.084000
1.085000
1.086000
1.086000
1.088000
1.088000
1.122000
1.145000
1.158000
1.171000
1.183000
1.194000
1.207000
1.221000
1.236000
1.243000
1.241000
1.240000
1.243000
1.247000
1.251000
1.253000
1.255000
1.257000
1.258000
1.259000
1.259000
1.258000
1.258000
1.258000
1.258000
1.258000
1.258000
1.258000
1.258000
1.259000
1.259000
1.259000
1.259000
1.260000
1.260000
1.260000
1.260000
1.260000
1.260000
1.260000
1.260000
1.260000
1.260000
1.261000
1.261000
1.261000
1.261000
1.261000
1.261000
1.261000
1.261000
1.261000
1.262000
1.262000
1.262000
1.262000
1.262000
1.262000
1.262000
1.262000
1.262000
1.262000
1.262000
1.262000
1.262000
1.262000
1.262000
1.262000
1.262000
1.262000
1.262000
1.262000
1.262000
1.262000
1.262000
1.262000
1.262000
1.262000
1.261000
1.262000
1.262000
1.262000
1.262000
1.262000
1.262000
1.262000
1.262000
1.262000
1.263000
1.263000
1.262000
1.263000
1.263000
1.263000
1.263000
1.263000
1.263000
1.263000
1.263000
1.263000
1.263000
1.263000
1.263000
1.263000
1.263000
1.264000
1.263000
1.263000
1.264000
1.264000
1.264000
1.264000
1.264000
1.264000
1.264000
1.264000
1.264000
1.264000
1.264000
1.264000
1.264000
1.264000
1.264000
1.265000
1.265000
1.265000
1.265000
1.265000
1.265000
1.266000
1.266000
1.266000
1.266000
1.266000
1.266000
1.266000
1.266000
1.266000
1.266000
1.266000
1.266000
1.266000
1.266000
1.266000
1.266000
1.266000
1.266000
1.267000
1.267000
1.267000
1.268000
1.268000
1.268000
1.268000
1.269000
1.271000
1.271000
1.271000
1.271000
1.271000
1.270000
1.271000
1.270000
1.270000
1.270000
1.270000
1.270000
1.271000
1.270000
1.271000
1.271000
1.271000
1.271000
1.271000
1.271000
1.271000
1.271000
1.271000
1.271000
1.271000
1.271000
1.271000
1.271000
1.271000
1.271000
1.271000
1.271000
1.271000
1.273000
1.273000
1.273000
1.273000
1.274000
1.274000
1.274000
1.274000
1.275000
1.276000
1.277000
1.276000
1.275000
1.274000
1.275000
1.274000
1.275000
1.274000
1.275000
1.275000
1.275000
1.276000
1.276000
1.276000
1.276000
1.276000
1.275000
1.275000
1.274000
1.273000
1.273000
1.274000
1.274000
1.274000
1.275000
1.276000
1.275000
1.272000
1.271000
1.270000
1.268000
1.266000
1.266000
1.266000
1.267000
1.266000
1.264000
1.261000
1.255000
1.254000
1.252000
1.249000
1.251000
1.253000
1.255000
1.256000
1.257000
1.257000
1.258000
1.259000
1.261000
1.262000
1.263000
1.263000
1.263000
1.264000
1.264000
1.265000
1.265000
1.265000
1.264000
1.264000
1.263000
1.264000
1.264000
1.265000
1.264000
1.265000
1.264000
1.263000
1.261000
1.261000
1.262000
1.262000
1.263000
1.264000
1.263000
1.264000
1.264000
1.265000
1.265000
1.266000
1.266000
1.266000
1.266000
1.266000
1.266000
1.265000
1.265000
1.265000
1.265000
1.265000
1.265000
1.264000
1.265000
1.264000
1.265000
1.266000
1.265000
1.266000
1.266000
1.266000
1.267000
1.268000
1.268000
1.268000
1.268000
1.267000
1.269000
1.271000
1.273000
1.273000
1.274000
1.274000
1.275000
1.275000
1.274000
1.273000
1.272000
1.272000
1.273000
1.272000
1.271000
1.272000
1.272000
1.272000
1.271000
1.271000
1.270000
1.270000
1.269000
1.268000
1.267000
1.266000
1.267000
1.268000
1.269000
1.270000
1.269000
1.269000
1.269000
1.271000
1.271000
1.270000
1.272000
1.273000
1.275000
1.276000
1.275000
1.274000
1.276000
1.277000
1.280000
1.281000
1.282000
1.283000
1.281000
1.282000
1.282000
1.284000
1.285000
1.287000
1.288000
1.290000
1.293000
1.294000
1.293000
1.295000
1.295000
1.295000
1.293000
1.295000
1.296000
1.296000
1.297000
1.298000
1.299000
1.300000
1.301000
1.300000
1.301000
1.302000
1.303000
1.302000
1.303000
1.302000
1.301000
1.302000
1.302000
1.302000
1.304000
1.303000
1.301000
1.301000
1.301000
1.302000
1.301000
1.301000
1.298000
1.300000
1.300000
1.301000
1.301000
1.302000
1.303000
1.303000
1.304000
1.303000
1.305000
1.307000
1.307000
1.307000
1.306000
1.307000
1.308000
1.309000
1.309000
1.309000
1.310000
1.311000
1.311000
1.312000
1.313000
1.314000
1.315000
1.314000
1.315000
1.315000
1.315000
1.314000
1.314000
1.314000
1.313000
1.314000
1.317000
1.317000
1.318000
1.318000
1.318000
1.319000
1.318000
1.319000
1.319000
1.319000
1.319000
1.321000
1.322000
1.321000
1.322000
1.322000
1.321000
1.320000
1.321000
1.320000
1.320000
1.322000
1.322000
1.323000
1.324000
1.326000
1.325000
1.323000
1.325000
1.326000
1.327000
1.331000
1.331000
1.326000
1.326000
1.325000
1.324000
1.325000
1.323000
1.323000
1.324000
1.325000
1.324000
1.323000
1.324000
1.327000
1.325000
1.326000
1.325000
1.324000
1.324000
1.327000
1.325000
1.328000
1.327000
1.328000
1.329000
1.327000
1.328000
1.329000
1.334000
1.334000
1.335000
1.337000
1.339000
1.340000
1.341000
1.340000
1.341000
1.344000
1.347000
1.347000
1.347000
1.347000
1.349000
1.351000
1.352000
1.350000
1.351000
1.349000
1.347000
1.349000
1.349000
1.351000
1.352000
1.348000
1.342000
1.340000
1.334000
1.336000
1.339000
1.340000
1.344000
1.345000
1.346000
1.343000
1.342000
1.342000
1.342000
1.343000
1.345000
1.345000
1.346000
1.348000
1.347000
1.347000
1.347000
1.347000
1.347000
1.348000
1.348000
1.349000
1.347000
1.347000
1.347000
1.347000
1.347000
1.348000
1.348000
1.348000
1.348000
1.348000
1.349000
1.349000
1.350000
1.351000
1.352000
1.352000
1.354000
1.362000
1.363000
1.363000
1.362000
1.362000
1.361000
1.361000
1.360000
1.359000
1.358000
1.357000
1.358000
1.357000
1.356000
1.357000
1.356000
1.356000
1.355000
1.355000
1.355000
1.356000
1.357000
1.357000
1.357000
1.358000
1.358000
1.359000
1.358000
1.358000
1.358000
1.358000
1.358000
1.358000
1.358000
1.358000
1.358000
1.357000
1.358000
1.357000
1.357000
1.358000
1.358000
1.358000
1.358000
1.358000
1.359000
1.359000
1.360000
1.361000
1.363000
1.364000
1.366000
1.367000
1.369000
1.370000
1.371000
1.371000
1.371000
1.372000
1.372000
1.373000
1.373000
1.373000
1.374000
1.377000
1.379000
1.380000
1.380000
1.381000
1.382000
1.384000
1.386000
1.387000
1.388000
1.389000
1.390000
1.394000
1.394000
1.393000
1.391000
1.390000
1.389000
1.389000
1.389000
1.387000
1.385000
1.385000
1.384000
1.385000
1.386000
1.388000
1.388000
1.387000
1.387000
1.387000
1.387000
1.388000
1.387000
1.387000
1.386000
1.385000
1.385000
1.384000
1.385000
1.385000
1.386000
1.387000
1.388000
1.388000
1.389000
1.389000
1.389000
1.390000
1.391000
1.392000
1.392000
1.393000
1.393000
1.394000
1.395000
1.396000
1.397000
1.396000
1.398000
1.401000
1.399000
1.399000
1.399000
1.399000
1.398000
1.399000
1.400000
1.402000
1.405000
1.404000
1.404000
1.404000
1.404000
1.403000
1.405000
1.406000
1.406000
1.408000
1.408000
1.410000
1.408000
1.409000
1.409000
1.407000
1.406000
1.406000
1.408000
1.407000
1.408000
1.410000
1.411000
1.411000
1.409000
1.410000
1.410000
1.411000
1.412000
1.413000
1.411000
1.411000
1.408000
1.407000
1.407000
1.406000
1.408000
1.407000
1.407000
1.407000
1.408000
1.408000
1.409000
1.412000
1.415000
1.416000
1.418000
1.418000
1.419000
1.418000
1.420000
1.420000
1.421000
1.423000
1.424000
1.422000
1.422000
1.422000
1.423000
1.424000
1.424000
1.423000
1.424000
1.426000
1.430000
1.431000
1.434000
1.434000
1.432000
1.436000
1.435000
1.436000
1.436000
1.437000
1.443000
1.442000
1.440000
1.440000
1.441000
1.441000
1.441000
1.442000
1.440000
1.437000
1.440000
1.441000
1.440000
1.439000
1.440000
1.442000
1.442000
1.442000
1.443000
1.443000
1.442000
1.441000
1.443000
1.443000
1.445000
1.448000
1.447000
1.447000
1.448000
1.447000
1.446000
1.446000
1.444000
1.444000
1.443000
1.444000
1.443000
1.444000
1.446000
1.444000
1.444000
1.445000
1.443000
1.443000
1.443000
1.445000
1.442000
1.443000
1.443000
1.443000
1.446000
1.445000
1.446000
1.448000
1.449000
1.447000
1.447000
1.448000
1.448000
1.446000
1.446000
1.447000
1.447000
1.447000
1.447000
1.447000
1.446000
1.446000
1.446000
1.445000
1.447000
1.452000
1.451000
1.450000
1.449000
1.450000
1.450000
1.454000
1.460000
1.460000
1.462000
1.460000
1.460000
1.463000
1.463000
1.467000
1.468000
1.468000
1.467000
1.468000
1.465000
1.464000
1.464000
1.465000
1.467000
1.467000
1.467000
1.466000
1.465000
1.467000
1.473000
1.474000
1.476000
1.477000
1.478000
1.478000
1.479000
1.478000
1.476000
1.475000
1.472000
1.471000
1.471000
1.476000
1.475000
1.478000
1.477000
1.477000
1.478000
1.479000
1.483000
1.482000
1.482000
1.482000
1.484000
1.483000
1.486000
1.485000
1.485000
1.486000
1.487000
1.487000
1.489000
1.491000
1.493000
1.494000
1.493000
1.493000
1.494000
1.494000
1.491000
1.491000
1.492000
1.492000
1.490000
1.491000
1.491000
1.490000
1.490000
1.490000
1.492000
1.492000
1.494000
1.495000
1.497000
1.496000
1.496000
1.496000
1.494000
1.495000
1.495000
1.494000
1.493000
1.494000
1.496000
1.494000
1.493000
1.493000
1.495000
1.497000
1.498000
1.499000
1.499000
1.499000
1.496000
1.497000
1.496000
1.496000
1.496000
1.497000
1.499000
1.498000
1.498000
1.497000
1.499000
1.499000
1.499000
1.499000
1.498000
1.498000
1.499000
1.499000
1.501000
1.502000
1.502000
1.503000
1.503000
1.503000
1.507000
1.508000
1.511000
1.510000
1.511000
1.511000
1.510000
1.511000
1.511000
1.514000
1.514000
1.518000
1.518000
1.522000
1.523000
1.522000
1.524000
1.522000
1.525000
1.525000
1.527000
1.527000
1.525000
1.528000
1.529000
1.534000
1.532000
1.532000
1.525000
1.511000
1.516000
1.520000
1.524000
1.527000
1.529000
1.532000
1.535000
1.536000
1.537000
1.541000
1.543000
1.543000
1.548000
1.550000
1.549000
1.547000
1.547000
1.553000
1.547000
1.554000
1.555000
1.556000
1.561000
1.558000
1.554000
1.558000
1.555000
1.552000
1.551000
1.543000
1.542000
1.539000
1.536000
1.539000
1.534000
1.540000
1.544000
1.544000
1.546000
1.545000
1.544000
1.544000
1.547000
1.547000
1.555000
1.556000
1.558000
1.558000
1.557000
1.560000
1.558000
1.561000
1.563000
1.569000
1.567000
1.569000
1.569000
1.569000
1.571000
1.572000
1.573000
1.576000
1.576000
1.575000
1.575000
1.574000
1.573000
1.573000
1.572000
1.572000
1.572000
1.572000
1.572000
1.571000
1.570000
1.570000
1.570000
1.568000
1.568000
1.567000
1.569000
1.566000
1.562000
1.561000
1.559000
1.558000
1.559000
1.559000
1.558000
1.560000
1.560000
1.560000
1.560000
1.561000
1.562000
1.561000
1.560000
1.560000
1.561000
1.563000
1.565000
1.567000
1.570000
1.574000
1.573000
1.574000
1.573000
1.570000
1.571000
1.570000
1.572000
1.586000
1.588000
1.593000
1.595000
1.599000
1.600000
1.595000
1.597000
1.598000
1.601000
1.600000
1.602000
1.603000
1.603000
1.604000
1.604000
1.603000
1.604000
1.603000
1.603000
1.604000
1.606000
1.609000
1.611000
1.609000
1.607000
1.608000
1.611000
1.611000
1.608000
1.609000
1.612000
1.611000
1.613000
1.613000
1.611000
1.610000
1.608000
1.608000
1.606000
1.607000
1.608000
1.609000
1.610000
1.610000
1.610000
1.612000
1.612000
1.611000
1.612000
1.611000
1.611000
1.612000
1.612000
1.613000
1.616000
1.619000
1.620000
1.620000
1.621000
1.621000
1.620000
1.622000
1.622000
1.622000
1.621000
1.620000
1.621000
1.622000
1.623000
1.621000
1.622000
1.623000
1.624000
1.625000
1.625000
1.627000
1.626000
1.625000
1.624000
1.622000
1.623000
1.622000
1.622000
1.622000
1.621000
1.622000
1.622000
1.621000
1.622000
1.623000
1.624000
1.626000
1.627000
1.627000
1.627000
1.627000
1.627000
1.626000
1.627000
1.626000
1.627000
1.628000
1.629000
1.632000
1.632000
1.633000
1.632000
1.634000
1.634000
1.635000
1.636000
1.636000
1.638000
1.641000
1.643000
1.646000
1.648000
1.651000
1.651000
1.650000
1.654000
1.654000
1.652000
1.652000
1.653000
1.651000
1.651000
1.654000
1.654000
1.656000
1.653000
1.652000
1.648000
1.646000
1.648000
1.651000
1.650000
1.649000
1.650000
1.651000
1.654000
1.658000
1.658000
1.658000
1.655000
1.655000
1.653000
1.654000
1.652000
1.653000
1.653000
1.655000
1.652000
1.652000
1.649000
1.648000
1.649000
1.651000
1.651000
1.650000
1.651000
1.651000
1.652000
1.650000
1.652000
1.651000
1.650000
1.650000
1.653000
1.653000
1.654000
1.653000
1.655000
1.656000
1.656000