1.000000
1.000000
1.019000
1.019000
1.019000
1.001000
1.001000
1.001000
1.001000
1.001000
1.018000
1.003000
0.993000
1.013000
1.010000
1.015000
1.026000
1.027000
1.024000
1.027000
1.016000
1.024000
1.019000
1.022000
1.037000
1.042000
1.053000
1.056000
1.050000
1.062000
1.066000
1.065000
1.070000
1.055000
1.064000
1.073000
1.077000
1.079000
1.074000
1.075000
1.075000
1.074000
1.073000
1.085000
1.086000
1.092000
1.096000
1.096000
1.101000
1.106000
1.099000
1.103000
1.103000
1.098000
1.106000
1.109000
1.105000
1.108000
1.113000
1.112000
1.096000
1.098000
1.099000
1.104000
1.110000
1.108000
1.113000
1.107000
1.108000
1.106000
1.106000
1.113000
1.115000
1.115000
1.125000
1.125000
1.132000
1.133000
1.129000
1.129000
1.130000
1.123000
1.127000
1.131000
1.126000
1.091000
1.091000
1.100000
1.061000
1.073000
1.039000
1.044000
1.030000
1.050000
1.029000
1.037000
1.057000
1.048000
1.027000
1.034000
1.040000
0.999000
0.998000
0.981000
1.004000
1.000000
1.020000
1.019000
1.033000
1.029000
1.031000
1.053000
1.057000
1.052000
1.052000
1.068000
1.062000
1.061000
1.015000
1.017000
0.984000
0.996000
1.022000
1.021000
1.003000
1.011000
1.019000
1.014000
1.005000
1.006000
1.027000
1.026000
1.021000
1.040000
1.059000
1.072000
1.070000
1.076000
1.072000
1.075000
1.071000
1.059000
1.086000
1.087000
1.087000
1.103000
1.109000
1.102000
1.102000
1.116000
1.108000
1.114000
1.119000
1.118000
1.111000
1.112000
1.089000
1.081000
1.088000
1.086000
1.095000
1.095000
1.094000
1.092000
1.110000
1.113000
1.114000
1.097000
1.082000
1.084000
1.086000
1.089000
1.088000
1.098000
1.097000
1.081000
1.082000
1.090000
1.098000
1.090000
1.089000
1.093000
1.094000
1.094000
1.123000
1.124000
1.126000
1.137000
1.136000
1.137000
1.138000
1.107000
1.109000
1.130000
1.127000
1.131000
1.137000
1.130000
1.143000
1.148000
1.145000
1.162000
1.171000
1.174000
1.173000
1.171000
1.182000
1.182000
1.185000
1.188000
1.184000
1.183000
1.196000
1.201000
1.202000
1.201000
1.198000
1.197000
1.197000
1.199000
1.193000
1.195000
1.205000
1.181000
1.185000
1.183000
1.175000
1.180000
1.182000
1.185000
1.180000
1.186000
1.193000
1.191000
1.184000
1.193000
1.211000
1.212000
1.213000
1.210000
1.211000
1.204000
1.204000
1.205000
1.201000
1.203000
1.205000
1.205000
1.207000
1.203000
1.199000
1.202000
1.213000
1.212000
1.213000
1.208000
1.191000
1.193000
1.187000
1.196000
1.194000
1.197000
1.201000
1.198000
1.184000
1.189000
1.187000
1.190000
1.194000
1.211000
1.214000
1.214000
1.212000
1.211000
1.205000
1.215000
1.213000
1.214000
1.212000
1.218000
1.218000
1.214000
1.213000
1.210000
1.210000
1.217000
1.212000
1.216000
1.215000
1.212000
1.217000
1.210000
1.219000
1.219000
1.220000
1.222000
1.223000
1.220000
1.219000
1.222000
1.227000
1.227000
1.225000
1.230000
1.230000
1.226000
1.224000
1.228000
1.218000
1.218000
1.218000
1.223000
1.220000
1.218000
1.184000
1.188000
1.180000
1.177000
1.186000
1.184000
1.180000
1.189000
1.190000
1.182000
1.185000
1.185000
1.182000
1.182000
1.187000
1.193000
1.202000
1.201000
1.194000
1.198000
1.194000
1.186000
1.179000
1.170000
1.152000
1.159000
1.158000
1.156000
1.170000
1.176000
1.172000
1.177000
1.184000
1.180000
1.190000
1.188000
1.194000
1.197000
1.196000
1.203000
1.203000
1.195000
1.198000
1.189000
1.196000
1.205000
1.208000
1.214000
1.219000
1.213000
1.213000
1.218000
1.212000
1.215000
1.227000
1.231000
1.228000
1.221000
1.222000
1.230000
1.226676
1.225567
1.233324
1.225567
1.228892
1.235540
1.235540
1.237757
1.242189
1.238865
1.236649
1.232216
1.217811
1.226676
1.243297
1.244405
1.246622
1.236649
1.239973
1.236649
1.237757
1.227784
1.221135
1.213378
1.208946
1.213378
1.213378
1.200081
1.203405
1.205622
1.210054
1.207838
1.208946
1.205622
1.205622
1.196757
1.183459
1.186784
1.171270
1.171270
1.169054
1.177919
1.201189
1.205622
1.202297
1.201189
1.191216
1.170162
1.176811
1.179027
1.174594
1.171270
1.153540
1.163513
1.166838
1.171270
1.196757
1.201189
1.202297
1.195649
1.210054
1.205622
1.215594
1.213378
1.223351
1.224459
1.226676
1.216703
1.218919
1.234432
1.233324
1.222243
1.230000
1.237757
1.241081
1.233324
1.239973
1.237757
1.235540
1.222243
1.214486
1.214486
1.213378
1.206730
1.157973
1.159081
1.171270
1.177919
1.175703
1.179027
1.179027
1.172378
1.191216
1.194540
1.198973
1.200081
1.191216
1.190108
1.182351
1.190108
1.189000
1.200081
1.193432
1.184567
1.212270
1.213378
1.220027
1.223351
1.221135
1.228892
1.225567
1.222243
1.213378
1.223351
1.232216
1.231108
1.234432
1.238865
1.248838
1.256594
1.263243
1.266567
1.259919
1.257703
1.264351
1.264351
1.264351
1.258811
1.258811
1.268784
1.265459
1.271000
1.262135
1.261027
1.249946
1.246622
1.256594
1.261027
1.269892
1.284297
1.299811
1.297594
1.299811
1.307567
1.292054
1.297594
1.296486
1.296486
1.297594
1.312000
1.313108
1.324189
1.326405
1.330838
1.318649
1.325297
1.325297
1.318649
1.313108
1.335270
1.337486
1.337486
1.346351
1.356324
1.369621
1.356324
1.335270
1.343027
1.317540
1.338594
1.343027
1.339703
1.297594
1.293162
1.274324
1.288730
1.284297
1.277649
1.289838
1.286513
1.268784
1.274324
1.271000
1.286513
1.309784
1.294270
1.302027
1.305351
1.296486
1.295378
1.304243
1.299811
1.315324
1.310892
1.303135
1.307567
1.293162
1.295378
1.309784
1.314216
1.324189
1.326405
1.324189
1.320865
1.326405
1.319757
1.320865
1.316432
1.299811
1.294270
1.300919
1.299811
1.304243
1.316432
1.314216
1.326405
1.318649
1.317540
1.289838
1.286513
1.275432
1.248838
1.259919
1.251054
1.202297
1.203405
1.221135
1.195649
1.236649
1.244405
1.251054
1.273216
1.271000
1.300919
1.299811
1.297594
1.316432
1.310892
1.319757
1.335270
1.326405
1.340811
1.362973
1.388459
1.378486
1.365189
1.377378
1.366297
1.385135
1.401757
1.390676
1.377378
1.330838
1.353000
1.378486
1.353000
1.355216
1.381811
1.379594
1.375162
1.369621
1.366297
1.374054
1.388459
1.389567
1.380703
1.378486
1.347459
1.360757
1.369621
1.356324
1.336378
1.366297
1.382919
1.360757
1.367405
1.370730
1.386243
1.382919
1.412838
1.425027
1.425027
1.441649
1.432784
1.442757
1.458270
1.452730
1.432784
1.443865
1.458270
1.466027
1.453838
1.443865
1.444973
1.454946
1.442757
1.422811
1.441649
1.419486
1.427243
1.451621
1.457162
1.449405
1.446081
1.429459
1.451621
1.438324
1.432784
1.418378
1.372946
1.400649
1.381811
1.396216
1.388459
1.391963
1.367440
1.344085
1.396634
1.377950
1.381453
1.355762
1.331240
1.339414
1.377950
1.381453
1.370943
1.407144
1.421157
1.429331
1.423492
1.423492
1.412982
1.423492
1.409479
1.421157
1.425828
1.401305
1.398969
1.381453
1.368608
1.345253
1.327736
1.305549
1.265845
1.303213
1.274020
1.321898
1.332407
1.342917
1.333575
1.296207
1.295039
1.260007
1.269349
1.306717
1.300878
1.312555
1.319562
1.352259
1.351091
1.340582
1.328904
1.317227
1.305549
1.321898
1.303213
1.292704
1.309052
1.270516
1.278691
1.256503
1.254168
1.250665
1.217967
1.238987
1.257671
1.258839
1.288033
1.286865
1.309095
1.297980
1.316505
1.254755
1.247345
1.242405
1.188065
1.209060
1.188065
1.167070
1.163365
1.144840
1.190535
1.253520
1.217705
1.204120
1.195475
1.170775
1.146075
1.158425
1.194240
1.202885
1.264635
1.258460
1.243640
1.238700
1.236230
1.227585
1.258460
1.270810
1.249815
1.259695
1.262165
1.260930
1.228820
1.233760
1.232525
1.200415
1.196710
1.195475
1.216470
1.204120
1.217705
1.259695
1.258460
1.268340
1.232525
1.220175
1.211530
1.225115
1.220175
1.236230
1.216470
1.193005
1.186830
1.165835
1.160895
1.148545
1.168305
1.167070
1.164600
1.158425
1.164600
1.154720
1.137430
1.157190
1.173245
1.173245
1.185595
1.199180
1.194240
1.183125
1.215235
1.222645
1.210295
1.234995
1.239935
1.232525
1.227585
1.241170
1.248580
1.244875
1.244875
1.241170
1.242405
1.272045
1.297980
1.302920
1.315270
1.326385
1.307860
1.352320
1.352320
1.358495
1.365904
1.398014
1.444944
1.435064
1.409129
1.425184
1.435064
1.458529
1.469644
1.465939
1.442474
1.407894
1.457294
1.467174
1.441239
1.428889
1.451119
1.490639
1.478289
1.464704
1.472114
1.473349
1.447414
1.423949
1.443709
1.457294
1.501754
1.538804
1.532629
1.540039
1.544979
1.528924
1.531394
1.528924
1.493109
1.490639
1.474584
1.505459
1.523984
1.527689
1.538804
1.516574
1.509164
1.511634
1.493109
1.474584
1.495579
1.499284
1.438769
1.474584
1.441239
1.411599
1.462234
1.447414
1.437534
1.478289
1.475819
1.440004
1.419009
1.436299
1.440004
1.414069
1.416539
1.432594
1.446179
1.433829
1.438769
1.443709
1.440004
1.420244
1.417774
1.388134
1.415304
1.448649
1.435064
1.435064
1.425184
1.417774
1.419009
1.442474
1.467174
1.480759
1.480759
1.459958
1.467758
1.491159
1.478159
1.527561
1.534061
1.515860
1.501560
1.511960
1.484659
1.484659
1.484659
1.474259
1.480759
1.504160
1.504160
1.502860
1.498960
1.505460
1.513260
1.531461
1.556162
1.574363
1.578263
1.582163
1.580863
1.575663
1.574363
1.558762
1.524961
1.518461
1.511960
1.530161
1.518461
1.545762
1.532761
1.535361
1.547062
1.549662
1.583463
1.575663
1.588663
1.582163
1.606864
1.597764
1.615964
1.621165
1.610764
1.619865
1.643265
1.645866
1.647166
1.648466
1.652366
1.666666
1.654966
1.638065
1.651066
1.665366
1.641965
1.658866
1.662766
1.669267
1.669267
1.679392
1.657694
1.649015
1.664927
1.657694
1.644676
1.646122
1.673606
1.680839
1.698197
1.682285
1.672160
1.680839
1.660587
1.650462
1.677946
1.677946
1.676499
1.705429
1.703983
1.699643
1.701090
1.695304
1.706876
1.708322
1.722787
1.717001
1.718448
1.719894
1.698197
1.695304
1.705429
1.715555
1.698197
1.705429
1.735806
1.724234
1.722787
1.693857
1.680839
1.690964
1.698197
1.693857
1.688071
1.685178
1.696750
1.701090
1.725680
1.751717
1.731466
1.735806
1.725680
1.728573
1.754610
1.771968
1.786433
1.776308
1.769075
1.767629
1.734359
1.753164
1.754610
1.766182
1.764736
1.779201
1.789326
1.818257
1.799452
1.811024
1.821150
1.813917
1.851526
1.850080
1.886242
1.876117
1.887689
1.890582
1.894921
1.905047
1.893475
1.915172
1.871777
1.744485
1.815363
1.847187
1.877563
1.893475
1.915172
1.929637
1.951335
1.918065
1.915172
1.955674
1.955674
1.939763
1.975926
2.003409
2.017874
2.001963
1.938316
1.936870
1.873224
1.915172
1.920958
1.905047
1.918065
1.907940
1.822596
1.879010
1.854419
1.811024
1.786433
1.692411
1.686625
1.669267
1.650462
1.679392
1.624425
1.653355
1.711215
1.714108
1.731466
1.699643
1.714108
1.708322
1.756057
1.757503
1.806684
1.790773
1.792219
1.773415
1.753164
1.789326
1.780647
1.793666
1.825489
1.828382
1.809577
1.816810
1.816810
1.813917
1.824043
1.863098
1.880456
1.912279
1.929637
1.929637
1.954228
1.925298
1.958567
1.974479
1.967247
1.955674
1.962907
1.993284
1.984605
1.990391
1.945549
1.951335
1.987498
1.965800
1.960014
1.999070
2.046804
2.026553
2.033786
2.036679
2.043911
2.036679
2.062716
2.081520
2.087306
2.085860
2.065609
2.104664
2.107557
2.119130
2.145167
2.159632
2.203027
2.217492
2.208813
2.257994
2.282585
2.263780
2.263780
2.320194
2.375161
2.421449
2.479309
2.501007
2.558867
2.555974
2.542955
2.437361
2.456165
2.496667
2.540062
2.564653
2.583458
2.473523
2.489435
2.516918
2.579118
2.550188
2.576225
2.625406
2.608048
2.603709
2.579118
2.563206
2.563206
2.555974
2.519811
2.535723
2.586351
2.606602
2.626853
2.587797
2.553081
2.590690
2.635532
2.652890
2.629746
2.684713
2.725215
2.738234
2.794647
2.840935
2.809112
2.784522
2.694838
2.710750
2.634085
2.641318
2.702071
2.712196
2.722322
2.712196
2.719429
2.715089
2.712196
2.684713
2.729555
2.665908
2.689052
2.697731
2.723769
2.746913
2.823577
2.888670
2.884331
2.862633
2.864079
2.839489
2.777434
2.816056
2.780761
2.766296
2.720008
2.733605
2.749806
2.774830
2.791610
2.748359
2.820395
2.823867
2.830665
2.897638
2.860897
2.909500
2.896481
2.856558
2.853520
2.844986
2.825168
2.815477
2.790886
2.816634
2.837898
2.840791
2.829363
2.782931
2.768176
2.790018
2.772082
2.815911
2.828351
2.849904
2.884620
2.899663
2.919191
2.890117
2.892720
2.850916
2.893299
2.914273
2.903569
2.924543
2.933512
3.024208
2.973291
3.014082
3.008875
3.057333
3.033031
3.013359
3.070930
3.128067
3.171606
3.210807
3.172330
3.221221
3.215580
3.191568
3.246101
3.195474
3.171606
3.133708
3.178550
3.152802
3.200681
3.241617
3.280528
3.271705
3.242919
3.300490
3.206467
3.212542
3.261579
3.301936
3.239447
3.185927
3.170449
3.201694
3.284723
3.342439
3.272572
3.238435
3.148173
3.119966
3.061093
3.051402
3.023050
3.067169
3.077294
3.095954
3.014805
3.061527
2.920493
2.854966
2.858149
2.900531
2.871023
2.767598
2.796672
2.820395
2.855979
2.793056
2.855834
2.816779
2.731869
2.761522
2.845709
2.833992
2.906317
2.893444
2.923531
2.956222
2.956222