1.000000
1.000000
1.009000
1.016000
0.989000
0.994000
0.973000
0.986000
1.011000
1.007000
0.993000
0.998000
1.012000
0.985000
0.976000
0.975000
1.005000
0.997000
0.989000
1.026000
1.050000
1.069000
1.061000
1.074000
1.060000
1.051000
1.057000
1.044000
1.075000
1.075000
1.069000
1.086000
1.088000
1.066000
1.058000
1.070000
1.071000
1.085000
1.091000
1.083000
1.076000
1.077000
1.033000
1.028000
1.031000
1.029000
1.035000
1.040000
1.044000
1.044000
1.054000
1.049000
1.049000
1.038000
1.026000
1.018000
1.010000
1.007000
1.013000
1.016000
1.020000
1.016000
1.018000
1.021000
1.023000
1.019000
1.017000
1.017000
1.016000
1.014000
1.027000
1.027000
1.032000
1.034000
1.035000
1.035000
1.027000
1.000000
1.001000
1.024000
1.021000
1.026000
1.028000
1.011000
1.022000
1.023000
1.028000
1.055000
1.054000
1.050000
1.044000
1.035000
1.057000
1.052000
1.052000
1.050000
1.047000
1.044000
1.046000
1.055000
1.048000
1.034000
1.026000
1.034000
1.026000
1.026000
1.020000
1.019000
1.029000
0.974000
0.963000
0.954000
0.941000
0.945000
0.942000
0.951000
0.942000
0.956000
0.973000
0.969000
0.954000
0.960000
1.002000
1.015000
1.017000
1.011000
1.013000
1.001000
1.001000
1.004000
1.003000
1.006000
1.004000
1.007000
1.007000
1.002000
0.997000
1.000000
1.015000
1.008000
1.007000
0.993000
0.965000
0.973000
0.970000
0.979000
0.980000
0.983000
0.983000
0.981000
0.956000
0.965000
0.966000
0.970000
0.969000
0.999000
1.003000
1.002000
1.004000
0.998000
0.993000
1.007000
1.008000
1.019000
1.014000
1.024000
1.023000
1.016000
1.009000
1.008000
1.009000
1.020000
1.013000
1.020000
1.007000
1.005000
1.011000
0.999000
1.014000
1.014000
1.013000
1.018000
1.016000
1.006000
1.002000
1.001000
1.008000
1.001000
0.996000
0.997000
0.995000
0.993000
0.996000
0.995000
0.980000
0.978000
0.972000
0.977000
0.967000
0.962000
0.910000
0.913000
0.906000
0.909000
0.918000
0.908000
0.906000
0.911000
0.907000
0.894000
0.897000
0.896000
0.894000
0.894000
0.898000
0.901000
0.908000
0.912000
0.902000
0.907000
0.907000
0.900000
0.892000
0.881000
0.851000
0.866000
0.866000
0.863000
0.873000
0.876000
0.868000
0.876000
0.883000
0.880000
0.893000
0.889000
0.900000
0.904000
0.899000
0.916000
0.919000
0.916000
0.916000
0.908000
0.917000
0.923000
0.925000
0.924000
0.922000
0.920000
0.917000
0.917000
0.911000
0.922000
0.929000
0.935000
0.929000
0.923000
0.930000
0.940000
0.938000
0.931000
0.945000
0.932000
0.935000
0.937000
0.933000
0.938000
0.940000
0.933000
0.931000
0.923000
0.907000
0.912000
0.931000
0.927000
0.928000
0.921000
0.926000
0.913000
0.921000
0.908000
0.897000
0.893000
0.889000
0.894000
0.885000
0.866000
0.872000
0.877000
0.875000
0.880000
0.884000
0.876000
0.869000
0.857000
0.840000
0.851000
0.841000
0.844000
0.837000
0.839000
0.863000
0.860000
0.849000
0.844000
0.844000
0.835000
0.838000
0.840000
0.829000
0.824000
0.817000
0.817000
0.826000
0.828000
0.848000
0.856000
0.861000
0.848000
0.859000
0.852000
0.857000
0.856000
0.862000
0.870000
0.879000
0.871000
0.877000
0.893000
0.891000
0.881000
0.887000
0.891000
0.893000
0.880000
0.898000
0.907000
0.912000
0.907000
0.901000
0.913000
0.913000
0.918000
0.898000
0.903000
0.932000
0.945000
0.942000
0.937000
0.933000
0.929000
0.933000
0.945000
0.952000
0.958000
0.963000
0.951000
0.939000
0.949000
0.945000
0.945000
0.947000
0.926000
0.967000
0.975000
0.979000
0.977000
0.968000
0.971000
0.980000
0.978000
0.983000
0.992000
0.991000
0.991000
0.996000
0.998000
1.006000
1.011000
1.017000
1.014000
1.007000
1.007000
1.020000
1.019000
1.026000
1.024000
1.020000
1.033000
1.027000
1.040000
1.046000
1.040000
1.020000
1.017000
1.025000
1.018000
1.023000
1.048000
1.048000
1.047000
1.050000
1.055000
1.059000
1.059000
1.069000
1.059000
1.068000
1.073000
1.070000
1.082000
1.077000
1.082000
1.081000
1.089000
1.096000
1.094000
1.098000
1.120000
1.126000
1.122000
1.145000
1.155000
1.168000
1.159000
1.142000
1.157000
1.154000
1.164000
1.191000
1.187000
1.150000
1.153000
1.133000
1.149000
1.151000
1.132000
1.129000
1.139000
1.131000
1.110000
1.105000
1.117000
1.135000
1.125000
1.141000
1.142000
1.125000
1.127000
1.143000
1.139000
1.154000
1.156000
1.154000
1.151000
1.136000
1.147000
1.151000
1.170000
1.179000
1.188000
1.194000
1.206000
1.213000
1.218000
1.211000
1.222000
1.209000
1.226000
1.213000
1.220000
1.220000
1.239000
1.255000
1.250000
1.238000
1.245000
1.226000
1.213000
1.222000
1.213000
1.222000
1.216000
1.160000
1.130000
1.134000
1.103000
1.125000
1.142000
1.158000
1.187000
1.186000
1.203000
1.187000
1.179000
1.195000
1.178000
1.169000
1.187000
1.176000
1.193000
1.212000
1.225000
1.219000
1.219000
1.227000
1.218000
1.224000
1.236000
1.224000
1.206000
1.166000
1.184000
1.197000
1.169000
1.177000
1.186000
1.181000
1.181000
1.166000
1.191000
1.205000
1.198000
1.194000
1.185000
1.172000
1.143000
1.145000
1.159000
1.137000
1.129000
1.154000
1.150000
1.129000
1.138000
1.153000
1.153000
1.150000
1.171000
1.185000
1.187000
1.205000
1.188000
1.203000
1.206000
1.212000
1.209000
1.219000
1.229000
1.231000
1.217000
1.216000
1.208000
1.223000
1.207000
1.196000
1.221000
1.208000
1.223000
1.238000
1.242000
1.237000
1.224000
1.226000
1.240000
1.224000
1.206000
1.203000
1.155000
1.172000
1.165000
1.177000
1.157000
1.146000
1.115000
1.106000
1.153000
1.144000
1.139000
1.113000
1.097000
1.106000
1.143000
1.141000
1.132000
1.168000
1.175000
1.176000
1.175000
1.175000
1.166000
1.178000
1.180000
1.196000
1.197000
1.176000
1.181000
1.173000
1.162000
1.147000
1.123000
1.106000
1.093000
1.125000
1.120000
1.142000
1.142000
1.134000
1.116000
1.087000
1.077000
1.059000
1.065000
1.087000
1.081000
1.085000
1.082000
1.107000
1.103000
1.097000
1.084000
1.072000
1.060000
1.070000
1.048000
1.033000
1.037000
1.015000
1.012000
0.999000
1.009000
1.009000
0.998000
1.018000
1.034000
1.029000
1.048000
1.038000
1.050000
1.047000
1.052000
0.998000
0.994000
0.993000
0.949000
0.967000
0.959000
0.951000
0.954000
0.939000
0.961000
0.996000
0.969000
0.960000
0.960000
0.952000
0.936000
0.938000
0.954000
0.972000
1.011000
0.999000
0.998000
0.996000
0.999000
0.983000
0.998000
1.009000
1.000000
1.012000
1.013000
1.013000
0.991000
0.996000
0.994000
0.977000
0.979000
0.982000
0.993000
0.985000
0.990000
1.013000
1.020000
1.013000
0.989000
0.991000
0.976000
0.984000
0.993000
1.010000
0.998000
0.994000
0.981000
0.973000
0.972000
0.962000
0.962000
0.958000
0.956000
0.953000
0.961000
0.950000
0.941000
0.954000
0.972000
0.972000
0.976000
0.982000
0.981000
0.972000
0.990000
0.993000
0.988000
1.004000
1.004000
0.994000
1.001000
1.005000
1.019000
1.015000
1.019000
1.015000
1.023000
1.033000
1.051000
1.060000
1.071000
1.072000
1.056000
1.087000
1.082000
1.092000
1.098000
1.130000
1.153000
1.145000
1.118000
1.116000
1.139000
1.165000
1.182000
1.190000
1.166000
1.145000
1.172000
1.186000
1.171000
1.159000
1.182000
1.211000
1.200000
1.197000
1.192000
1.193000
1.175000
1.163000
1.182000
1.182000
1.211000
1.242000
1.241000
1.249000
1.251000
1.257000
1.259000
1.260000
1.231000
1.232000
1.228000
1.234000
1.242000
1.243000
1.248000
1.244000
1.238000
1.242000
1.216000
1.213000
1.212000
1.218000
1.166000
1.180000
1.164000
1.141000
1.167000
1.167000
1.151000
1.181000
1.183000
1.160000
1.142000
1.149000
1.149000
1.131000
1.130000
1.136000
1.150000
1.148000
1.148000
1.159000
1.158000
1.141000
1.140000
1.129000
1.152000
1.172000
1.158000
1.156000
1.146000
1.144000
1.143000
1.166000
1.190000
1.195000
1.204000
1.198000
1.206000
1.219000
1.219000
1.229000
1.238000
1.230000
1.217000
1.216000
1.197000
1.193000
1.201000
1.198000
1.202000
1.204000
1.205000
1.208000
1.197000
1.207000
1.263000
1.271000
1.283000
1.292000
1.292000
1.292000
1.297000
1.286000
1.277000
1.262000
1.240000
1.235000
1.242000
1.272000
1.266000
1.282000
1.268000
1.273000
1.275000
1.281000
1.309000
1.313000
1.320000
1.315000
1.321000
1.309000
1.321000
1.319000
1.322000
1.327000
1.339000
1.332000
1.342000
1.355000
1.366000
1.375000
1.366000
1.359000
1.373000
1.382000
1.363000
1.376000
1.384000
1.391000
1.374000
1.379000
1.366000
1.357000
1.356000
1.347000
1.343000
1.339000
1.363000
1.379000
1.387000
1.377000
1.374000
1.385000
1.371000
1.369000
1.366000
1.359000
1.363000
1.375000
1.389000
1.394000
1.386000
1.390000
1.399000
1.417000
1.430000
1.423000
1.429000
1.424000
1.391000
1.399000
1.392000
1.391000
1.388000
1.407000
1.426000
1.419000
1.406000
1.402000
1.406000
1.402000
1.406000
1.398000
1.381000
1.387000
1.393000
1.390000
1.410000
1.419000
1.422000
1.433000
1.439000
1.443000
1.461000
1.471000
1.479000
1.475000
1.467000
1.461000
1.457000
1.473000
1.479000
1.476000
1.484000
1.498000
1.499000
1.532000
1.535000
1.536000
1.542000
1.529000
1.560000
1.557000
1.571000
1.562000
1.559000
1.571000
1.581000
1.584000
1.545000
1.577000
1.521000
1.432000
1.496000
1.520000
1.554000
1.561000
1.581000
1.590000
1.619000
1.617000
1.621000
1.648000
1.641000
1.633000
1.652000
1.657000
1.648000
1.641000
1.617000
1.645000
1.582000
1.631000
1.626000
1.633000
1.652000
1.630000
1.548000
1.570000
1.558000
1.508000
1.501000
1.411000
1.399000
1.348000
1.324000
1.392000
1.337000
1.388000
1.445000
1.437000
1.450000
1.423000
1.455000
1.439000
1.465000
1.449000
1.514000
1.497000
1.517000
1.512000
1.517000
1.534000
1.520000
1.531000
1.545000
1.565000
1.536000
1.557000
1.551000
1.527000
1.538000
1.553000
1.561000
1.565000
1.579000
1.586000
1.606000
1.606000
1.615000
1.624000
1.610000
1.612000
1.614000
1.640000
1.642000
1.627000
1.568000
1.586000
1.632000
1.600000
1.598000
1.624000
1.675000
1.672000
1.690000
1.695000
1.701000
1.705000
1.716000
1.737000
1.717000
1.723000
1.702000
1.746000
1.753000
1.768000
1.779000
1.776000
1.811000
1.816000
1.826000
1.858000
1.867000
1.904000
1.930000
1.990000
1.989000
2.027000
2.054000
2.018000
2.081000
2.037000
2.031000
1.961000
2.003000
2.080000
2.119000
2.097000
2.134000
2.029000
2.037000
2.072000
2.118000
2.124000
2.140000
2.169000
2.180000
2.214000
2.208000
2.196000
2.176000
2.164000
2.134000
2.138000
2.158000
2.192000
2.206000
2.176000
2.157000
2.173000
2.212000
2.207000
2.162000
2.187000
2.209000
2.188000
2.226000
2.242000
2.219000
2.193000
2.147000
2.132000
2.077000
2.063000
2.109000
2.128000
2.155000
2.158000
2.158000
2.192000
2.151000
2.122000
2.141000
2.084000
2.072000
2.091000
2.110000
2.132000
2.221000
2.259000
2.266000
2.272000
2.239000
2.225000
2.187000
2.222000
2.206000
2.198000
2.176000
2.189000
2.196000
2.223000
2.239000
2.206000
2.250000
2.254000
2.280000
2.352000
2.338000
2.368000
2.362000
2.312000
2.341000
2.334000
2.367000
2.356000
2.358000
2.347000
2.379000
2.415000
2.409000
2.359000
2.366000
2.373000
2.351000
2.389000
2.363000
2.361000
2.372000
2.352000
2.351000
2.333000
2.343000
2.332000
2.348000
2.365000
2.382000
2.402000
2.409000
2.439000
2.396000
2.438000
2.433000
2.455000
2.460000
2.442000
2.484000
2.518000
2.595000
2.614000
2.644000
2.681000
2.702000
2.695000
2.741000
2.731000
2.714000
2.722000
2.798000
2.801000
2.852000
2.872000
2.885000
2.940000
2.873000
2.871000
2.765000
2.762000
2.823000
2.885000
2.907000
2.880000
2.867000
2.911000
2.967000
3.018000
3.049000
3.027000
2.956000
2.962000
2.854000
2.890000
2.890000