2.426800
2.426800
2.426800
2.426800
2.426800
2.474800
2.474800
2.474800
2.495300
2.450200
2.415700
2.536335
2.540393
2.546480
2.555865
2.569561
2.574634
2.581228
2.549270
2.560177
2.592134
2.636013
2.618512
2.616990
2.624599
2.578438
2.592895
2.507928
2.543437
2.610396
2.641593
2.664166
2.651231
2.651485
2.668985
2.668224
2.683189
2.666703
2.640832
2.670253
2.715147
2.737213
2.764859
2.773990
2.812796
2.829789
2.833086
2.858196
2.834101
2.768410
2.785403
2.745329
2.765366
2.794280
2.734169
2.742285
2.771961
2.800875
2.818883
2.786164
2.736452
2.720219
2.698407
2.723263
2.644890
2.624092
2.608621
2.580214
2.659347
2.633984
2.595939
2.573365
2.596953
2.580214
2.496261
2.519849
2.503109
2.464810
2.448831
2.516552
2.481550
2.500065
2.525175
2.572605
2.574634
2.592134
2.619527
2.613947
2.571336
2.488145
2.519595
2.455426
2.455172
2.497783
2.539886
2.556879
2.604055
2.601772
2.615976
2.667464
2.661376
2.665181
2.656304
2.689022
2.723263
2.725799
2.761815
2.797070
2.819644
2.823194
2.800367
2.706016
2.654275
2.667971
2.562713
2.414337
2.511225
2.540900
2.576155
2.459230
2.459738
2.440208
2.401909
2.395315
2.549270
2.524668
2.475970
2.500319
2.470137
2.513762
2.550538
2.503870
2.494993
2.432092
2.359299
2.333935
2.380097
2.382633
2.404192
2.449339
2.404192
2.387959
2.410533
2.390242
2.303753
2.297412
2.240598
2.201792
2.184292
2.116825
2.051388
2.098564
2.144725
2.152841
2.074976
2.094759
2.105158
2.058997
2.119362
2.079795
2.000661
1.975551
2.013343
2.088672
2.107441
2.033887
2.052402
2.062294
1.970225
1.980624
1.945369
1.904534
1.871054
1.863445
1.875366
1.936745
2.059758
2.057221
2.029068
2.042257
2.116318
2.153856
2.136101
2.062040
2.107694
2.094505
2.108202
2.100085
2.141174
2.120122
2.115303
2.104397
2.026024
2.047583
2.017147
2.001422
1.955514
1.961855
1.995081
1.961601
1.965660
1.967181
1.969464
1.943086
1.926093
1.917469
1.815255
1.799276
1.777717
1.741955
1.732317
1.692243
1.751593
1.666879
1.691989
1.655466
1.684634
1.732570
1.742209
1.685395
1.678547
1.647857
1.642277
1.664089
1.656734
1.713802
1.720142
1.757680
1.749310
1.741194
1.747281
1.702895
1.672713
1.669416
1.698837
1.738658
1.736629
1.723947
1.756666
1.745252
1.749310
1.733331
1.724961
1.696301
1.703403
1.680068
1.652169
1.651408
1.645067
1.604486
1.558324
1.566440
1.571260
1.575825
1.575571
1.529410
1.539048
1.612602
1.564665
1.544628
1.542092
1.512924
1.496184
1.501003
1.523069
1.487814
1.466255
1.438609
1.433537
1.408173
1.384585
1.387629
1.384332
1.357193
1.359476
1.328025
1.301647
1.282371
1.369114
1.420094
1.371396
1.376469
1.414007
1.427957
1.364802
1.350852
1.316865
1.299111
1.253710
1.274508
1.249652
1.234434
1.195628
1.199179
1.223274
1.222767
1.205520
1.208817
1.188527
1.138307
1.156315
1.137293
1.150989
1.139575
1.136785
1.122328
1.147945
1.130445
1.135010
1.185737
1.180664
1.182439
1.217187
1.249145
1.267660
1.211354
1.258276
1.246101
1.243311
1.214397
1.213383
1.218202
1.234942
1.227840
1.242804
1.246101
1.282371
1.293024
1.304944
1.341468
1.321684
1.343750
1.322699
1.283132
1.290487
1.309002
1.316104
1.336902
1.346794
1.333098
1.285668
1.268675
1.264363
1.260305
1.260812
1.257261
1.255739
1.280596
1.301140
1.295306
1.278566
1.290487
1.289219
1.267660
1.304183
1.301140
1.313822
1.324728
1.329800
1.323206
1.336902
1.328279
1.339692
1.363787
1.384332
1.373933
1.415529
1.447233
1.457632
1.456110
1.448501
1.488321
1.512670
1.477922
1.432268
1.447740
1.467777
1.498467
1.442414
1.436327
1.379513
1.365563
1.378498
1.374186
1.441146
1.441906
1.435058
1.397267
1.414768
1.407666
1.406905
1.406651
1.423138
1.455603
1.460422
1.479444
1.471074
1.501257
1.508866
1.487814
1.512417
1.519772
1.508612
1.528142
1.544121
1.564411
1.561875
1.560353
1.516475
1.535751
1.583688
1.608544
1.624523
1.632385
1.624523
1.612348
1.638726
1.623762
1.567709
1.579629
1.573796
1.541331
1.550208
1.592565
1.609051
1.652422
1.657749
1.679815
1.679561
1.682097
1.641516
1.674488
1.687424
1.680068
1.687170
1.693511
1.707968
1.708475
1.674996
1.667133
1.676517
1.660285
1.676010
1.730288
1.735360
1.764528
1.763514
1.753622
1.754129
1.765289
1.777464
1.762753
1.738150
1.769094
1.760216
1.790145
1.818045
1.830727
1.827176
1.823118
1.843155
1.845437
1.851778
1.887287
1.884751
1.924571
1.948920
1.975805
1.987979
1.969210
1.979356
2.001168
2.003958
1.986204
2.039213
2.043271
2.049866
2.053924
2.084106
2.054685
2.081824
2.103636
2.101354
2.127224
2.124434
2.021459
2.049359
2.097803
2.119108
2.126971
2.094759
2.063309
2.018669
2.016386
2.026024
1.951456
1.972254
1.923810
1.821849
1.832502
1.764528
1.837321
1.871562
1.888555
1.830980
1.863699
1.853046
1.788877
1.674996
1.687677
1.713548
1.793442
1.809929
1.827683
1.862431
1.878156
1.864460
1.903519
1.926093
1.927361
1.904788
1.932180
1.878917
1.890077
1.860655
1.829712
1.833770
1.822103
1.787355
1.790399
1.808407
1.889823
1.885765
1.907070
1.919498
1.930405
1.933448
1.977073
1.998632
1.991784
1.981131
2.011821
2.016640
1.973776
1.983414
1.945115
1.965406
2.030083
2.048091
2.051388
2.054685
2.066859
2.071171
2.078527
2.070157
2.077512
2.081824
2.140920
2.143457
2.141935
2.146754
2.140413
2.160197
2.094252
2.142696
2.061787
2.006748
2.078780
2.110992
2.130014
2.125702
2.143203
2.160450
2.141935
2.106933
2.115303
2.117586
2.136101
2.129507
2.110992
2.059758
2.009285
2.004212
1.955768
1.975805
2.035916
2.035155
2.057982
2.070918
2.098310
2.104651
2.079287
2.083092
2.077258
2.038199
2.038960
2.021713
2.054431
1.995588
2.024756
2.040735
2.046822
2.047583
1.992291
1.990769
1.959826
1.944862
1.897686
1.880185
1.888301
1.890838
1.872830
1.864967
1.902759
1.893881
1.857104
1.850003
1.857865
1.887033
1.893881
1.911382
1.898447
1.879171
1.908592
1.929897
1.929390
1.946383
1.939028
1.947652
1.905041
1.910114
1.925078
1.936745
1.924317
1.915187
1.890330
1.859387
1.869786
1.909099
1.906817
1.919752
1.926600
1.920513
1.924064
1.903266
1.924064
1.964391
1.970225
1.960841
1.985950
1.998378
1.993559
1.985697
1.965660
1.987218
1.974283
1.990516
2.000154
1.992291
1.975551
1.889316
1.893881
1.934463
1.925332
1.916201
1.897432
1.861670
1.858119
1.826668
1.823371
1.808153
1.820835
1.755651
1.724201
1.725976
1.700105
1.701881
1.742209
1.746520
1.670937
1.696301
1.697062
1.685141
1.709743
1.757173
1.733331
1.731810
1.754637
1.756158
1.722932
1.702388
1.712280
1.707714
1.716845
1.708983
1.709997
1.743730
1.736882
1.734853
1.710251
1.678293
1.708729
1.712026
1.696301
1.695033
1.676264
1.668148
1.624523
1.612348
1.586985
1.584956
1.580644
1.607275
1.621225
1.617928
1.652676
1.664850
1.648110
1.652930
1.638980
1.645067
1.673474
1.700359
1.702134
1.717352
1.728005
1.740179
1.737389
1.762499
1.759456
1.754637
1.783804
1.764275
1.771630
1.775688
1.795725
1.813226
1.765036
1.778478
1.770108
1.792174
1.826161
1.836307
1.828190
1.824132
1.785833
1.791413
1.805871
1.774927
1.782790
1.799276
1.840618
1.841886
1.827429
1.860655
1.876381
1.881200
1.883482
1.886019
1.864967
1.883482
1.906817
1.913157
1.879678
1.844676
1.853554
1.854061
1.861163
1.892867
1.882721
1.861416
1.894135
1.940550
1.943340
1.952217
1.961094
1.929390
1.945623
1.923049
1.989501
2.023742
2.012328
2.029575
2.072186
2.058997
2.030590
2.031097
2.047583
2.093237
2.078527
2.063309
2.104144
2.120376
2.160197
2.160197
2.167298
2.157153
2.048598
2.106173
2.053417
1.985443
2.016386
2.075990
2.092730
2.077766
2.127478
2.132297
2.120376
2.132297
2.094505
2.082838
2.078019
2.071425
2.047076
2.085375
2.082585
2.052402
2.079287
2.142949
2.144725
2.121898
2.110231
2.108963
2.091715
2.119108
2.099324
2.059250
2.033126
1.993559
1.962362
1.991530
1.997364
2.044032
2.059758
2.049105
2.031351
2.025010
1.973776
1.968450
1.973269
1.975551
1.938014
1.869279
1.878156
1.916962
1.853300
1.866996
1.824893
1.818045
1.843155
1.884243
1.907070
1.924064
1.918230
1.908592
1.958304
1.970732
2.010806
2.000407
2.017401
2.025263
2.001168
2.043525
2.001676
2.020444
2.026278
2.025517
2.046569
2.048598
2.031097
2.000154
2.015879
2.026785
2.026532
2.033633
2.021713
2.011314
2.036170
2.020952
2.039974
2.005734
2.012582
1.985189
1.983414
2.003451
2.005987
2.009285
1.985697
1.945369
1.926854
1.919245
1.931419
1.903519
1.908338
1.948413
1.922542
1.910621
1.932180
1.929897
1.921274
1.915187
1.889570
1.905802
1.914933
1.902251
1.883736
1.860148
1.838589
1.797501
1.821089
1.840365
1.798262
1.808407
1.824386
1.834024
1.833770
1.831741
1.809421
1.809421
1.804095
1.800037
1.806631
1.798262
1.789892
1.735107
1.737897
1.719381
1.698076
1.679815
1.670937
1.699598
1.720903
1.701374
1.729020
1.738658
1.742716
1.713548
1.713041
1.704163
1.729020
1.714055
1.684634
1.664597
1.644560
1.668148
1.668148
1.702388
1.738911
1.747788
1.751339
1.738404
1.760724
1.768840
1.809168
1.812211
1.815509
1.819820
1.814494
1.830980
1.813480
1.835038
1.839350
1.855075
1.853300
1.830980
1.829458
1.817791
1.828444
1.772645
1.778224
1.800798
1.802573
1.790399
1.791160
1.787863
1.791413
1.798769
1.780761
1.745759
1.754383
1.770108
1.791667
1.811704
1.824893
1.806378
1.797754
1.770869
1.764528
1.744491
1.765543
1.771630
1.798262
1.798769
1.786594
1.768586
1.760977
1.759963
1.741701
1.706193
1.689199
1.717352
1.711519
1.694018
1.674488
1.684887
1.692750
1.698330
1.676010
1.681083
1.717606
1.681336
1.668655
1.647096
1.651154
1.638219
1.613363
1.616406
1.604232
1.588760
1.632892
1.645828
1.639741
1.645067
1.614124
1.597130
1.563651
1.548179
1.571006
1.604739
1.621479
1.613870
1.648110
1.659017
1.669669
1.703403
1.707461
1.705939
1.698076
1.679815
1.698837
1.688692
1.682605
1.713802
1.713548
1.680068
1.678039
1.652169
1.654198
1.649886
1.642277
1.647603
1.641770
1.645574
1.660539
1.616914
1.640248
1.615392
1.577600
1.580390
1.591297
1.595608
1.583434
1.565933
1.531185
1.520786
1.504554
1.539302
1.545896
1.545135
1.520279
1.514953
1.522562
1.506329
1.480966
1.480459
1.492126
1.515207
1.482488
1.440892
1.430239
1.467016
1.507851
1.499228
1.489082
1.449515
1.418826
1.472596
1.440638
1.455349
1.482741
1.464226
1.460675
1.454588
1.483502
1.502525
1.506837
1.485531
1.513938
1.515714
1.526113
1.529664
1.524337
1.534483
1.529410
1.521801
1.525352
1.540063
1.572528
1.576332
1.591043
1.591297
1.581405
1.561875
1.558831
1.589521
1.574050
1.554520
1.548686
1.561875
1.578869
1.580898
1.601696
1.556549
1.552744
1.580390
1.580390
1.552237
1.544882
1.540570
1.522308
1.526366
1.525606
1.481727
1.473864
1.480966
1.520026
1.524337
1.513431
1.523830
1.526874
1.549447
1.558071
1.552744
1.529664
1.554520
1.556295
1.574050
1.559846
1.550208
1.558831
1.555534
1.553252
1.587492
1.593072
1.606515
1.609051
1.605500
1.578361
1.579629
1.572781
1.566948
1.566440
1.543106
1.564665
1.541077
1.544882
1.566948
1.558831
1.552998
1.535244
1.560861
1.580898
1.576586
1.577600
1.573796
1.539555
1.541077
1.535751
1.529664
1.526620
1.549701
1.546657
1.582927
1.575571
1.580898
1.591043
1.583688
1.578615
1.559339
1.533722
1.536258
1.539302
1.531693
1.543360
1.538034
1.532200
1.521040
1.508358
1.526620
1.498720
1.493648
1.503793
1.513431
1.501764
1.464987
1.471328
1.477922
1.494409
1.490350
1.479444
1.484517
1.482234
1.477922
1.472342
1.458139
1.452052
1.468284
1.466255
1.471074
1.490858
1.495169
1.486292
1.504047
1.503793
1.484010
1.486039
1.479951
1.473103
1.465241
1.460422
1.476147
1.463973
1.467270
1.452813
1.430239
1.430747
1.425167
1.407666
1.408427
1.426942
1.418065
1.421362
1.435819
1.473357
1.482234
1.481220
1.481220
1.474118
1.478430
1.444950
1.437341
1.448501
1.415782
1.413499
1.416289
1.409949
1.388643
1.423391
1.453827
1.446979
1.483249
1.487560
1.466255
1.460422
1.454334
1.447740
1.445965
1.465494
1.459661
1.467016
1.445711
1.446472
1.433537
1.403354
1.397013
1.388136
1.391687
1.415782
1.415021
1.411470
1.406651
1.410202
1.386614
1.376469
1.380527
1.365563
1.363787
1.342989
1.333605
1.329547
1.325742
1.337409
1.325996
1.336649
1.327518
1.304437
1.284907
1.284654
1.302408
1.288458
1.299618
1.333859
1.334366
1.352881
1.367845
1.366577
1.368099
1.356178
1.398028
1.394477
1.389404
1.396506
1.406905
1.406905
1.420601
1.453320
1.456364
1.448247
1.463212
1.489336
1.474372
1.477162
1.485785
1.490350
1.487307
1.464480
1.509119
1.520786
1.506837
1.496945
1.524337
1.536765
1.526366
1.526874
1.511402
1.513177
1.553252
1.556549
1.568216
1.555788
1.577600
1.568723
1.589268
1.599920
1.591804
1.610319
1.600935
1.571260
1.586731
1.552744
1.538541
1.543613
1.526113
1.532200
1.566187
1.568470
1.502018
1.538541
1.563397
1.551730
1.541838
1.533975
1.512924
1.494662
1.499989
1.493394
1.478683
1.489082
1.530678
1.537526
1.540824
1.530678
1.521547
1.527888
1.496945
1.488829
1.489336
1.476654
1.473103
1.470313
1.483502
1.484010
1.479951
1.473103
1.465494
1.483502
1.491111
1.496184
1.528395
1.530425
1.492887
1.519518
1.503286
1.493394
1.503539
1.528142
1.542092
1.543613
1.560607
1.549701
1.555027
1.548179
1.528395
1.539809
1.560861
1.582673
1.594847
1.601188
1.595101
1.578361
1.589521
1.594087
1.601949
1.605754
1.604993
1.591550
1.582673
1.561875
1.562890
1.544374
1.523069
1.485024
1.501764
1.492126
1.497199
1.482488
1.447486
1.448755
1.384332
1.388136
1.411724
1.400564
1.418826
1.435312
1.451545
1.453066
1.456871
1.452813
1.418319
1.416036
1.446472
1.486800
1.474118
1.502018
1.516728
1.497199
1.487560
1.458139
1.483249
1.523830
1.525606
1.499228
1.491872
1.466509
1.458139
1.465241
1.510641
1.519772
1.552744
1.569230
1.555534
1.565426
1.564158
1.579122
1.583180
1.583180
1.557817
1.530171
1.568723
1.565933
1.572020
1.579883
1.584956
1.614377
1.623254
1.599159
1.586985
1.554773
1.580390
1.608036
1.604739
1.608290
1.614631
1.612602
1.602710
1.583941
1.584702
1.602710
1.619196
1.602964
1.614631
1.656988
1.659017
1.645321
1.622240
1.642277
1.671698
1.690467
1.709236
1.689199
1.698584
1.709490
1.699598
1.655466
1.646589
1.657495
1.707714
1.680829
1.638219
1.634161
1.597130
1.594847
1.571006
1.587492
1.550969
1.552744
1.561875
1.583180
1.562129
1.531439
1.510134
1.524337
1.535751
1.516221
1.550208
1.575571
1.605754
1.604739
1.617674
1.602456
1.592311
1.581151
1.580137
1.607275
1.633146
1.647350
1.578615
1.598906
1.623508
1.606261
1.589775
1.602710
1.606515
1.594087
1.606515
1.611587
1.587999
1.579122
1.583434
1.568723
1.551476
1.554266
1.569484
1.595355
1.575825
1.601442
1.600935
1.617167
1.619196
1.619957
1.585463
1.608544
1.629595
1.605246
1.580137
1.574050
1.606007
1.624269
1.615138
1.592565
1.573035
1.594340
1.631117
1.642784
1.654451
1.638219
1.625030
1.636951
1.619957
1.641770
1.690721
1.672206
1.683873
1.662568
1.683873
1.705178
1.699598
1.697062
1.676010
1.664597
1.655212
1.585970
1.589268
1.560100
1.580390
1.611841
1.607529
1.592565
1.591804
1.590028
1.547164
1.548433
1.552744
1.572020
1.567201
1.604739
1.602964
1.571260
1.529156
1.551476
1.549447
1.551983
1.564411
1.531185
1.512670
1.513177
1.528903
1.532454
1.535497
1.557056
1.575318
1.584702
1.599159
1.587238
1.602203
1.588760
1.587492
1.591550
1.590028
1.571767
1.550969
1.540824
1.534483
1.513177
1.478683
1.506583
1.513431
1.524337
1.532200
1.509627
1.499989
1.485531
1.515460
1.512417
1.513431
1.484771
1.476908
1.464226
1.466509
1.480205
1.485785
1.499481
1.511148
1.511909
1.526113
1.509119
1.513938
1.508866
1.491619
1.507344
1.503286
1.490858
1.517996
1.520533
1.513938
1.533215
1.543360
1.524591
1.515460
1.478683
1.489336
1.503032
1.509880
1.499481
1.517236
1.523576
1.541331
1.540316
1.545643
1.554012
1.551730
1.551476
1.560100
1.535497
1.526113
1.543613
1.560607
1.552491
1.545135
1.536765
1.548686
1.560607
1.581659
1.569230
1.581912
1.592057
1.614631
1.624015
1.611841
1.623001
1.603725
1.621733
1.623254
1.626044
1.611334
1.616153
1.642277
1.642277
1.632132
1.620464
1.636190
1.645828
1.643291
1.631624
1.636190
1.643545
1.623762
1.601949
1.603217
1.585463
1.605246
1.621733
1.636697
1.659017
1.673220
1.681336
1.681844
1.680068
1.676264
1.690467
1.690214
1.638980
1.646081
1.650647
1.661046
1.643545
1.656227
1.668148
1.668148
1.668148
1.676517
1.679561
1.702388
1.710758
1.704417
1.697315
1.686916
1.698076
1.674996
1.675503
1.694525
1.679054
1.673474
1.651915
1.655466
1.656988
1.690214
1.704163
1.709490
1.706446
1.717606
1.728005
1.717606
1.735107
1.725722
1.755651
1.727751
1.744745
1.714309
1.709490
1.731810
1.727751
1.718367
1.719381
1.737897
1.768333
1.789638
1.793950
1.798008
1.815509
1.806631
1.845437
1.882214
1.921274
1.907831
1.957290
1.886019
1.981131
1.998886
2.003197
2.009792
2.023234
2.047076
2.042257
2.035662
2.009031
1.985189
1.970732
2.013850
2.039467
2.047330
2.036423
2.095266
2.161972
2.194183
2.187589
2.167045
2.161211
2.171356
2.193676
2.180994
2.215489
2.240598
2.148529
2.222844
2.284477
2.298427
2.276107
2.291325
2.273571
2.237047
2.213713
2.199256
2.185814
2.218025
2.205343
2.185306
2.145993
2.143710
2.196466
2.211177
2.208894
2.232736
2.253280
2.269513
2.248968
2.275346
2.294369
2.319732
2.253787
2.282702
2.259621
2.227917
2.263679
2.267991
2.268498
2.287267
2.308826
2.351436
2.358031
2.409265
2.402417
2.414337
2.466079
2.485862
2.490681
2.453904
2.482057
2.550285
2.547241
2.590613
2.661884
2.693081
2.724531
2.684457
2.656557
2.709313
2.747612
2.719458
2.645651
2.719712
2.717937
2.631701
2.723263
2.808484
2.841710
2.841963
2.851348
2.787179
2.824716
2.817107
2.834608
2.726053
2.704748
2.693334
2.783881
2.866566
2.895226
2.915771
2.892183
2.871131
2.916785
3.010122
3.078350
3.213790
3.233827
3.309410
3.367492
3.357093
3.187412
3.203391
3.347201
3.444597
3.413653
3.355318
3.380427
3.376623
3.373579
3.430393
3.479344
3.503947
3.450937
3.344411
3.389812
3.262488
3.061356
3.147084
3.206435
3.094836
2.840442
2.730111
2.906640
2.808230
2.676848
2.563474
2.502348
2.331653
2.247954
2.317703
2.414337
2.581735
2.648948
2.498036
2.561698
2.710074
2.774497
2.829028
2.826238
2.876711
2.823955
2.632208
2.613947
2.699675
2.634745
2.632208
2.577677
2.687754
2.657572
2.654782
2.716668
2.825224
2.827506
2.773736
2.832072
2.819644
2.840188
2.661123
2.703479
2.632716
2.514523
2.346871
2.220561
2.236287
2.345856
2.456694
2.409772
2.310601
2.319225
2.282194
2.360821
2.424229
2.387199
2.390242
2.230707
2.138891
2.306797
2.270527
2.302739
2.389988
2.409772
2.386184
2.396837
2.368683
2.414084
2.395061
2.409518
2.495500
2.525429
2.614454
2.634745
2.601012
2.686232
2.721995
2.703226
2.737720
2.573112
2.647934
2.701197
2.732394
2.737213
2.698407
2.708299
2.716415
2.693334
2.676341
2.799607
2.802650
2.866312
2.905879
2.912220
2.952294
2.942402
2.893451
2.941134
2.901314
2.873668
2.936061
2.954069
2.927438
2.933525
2.969795
2.942149
2.813556
2.851601
2.896241
2.912727
2.955845
2.917039
2.949758
2.938090
2.935300
2.929213
2.897255
2.930228
2.956859
2.963961
3.023819
3.009615
3.056537
3.084691
3.061864
3.057045
3.055269
2.985266
3.005811
2.992875
2.960410
2.747612
2.771453
2.801889
2.601772
2.657825
2.536589
2.582496
2.517566
2.595685
2.515030
2.537603
2.604562
2.563474
2.483833
2.499051
2.514523
2.375531
2.357777
2.306797
2.404192
2.390749
2.456187
2.482057
2.524668
2.493217
2.507421
2.576155
2.580721
2.558655
2.555611
2.605831
2.580974
2.592388
2.407743
2.440715
2.357016
2.417635
2.520102
2.503363
2.462020
2.496007
2.494485
2.447056
2.423975
2.422200
2.496261
2.492456
2.467854
2.546227
2.607860
2.641847
2.627643
2.637535
2.610903
2.606084
2.591627
2.551299
2.640071
2.632208
2.626375
2.676848
2.694349
2.661884
2.651231
2.712610
2.696378
2.713371
2.728589
2.720219
2.691559
2.698153
2.621302
2.611664
2.622063
2.615722
2.638296
2.660362
2.649202
2.662898
2.713118
2.711088
2.719712
2.632462
2.566771
2.569561
2.579706
2.586808
2.585794
2.612171
2.594163
2.546988
2.553836
2.564235
2.603548
2.584272
2.564235
2.564996
2.552314
2.549524
2.622570
2.636520
2.646158
2.663913
2.680906
2.680399
2.672790
2.581989
2.597714
2.676594
2.668478
2.671522
2.699168
2.689276
2.701450
2.677862
2.682682
2.730111
2.726814
2.724277
2.717176
2.724024
2.774750
2.783628
2.805694
2.841456
2.830296
2.818122
2.885335
2.895480
2.882291
2.911713
2.894212
2.879501
2.861493
2.871131
2.839934
2.832325
2.898777
2.847290
2.893451
2.881530
2.831564
2.847797
2.861240
2.870624
2.854899
2.856420
2.869609
2.848051
2.818883
2.844246
2.888632
2.880008
2.906640
2.885081
2.894212
2.858196
2.857942
2.859718
2.861240
2.874936
2.871892
2.867327
2.857942
2.840442
2.823448
2.846275
2.877218
2.873668
2.878740
2.857435
2.817107
2.813556
2.796309
2.823702
2.843485
2.854391
2.872907
2.861240
2.818122
2.827760
2.837144
2.848558
2.857435
2.887871
2.907654
2.901314
2.902582
2.876711
2.874936
2.889139
2.872399
2.877472
2.868088
2.877218
2.861240
2.857181
2.855406
2.843992
2.848051
2.857181
2.845007
2.839934
2.822687
2.814825
2.831818
2.812288
2.828774
2.807469
2.810006
2.809245
2.810513
2.799607
2.789969
2.785149
2.797070
2.815839
2.815332
2.831311
2.841202
2.844500
2.810513
2.831057
2.803157
2.805187
2.811274
2.825731
2.832072
2.840695
2.771707
2.788193
2.759532
2.723263
2.726053
2.701704
2.677609
2.696631
2.684711
2.665434
2.670761
2.675833
2.673804
2.673551
2.691812
2.708552
2.743807
2.736959
2.718697
2.729350
2.731633
2.713878
2.694602
2.692573
2.688008
2.705509
2.726560
2.706269
2.724531
2.727828
2.721995
2.725038
2.738735
2.737720
2.740256
2.731633
2.746344
2.773482
2.821419
2.834101
2.838412
2.819897
2.848051
2.829535
2.897002
2.900299
2.936569
2.911966
2.889900
2.858703
2.876965
2.872653
2.853631
2.847290
2.878487
2.892690
2.879501
2.840442
2.863269
2.889646
2.906133
2.927438
2.936315
2.904357
2.906386
2.923380
2.915263
2.919829
2.945192
2.912727
2.910698
2.906133
2.885335
2.918561
2.986534
3.014181
3.046646
3.069980
3.092300
3.081901
3.116902
3.091539
3.059835
3.082915
3.104981
3.132881
3.110308
3.076828
3.103967
3.110054
3.100416
3.103460
3.102445
3.084691
3.074799
3.046646
2.993129
2.997441
2.999470
3.033964
3.056537
3.085959
3.128316
3.099909
3.094836
3.096358
3.100416
3.135925
3.136432
3.178281
3.162556
3.168897
3.170672
3.166614
3.161542
3.183100
3.232305
3.252342
3.268321
3.291909
3.293685
3.242197
3.230276
3.222414
3.262234
3.247777
3.299011
3.292924
3.345933
3.390826
3.423545
3.411624
3.440792
3.436734
3.425320
3.376623
3.444343
3.454996
3.445104
3.444343
3.482642
3.471228
3.497352
3.515107
3.502171
3.519165
3.588407
3.620111
3.596523
3.613516
3.585617
3.564819
3.547318
3.578769
3.623662
3.654351
3.644206
3.625691
3.590943
3.638626
3.628734
3.639641
3.621379
3.514092
3.569892
3.599820
3.579276
3.584856
3.592972
3.632032
3.677178
3.671345
3.676418
3.733231
3.745152
3.743123
3.763668
3.745660
3.779139
3.785734
3.781168
3.785226
3.760370
3.773306
3.773306
3.818199
3.853961
3.836968
3.773306
3.755551
3.744138
3.757834
3.739826
3.742362
3.735768
3.734246
3.748703
3.743377
3.768994
3.791821
3.787509
3.761385
3.793089
3.797654
3.805263
3.806532
3.818706
3.830880
3.832402
3.831388
3.858526
3.876534
3.896064
3.946284
3.924218
3.925739
3.927007
3.928276
3.934870
3.970632
4.018569
3.988894
4.035563
4.095420
4.173539
4.155785
4.149951
4.239991
4.243035
4.284884
4.332314
4.303400
4.165423
4.165169
4.120783
4.144118
4.189265
4.111399
4.085021
4.121291
4.128900
4.081724
4.011467
4.074876
4.155531
4.084007
4.112414
4.104044
4.045962
4.056868
4.144879
4.132704
4.192054
4.195605
4.174300
4.202453
4.118754
4.150459
4.153249
4.257746
4.253941
4.272203
4.268905
4.291986
4.320647
4.324705
4.313799
4.359199
4.396483
4.438840
4.403078
4.409926
4.404853
4.442644
4.493371
4.457101
4.417788
4.440615
4.363257
4.328509
4.408150
4.414237
4.455326
4.481704
4.361735
4.221983
4.153249
3.962009
4.037845
4.123066
4.152741
4.247600
4.269159
4.315574
4.252166
4.208794
4.234919
4.178866
4.168974
4.242781
4.214121
4.266623
4.283616
4.276007
4.233904
4.229085
4.260282
4.237962
4.262565
4.270935
4.238977
4.185460
4.091362
4.020598
4.024403
3.962009
4.049259
4.027954
4.014257
3.982553
3.952371
3.940704
4.045962
4.064223
4.015526
3.971901
3.866643
3.799683
3.809575
3.850917
3.801459
3.795118
3.910014
3.887948
3.811604
3.813380
3.823779
3.833417
3.811604
3.882875
3.965560
3.958965
3.964799
3.947045
3.967842
3.986865
3.930558
3.918130
3.977734
4.006648
3.968603
3.895050
3.862838
3.854468
3.857005
3.825047
3.741094
3.813380
3.799430
3.898601
3.948059
3.931573
3.962770
3.925739
3.955414
4.015779
4.012989
3.999547
4.011975
3.925232
3.926754
3.893274
3.919652
3.825554
3.774574
3.679968
3.631524
3.721818
3.596777
3.614277
3.582320
3.587139
3.623915
3.722325
3.751239
3.706093
3.766711
3.793089
3.747181
3.748957
3.721818
3.759356
3.848635
3.904688
3.941465
3.956936
3.904180
3.894035
3.925993
3.930812
3.853454
3.794864
3.753522
3.716999
3.820228
3.777871
3.855229
3.862585
3.838236
3.824286
3.751239
3.743377
3.694172
3.735261
3.792328
3.787763
3.790299
3.800191
3.879071
3.877803
3.864360
3.823271
3.829866
3.821242
3.863599
3.772545
3.735007
3.766204
3.718774
3.657902
3.646996
3.680983
3.699245
3.651308
3.727144
3.777110
3.781422
3.904941
3.858526
3.904941
3.881353
3.909760
3.748196
3.736529
3.737290
3.608444
3.686309
3.623662
3.599059
3.597284
3.518404
3.608444
3.708375
3.618082
3.630256
3.659931
3.648011
3.531339
3.577247
3.608190
3.622140
3.742870
3.690114
3.665511
3.637612
3.635583
3.569892
3.587646
3.609966
3.580037
3.615292
3.620872
3.693411
3.605907
3.632285
3.614277
3.532861
3.539709
3.524998
3.572935
3.527027
3.561014
3.651308
3.656127
3.660692
3.596777
3.605400
3.557463
3.583588
3.601596
3.655366
3.602103
3.592211
3.535144
3.482895
3.461590
3.391841
3.400718
3.389304
3.367746
3.355825
3.364448
3.318794
3.314736
3.390573
3.399196
3.386261
3.431154
3.436988
3.458039
3.440792
3.498874
3.509273
3.478330
3.538187
3.566848
3.528042
3.531086
3.545289
3.600835
3.618589
3.641923
3.638626
3.674389
3.725622
3.770262
3.801205
3.847113
3.850157
3.775335
3.885665
3.867150
3.903166
3.890231
3.934870
4.129661
4.054839
4.028968
4.037084
4.107848
4.171003
4.202961
4.199410
4.097196
3.971647
4.042918
4.078934
4.074622
4.056614
4.139552
4.261043
4.249883
4.274993
4.262565
4.259267
4.162887
4.145132
4.209809
4.191294
4.352604
4.478153
4.465218
4.493625
4.549678
4.587976
4.617144
4.627543
4.523553
4.493117
4.489059
4.580621
4.585947
4.556779
4.616383
4.497936
4.509604
4.512394
4.449239
4.369344
4.419817
4.441376
4.198903
4.233143
4.162379
4.090094
4.228831
4.166945
4.144879
4.239738
4.262565
4.182416
4.120783
4.174047
4.161111
4.085021
4.099478
4.142850
4.203468
4.195605
4.172778
4.172017
4.151727
4.102522
4.109624
4.079695
4.149444
4.261043
4.233650
4.214374
4.197127
4.194337
4.217418
4.282348
4.422861
4.411955
4.439601
4.408404
4.398512
4.463696
4.471559
4.579606
4.582650
4.519495
4.500219
4.527612
4.434021
4.418296
4.407897
4.427426
4.464964
4.458370
4.439094
4.435543
4.402824
4.474095
4.463950
4.444166
4.475870
4.518988
4.524568
4.514676
4.528880
4.471812
4.421339
4.368076
4.296805
4.288689
4.288435
4.350322
4.311770
4.392932
4.358692
4.359960
4.389381
4.390650
4.469022
4.474349
4.474856
4.482972
4.526597
4.447463
4.507067
4.498444
4.474602
4.499205
4.532431
4.539532
4.567432
4.600658
4.621710
4.627036
4.602941
4.551453
4.615115
4.583918
4.525836
4.565910
4.555258
4.563374
4.499712
4.517213
4.505292
4.517213
4.521271
4.473080
4.533192
4.547141
4.558301
4.608013
4.635659
4.624246
4.621456
4.630080
4.564135
4.604716
4.607506
4.570222
4.579353
4.618412
4.637689
4.628304
4.594064
4.610550
4.709467
4.722656
4.746244
4.740917
4.739396
4.730265
4.663559
4.670154
4.686386
4.686133
4.653667
4.695517
4.732294
4.694756
4.666856
4.603702
4.653921
4.642508
4.622978
4.605731
4.549170
4.553229
4.558048
4.549678
4.574787
4.601419
4.586708
4.584172
4.596093
4.585440
4.658233
4.674465
4.707691
4.695263
4.706170
4.708706
4.676241
4.698814
4.698561
4.738635
4.736098
4.786825
4.817515
4.898424
4.894112
4.854038
4.870524
4.832733
4.872553
4.844400
4.858857
4.823348
4.794180
4.788093
4.782006
4.810667
4.726714
4.758672
4.626021
4.342206
4.482465
4.529387
4.582143
4.535728
4.586708
4.649102
4.660262
4.652653
4.683089
4.740156
4.701351
4.682835
4.738381
4.736352
4.719612
4.713018
4.664574
4.694756
4.566164
4.726968
4.741932
4.776172
4.848458
4.770339
4.656457
4.710481
4.661023
4.568447
4.517466
4.344742
4.302385
4.221730
4.150966
4.232129
4.122559
4.213360
4.332567
4.319379
4.339923
4.284884
4.323183
4.318110
4.365286
4.361989
4.478153
4.455833
4.473841
4.438333
4.445181
4.528880
4.489567
4.465979
4.508589
4.536742
4.476378
4.548917
4.535474
4.507321
4.564388
4.625768
4.639210
4.627036
4.668632
4.693995
4.732040
4.712003
4.740664
4.775158
4.718851
4.717329
4.777187
4.824109
4.784289
4.804326
4.704648
4.759686
4.836030
4.786318
4.784289
4.848204
4.969188
4.931650
4.929874
4.942049
4.957267
4.933425
4.966398
4.985674
4.962339
5.004950
4.960310
5.043756
5.024733
5.016110
5.118070
5.093468
5.158144
5.186805
5.196190
5.279128
5.368407
5.400364
5.422684
5.624323
5.734400
5.763314
5.861217
5.863499
5.995135
5.957597
5.965460
5.662622
5.813533
5.883536
5.961909
5.989048
6.099886
5.792482
5.796286
5.863499
5.991584
5.994628
6.048144
6.110285
6.084668
6.143003
6.065138
6.000208
6.022781
5.967996
5.856144
5.828751
5.906110
5.975352
6.029629
5.989048
5.897233
5.985243
6.010099
6.057022
5.973069
6.000461
6.185360
6.185360