1.000000
0.999000
0.999000
0.991000
0.991000
0.986000
0.980000
0.991000
1.000000
1.002000
1.001000
0.998000
0.997000
0.997000
0.997000
1.014000
1.011000
1.021000
1.025000
1.020000
1.015000
1.022000
1.032000
1.031000
1.027000
1.032000
1.029000
1.028000
1.023000
1.027000
1.027000
1.035000
1.047000
1.052000
1.042000
1.053000
1.066000
1.056000
1.048000
1.048000
1.040000
1.051000
1.056000
1.053000
1.050000
1.049000
1.053000
1.048000
1.038000
1.042000
1.072000
1.072000
1.075000
1.095000
1.095000
1.106000
1.094000
1.091000
1.099000
1.096000
1.094000
1.093000
1.086888
1.080776
1.094018
1.094018
1.095037
1.099111
1.098093
1.105223
1.097074
1.076701
1.075683
1.059385
1.047161
1.043086
1.034937
1.041049
1.031881
1.027807
1.031881
1.022714
1.018639
1.013546
1.002341
0.988080
0.991136
0.993173
0.976875
0.957521
0.958539
0.982987
0.981968
1.030863
1.032900
1.019658
1.011509
1.004378
0.996229
1.007434
1.006415
1.033919
1.033919
1.039012
1.037993
1.040030
1.051235
1.042068
1.043086
1.034937
1.026788
1.031881
1.027807
1.018639
1.016602
1.015583
1.011509
1.027807
1.025769
1.027807
1.026788
1.023732
1.023732
1.028825
1.029844
1.036975
1.035956
1.046142
1.054291
1.052254
1.048180
1.052254
1.056329
1.061422
1.057347
1.070590
1.070590
1.070590
1.074664
1.084851
1.075683
1.089944
1.083832
1.087906
1.070590
1.070590
1.081795
1.078739
1.083832
1.079757
1.076701
1.069571
1.067534
1.077720
1.091981
1.096056
1.096056
1.086888
1.101149
1.103186
1.099111
1.100130
1.111335
1.117447
1.116428
1.115410
1.114391
1.109298
1.099111
1.085869
1.081795
1.083832
1.080776
1.081795
1.088925
1.095213
1.091021
1.096261
1.103598
1.099405
1.091021
1.093117
1.102550
1.098357
1.097309
1.102550
1.102550
1.091021
1.080541
1.083685
1.076348
1.078444
1.070060
1.076348
1.069012
1.072156
1.069012
1.074252
1.079493
1.072156
1.074252
1.070060
1.060628
1.061676
1.060628
1.073204
1.074252
1.069012
1.073204
1.074252
1.075300
1.071108
1.063772
1.064820
1.060628
1.061676
1.052243
1.055387
1.063772
1.063772
1.075300
1.075300
1.073204
1.080541
1.081589
1.088925
1.088925
1.091021
1.092069
1.098357
1.108838
1.115126
1.116174
1.120367
1.132943
1.129799
1.139231
1.149712
1.168577
1.170673
1.175913
1.174865
1.182202
1.178009
1.166481
1.169625
1.185346
1.190586
1.193730
1.190586
1.195826
1.212595
1.228316
1.218883
1.213643
1.202114
1.212595
1.218883
1.232508
1.230412
1.206307
1.195826
1.194778
1.206307
1.201066
1.198970
1.211547
1.219931
1.227268
1.236700
1.225172
1.227268
1.225172
1.205259
1.206307
1.205259
1.214691
1.225172
1.230412
1.242988
1.246133
1.239844
1.247181
1.252603
1.266702
1.273209
1.267786
1.275378
1.286223
1.299237
1.299237
1.315505
1.337195
1.350209
1.378406
1.390335
1.387082
1.403349
1.408772
1.408772
1.383828
1.401180
1.407687
1.415279
1.441307
1.436969
1.466251
1.491194
1.511800
1.516138
1.523730
1.539997
1.581208
1.618081
1.640856
1.643025
1.690743
1.764490
1.718940
1.699419
1.723278
1.754729
1.748222
1.704842
1.709180
1.709180
1.728701
1.764490
1.795940
1.781842
1.805701
1.782926
1.780757
1.762321
1.690743
1.696166
1.687490
1.699419
1.700504
1.688574
1.701588
1.738462
1.766659
1.774491
1.762184
1.756590
1.758827
1.770016
1.765541
1.763303
1.808057
1.819245
1.834909
1.837147
1.830434
1.860643
1.858405
1.851692
1.855048
1.863999
1.793512
1.801344
1.820364
1.811413
1.771135
1.781204
1.791274
1.793512
1.813651
1.810294
1.793512
1.778967
1.731975
1.724143
1.714074
1.699529
1.670439
1.652537
1.678271
1.676033
1.697291
1.706242
1.679389
1.697291
1.717430
1.707361
1.705123
1.711836
1.738688
1.738688
1.748758
1.752114
1.777848
1.786799
1.789036
1.783442
1.770016
1.793512
1.789036
1.789036
1.774491
1.776729
1.783442
1.791274
1.785680
1.780086
1.801344
1.813651
1.822602
1.824839
1.830434
1.828196
1.828196
1.821483
1.825958
1.853929
1.870712
1.900921
1.907634
1.899802
1.874069
1.878544
1.843860
1.853929
1.872950
1.888614
1.884138
1.861761
1.894208
1.909872
1.918823
1.900921
1.902040
1.922179
1.925536
1.919941
1.925536
1.930011
1.928892
1.921060
1.931130
1.914347
1.884138
1.896446
1.935605
1.943437
1.977003
1.989310
2.019519
2.047490
2.046371
2.063154
2.090006
2.091125
2.122453
2.169444
2.217555
2.248882
2.254477
2.227624
2.209723
2.166088
2.223149
2.236575
2.247764
2.273497
2.361617
2.467361
2.462955
2.482782
2.458549
2.436519
2.465158
2.462955
2.496000
2.496000
2.540060
2.555481
2.570902
2.614962
2.705285
2.760360
2.749345
2.725112
2.824247
2.896946
2.892540
2.905758
2.980660
3.075389
3.081998
3.086404
2.993878
3.053359
3.097419
3.088607
2.947615
2.967442
2.885931
2.846277
2.872713
2.907961
2.938803
2.923382
3.013705
3.066577
3.123855
3.181133
3.174524
3.194351
2.956427
3.000487
2.914570
2.952021
2.923382
2.974051
3.044547
3.077592
3.055562
3.048953
3.055562
3.022517
3.073186
3.051156
3.088607
3.084201
3.108434
3.121652
3.121652
3.148088
3.159103
3.159103
3.141479
3.134870
3.185539
3.218584
3.240614
3.269253
3.267050
3.311111
3.348562
3.383810
3.425667
3.421261
3.491757
3.504975
3.509381
3.386013
3.485148
3.588689
3.612922
3.606313
3.630546
3.597501
3.619531
3.720869
3.707651
3.720869
3.712057
3.760523
3.683418
3.769335
3.826613
3.831019
3.886094
3.905921
3.952184
3.921342
3.936763
4.011665
4.119612
3.947778
4.057928
3.972011
3.760523
3.813395
3.853049
3.991323
4.020573
4.110983
4.209370
4.275847
4.241279
4.275847
4.366257
4.358280
4.283825
4.275847
4.182778
4.100346
4.142892
4.235961
4.116301
4.044505
4.017914
4.087051
4.012595
3.866344
3.959413
4.036527
3.988664
3.986004
3.996641
3.991323
3.927504
3.988664
4.017914
4.020573
4.113642
4.209370
4.206710
4.243938
4.262552
4.286484
4.342325
4.376893
4.262552
4.352961
4.430076
4.488576
4.499212
4.477940
4.504531
4.459326
4.477940
4.533781
4.555054
4.512508
4.440712
4.584304
4.666736
4.727896
4.797033
4.863510
4.874147
4.852874
4.810328
4.871488
4.914033
5.007102
4.988488
4.985829
5.036352
5.001784
5.044330
4.919352
4.945943
4.996466
5.009761
5.084216
5.073580
5.044330
5.071919
5.058125
5.053526
5.016740
4.989150
5.016740
5.090313
5.136296
5.159287
5.182278
5.209868
5.173082
5.182278
5.191475
5.196073
5.127099
5.131697
5.081116
5.104107
5.113304
4.989150
4.989150
5.030535
5.090313
5.150090
5.099509
5.012142
5.048928
5.044330
5.062723
4.970757
4.938569
4.915577
4.901782
5.016740
4.966159
4.943167
4.961560
4.998347
4.956962
4.842005
4.892586
4.874193
4.842005
4.819013
4.901782
4.846603
4.897184
4.920176
4.993748
5.007543
5.035133
5.122501
5.127099
5.085714
4.979953
5.030535
4.989150
4.975355
5.044330
5.090313
5.127099
5.182278
5.186877
5.228261
5.301834
5.283441
5.352415
5.398398
5.421390
5.483267
5.459468
5.549904
5.578463
5.602261
5.607021
5.587982
5.511826
5.459468
5.473747
5.345233
5.131043
5.259557
5.321434
5.354753
5.150082
5.183401
5.188161
5.131043
5.073926
5.321434
5.292876
5.240518
5.283356
5.235758
5.307155
5.373792
5.316675
5.311915
5.202440
5.102485
5.083445
5.159602
5.159602
5.183401
5.254797
5.183401
5.159602
5.202440
5.159602
5.021568
5.026328
4.926373
4.859736
4.835937
4.712183
4.583668
4.664585
4.755021
4.769300
4.636026
4.678864
4.683624
4.564629
4.659825
4.559870
4.402797
4.336160
4.412316
4.559870
4.612227
4.436115
4.474194
4.497992
4.331400
4.359959
4.293322
4.193366
4.112450
4.112450
4.141009
4.255244
4.483713
4.474194
4.421836
4.450395
4.569389
4.636026
4.616987
4.507512
4.588428
4.583668
4.588428
4.569389
4.645546
4.612227
4.593188
4.578909
4.426596
4.483713
4.436115
4.421836
4.331400
4.340920
4.402797
4.359959
4.355199
4.369478
4.359959
4.298082
4.269523
4.260003
4.093411
4.069612
4.045813
3.988696
3.983936
3.912539
4.026774
3.869701
3.907780
3.855422
3.907780
3.998215
4.012495
3.912539
3.903020
3.860182
3.850662
3.898260
3.879221
3.983936
3.993456
4.050573
4.031534
4.017255
4.045813
3.974417
3.907780
3.898260
3.964897
4.036294
4.036294
4.022014
4.088651
4.069612
4.083892
4.036294
4.022014
3.960137
3.979176
3.931579
3.874461
3.879221
3.879221
3.779266
3.679310
3.688830
3.693590
3.688830
3.688830
3.584115
3.607913
3.760226
3.674550
3.645992
3.641232
3.574595
3.546036
3.555556
3.603154
3.541277
3.522237
3.488919
3.484159
3.427042
3.365165
3.374684
3.379444
3.331846
3.341366
3.303288
3.260450
3.231891
3.417522
3.526997
3.422282
3.431802
3.507958
3.536517
3.393723
3.374684
3.312807
3.284248
3.179533
3.217612
3.170014
3.136695
3.041500
3.060539
3.108137
3.108137
3.060539
3.060539
3.027220
2.917745
2.946304
2.917745
2.941544
2.922505
2.912986
2.884427
2.932025
2.898706
2.912986
3.022461
3.008181
3.031980
3.108137
3.170014
3.222371
3.108137
3.208092
3.193813
3.174773
3.112896
3.108137
3.112896
3.141455
3.127176
3.170014
3.193813
3.260450
3.265209
3.308047
3.369924
3.327086
3.369924
3.331846
3.269969
3.298528
3.327086
3.346126
3.379444
3.398483
3.393723
3.308047
3.274729
3.279489
3.269969
3.269969
3.274729
3.265209
3.322327
3.374684
3.374684
3.350885
3.388964
3.393723
3.346126
3.427042
3.427042
3.446081
3.455601
3.474640
3.460360
3.493679
3.469880
3.517478
3.565075
3.612673
3.579355
3.669791
3.750707
3.788785
3.774506
3.764986
3.860182
3.926819
3.845903
3.731668
3.750707
3.803064
3.874461
3.764986
3.764986
3.655511
3.603154
3.631712
3.622193
3.745947
3.755467
3.755467
3.693590
3.717388
3.703109
3.698349
3.688830
3.717388
3.779266
3.793545
3.826863
3.817344
3.869701
3.879221
3.836383
3.893500
3.907780
3.903020
3.931579
3.964897
3.983936
3.974417
3.979176
3.888741
3.941098
4.026774
4.074372
4.102931
4.126730
4.121970
4.102931
4.160048
4.145769
4.050573
4.064852
4.045813
3.969657
3.979176
4.074372
4.102931
4.179087
4.207646
4.240964
4.240964
4.250484
4.174327
4.236205
4.255244
4.240964
4.245724
4.245724
4.283802
4.264763
4.207646
4.212406
4.240964
4.226685
4.240964
4.307601
4.321881
4.359959
4.355199
4.336160
4.336160
4.359959
4.388517
4.388517
4.331400
4.383758
4.374238
4.412316
4.445635
4.469434
4.455154
4.440875
4.464674
4.469434
4.474194
4.512272
4.502752
4.559870
4.612227
4.655065
4.678864
4.659825
4.669345
4.721702
4.726462
4.716942
4.821657
4.845456
4.850216
4.854976
4.916853
4.869255
4.912093
4.945412
4.921613
5.012049
5.035848
4.840697
4.893054
5.007289
5.097725
5.116764
5.078686
5.002529
4.902574
4.907334
4.907334
4.735981
4.755021
4.631266
4.412316
4.450395
4.312361
4.436115
4.512272
4.559870
4.483713
4.540830
4.526551
4.417076
4.188607
4.198126
4.240964
4.412316
4.440875
4.469434
4.531311
4.574149
4.540830
4.602708
4.664585
4.674104
4.640786
4.716942
4.607467
4.631266
4.559870
4.478953
4.493233
4.469434
4.398037
4.378998
4.417076
4.578909
4.574149
4.631266
4.664585
4.674104
4.669345
4.755021
4.821657
4.802618
4.802618
4.854976
4.878775
4.812138
4.826417
4.769300
4.826417
4.954931
5.002529
5.012049
5.040607
5.059647
5.059647
5.069166
5.054887
5.078686
5.102485
5.207200
5.211959
5.211959
5.235758
5.230999
5.283356
5.131043
5.221479
5.069166
4.940652
5.092965
5.173881
5.230999
5.230999
5.240518
5.302395
5.269077
5.192920
5.221479
5.221479
5.264317
5.240518
5.216719
5.112004
5.026328
5.031088
4.940652
4.978730
5.083445
5.073926
5.150082
5.169121
5.216719
5.245278
5.192920
5.240518
5.216719
5.140563
5.150082
5.145323
5.221479
5.131043
5.207200
5.230999
5.273837
5.273837
5.145323
5.169121
5.107244
5.054887
4.935892
4.883535
4.912093
4.926373
4.888294
4.859736
4.931132
4.935892
4.859736
4.850216
4.859736
4.921613
4.931132
4.973970
4.954931
4.945412
5.012049
5.059647
5.050127
5.097725
5.097725
5.140563
5.045367
5.059647
5.097725
5.116764
5.083445
5.054887
4.997769
4.935892
4.959691
5.054887
5.045367
5.064406
5.078686
5.069166
5.088205
5.026328
5.078686
5.159602
5.164362
5.159602
5.216719
5.226239
5.211959
5.197680
5.164362
5.226239
5.197680
5.230999
5.250038
5.226239
5.188161
5.021568
5.035848
5.140563
5.116764
5.102485
5.092965
5.016808
5.002529
4.916853
4.874015
4.854976
4.907334
4.783579
4.716942
4.702663
4.636026
4.607467
4.683624
4.693143
4.564629
4.607467
4.612227
4.574149
4.612227
4.697903
4.664585
4.664585
4.693143
4.707423
4.678864
4.640786
4.645546
4.640786
4.655065
4.655065
4.659825
4.702663
4.707423
4.707423
4.650305
4.569389
4.621747
4.626506
4.616987
4.616987
4.578909
4.555110
4.440875
4.421836
4.374238
4.345679
4.321881
4.388517
4.417076
4.412316
4.497992
4.526551
4.488473
4.502752
4.459914
4.469434
4.540830
4.616987
4.621747
4.659825
4.693143
4.716942
4.702663
4.774060
4.778819
4.769300
4.850216
4.788339
4.807378
4.826417
4.888294
4.921613
4.812138
4.850216
4.821657
4.878775
4.969211
4.988250
4.983490
4.978730
4.874015
4.893054
4.931132
4.854976
4.864496
4.902574
4.997769
5.007289
4.969211
5.050127
5.069166
5.092965
5.102485
5.121524
5.083445
5.135803
5.178641
5.188161
5.126283
5.021568
5.035848
5.002529
5.002529
5.092965
5.097725
5.050127
5.126283
5.250038
5.264317
5.283356
5.292876
5.211959
5.264317
5.202440
5.335714
5.407110
5.392831
5.421390
5.564183
5.554664
5.473747
5.478507
5.502306
5.616541
5.573703
5.521345
5.630820
5.687938
5.749815
5.768854
5.797412
5.783133
5.502306
5.616541
5.454708
5.292876
5.349993
5.483267
5.535625
5.473747
5.607021
5.645099
5.649859
5.678418
5.621301
5.597502
5.611781
5.583222
5.535625
5.616541
5.597502
5.540384
5.630820
5.787893
5.816452
5.768854
5.749815
5.745055
5.687938
5.759334
5.721256
5.645099
5.564183
5.464228
5.402351
5.473747
5.492787
5.640340
5.692697
5.716496
5.683178
5.654619
5.549904
5.526105
5.540384
5.549904
5.500395
5.312263
5.327116
5.455838
5.297410
5.337017
5.238000
5.143934
5.233049
5.332066
5.391477
5.480592
5.460789
5.455838
5.544953
5.619216
5.708331
5.698429
5.767741
5.822201
5.767741
5.846955
5.703380
5.742987
5.772692
5.777643
5.881611
5.876660
5.832102
5.738036
5.792496
5.866758
5.866758
5.916267
5.896463
5.851906
5.866758
5.812299
5.911316
5.812299
5.822201
5.792496
5.832102
5.871709
5.911316
5.950923
5.931119
5.856857
5.802397
5.742987
5.832102
5.837053
5.866758
5.950923
5.945972
5.980628
6.020235
6.049940
6.089547
6.079645
5.980628
6.015284
6.015284
5.985579
5.916267
5.896463
5.837053
5.718233
5.827152
5.906365
5.807348
5.802397
5.851906
5.851906
5.891513
5.876660
5.827152
5.827152
5.812299
5.772692
5.802397
5.787545
5.767741
5.648921
5.658823
5.624167
5.614265
5.564756
5.540002
5.614265
5.634068
5.589511
5.634068
5.658823
5.673675
5.589511
5.604363
5.599412
5.653872
5.614265
5.549904
5.520199
5.510297
5.544953
5.549904
5.639019
5.718233
5.728135
5.728135
5.688528
5.757840
5.762790
5.876660
5.911316
5.931119
5.931119
5.911316
5.941021
5.886562
5.950923
5.965775
6.000431
5.975677
5.941021
5.916267
5.876660
5.876660
5.733085
5.747938
5.802397
5.782594
5.752889
5.757840
5.738036
5.738036
5.762790
5.688528
5.559806
5.574658
5.629117
5.683577
5.693479
5.742987
5.723184
5.698429
5.629117
5.599412
5.559806
5.619216
5.614265
5.698429
5.713282
5.658823
5.624167
5.614265
5.589511
5.549904
5.470690
5.436034
5.515248
5.485543
5.460789
5.406329
5.426133
5.436034
5.436034
5.371673
5.381575
5.475641
5.366722
5.332066
5.277607
5.297410
5.247902
5.188492
5.173639
5.138983
5.124131
5.228099
5.262755
5.247902
5.267705
5.183541
5.158787
5.069671
5.039966
5.089475
5.163738
5.193443
5.183541
5.252853
5.257804
5.262755
5.312263
5.327116
5.346919
5.322165
5.287509
5.337017
5.292460
5.282558
5.351870
5.351870
5.267705
5.262755
5.183541
5.173639
5.173639
5.158787
5.153836
5.143934
5.148885
5.198393
5.069671
5.148885
5.089475
4.995409
5.000359
5.015212
5.020163
4.990458
4.950851
4.861736
4.812227
4.742915
4.836981
4.836981
4.827080
4.762719
4.767669
4.797375
4.757768
4.708259
4.713210
4.723112
4.787473
4.703308
4.633996
4.648849
4.747866
4.861736
4.841932
4.836981
4.752817
4.668652
4.812227
4.752817
4.802325
4.881539
4.841932
4.836981
4.807276
4.881539
4.921146
4.926097
4.866686
4.950851
4.960753
4.965703
4.970654
4.965703
5.000359
4.995409
4.980556
4.985507
5.020163
5.079573
5.084524
5.129082
5.124131
5.119180
5.079573
5.089475
5.134032
5.109278
5.059770
5.035015
5.074622
5.114229
5.124131
5.168688
5.064720
5.059770
5.119180
5.119180
5.054819
5.049868
5.049868
5.010261
5.025114
5.000359
4.896392
4.856785
4.876588
4.950851
4.970654
4.945900
4.975605
4.980556
5.039966
5.054819
5.039966
4.985507
5.059770
5.064720
5.114229
5.094426
5.104327
5.129082
5.114229
5.104327
5.168688
5.168688
5.198393
5.193443
5.183541
5.109278
5.104327
5.089475
5.069671
5.069671
5.020163
5.064720
5.010261
5.020163
5.079573
5.064720
5.030065
4.990458
5.049868
5.094426
5.094426
5.084524
5.079573
4.980556
4.980556
4.965703
4.945900
4.935998
4.970654
4.955802
5.020163
5.015212
5.035015
5.049868
5.020163
5.015212
4.970654
4.921146
4.921146
4.931048
4.921146
4.965703
4.960753
4.970654
4.955802
4.935998
5.015212
4.975605
4.960753
4.980556
5.000359
4.995409
4.935998
4.935998
4.931048
4.945900
4.926097
4.896392
4.911244
4.896392
4.881539
4.881539
4.866686
4.856785
4.886490
4.861736
4.871637
4.906293
4.906293
4.901342
4.940949
4.921146
4.876588
4.891441
4.866686
4.846883
4.827080
4.822129
4.846883
4.817178
4.817178
4.797375
4.767669
4.767669
4.752817
4.718161
4.723112
4.782522
4.762719
4.772620
4.787473
4.881539
4.881539
4.861736
4.871637
4.846883
4.861736
4.787473
4.772620
4.777571
4.718161
4.718161
4.733013
4.733013
4.698358
4.777571
4.836981
4.807276
4.871637
4.876588
4.836981
4.832030
4.836981
4.841932
4.836981
4.901342
4.901342
4.906293
4.861736
4.861736
4.832030
4.762719
4.742915
4.752817
4.767669
4.836981
4.841932
4.817178
4.797375
4.792424
4.728063
4.718161
4.723112
4.663702
4.678554
4.633996
4.599341
4.574586
4.554783
4.589439
4.554783
4.584488
4.559734
4.515176
4.480520
4.470618
4.510225
4.455766
4.485471
4.574586
4.574586
4.643898
4.683505
4.673603
4.673603
4.633996
4.762719
4.767669
4.767669
4.772620
4.782522
4.777571
4.777571
4.856785
4.876588
4.866686
4.911244
4.980556
4.980556
4.990458
5.000359
5.015212
5.010261
4.965703
5.074622
5.099376
5.089475
5.064720
5.129082
5.124131
5.089475
5.094426
5.054819
5.044917
5.119180
5.134032
5.158787
5.138983
5.198393
5.193443
5.247902
5.267705
5.272656
5.322165
5.292460
5.198393
5.247902
5.158787
5.148885
5.168688
5.119180
5.129082
5.218197
5.218197
5.049868
5.153836
5.218197
5.158787
5.138983
5.138983
5.074622
5.030065
5.044917
5.044917
4.980556
4.990458
5.109278
5.153836
5.173639
5.158787
5.143934
5.153836
5.044917
5.039966
5.044917
4.990458
4.975605
4.990458
5.020163
5.025114
5.025114
5.005310
4.945900
5.010261
5.035015
5.049868
5.124131
5.104327
4.980556
5.044917
5.005310
4.970654
4.990458
5.054819
5.104327
5.109278
5.163738
5.134032
5.138983
5.134032
5.079573
5.148885
5.213246
5.282558
5.322165
5.337017
5.287509
5.277607
5.317214
5.337017
5.361772
5.396428
5.401378
5.356821
5.351870
5.287509
5.292460
5.238000
5.173639
5.069671
5.158787
5.183541
5.193443
5.158787
5.035015
5.049868
4.851834
4.871637
4.975605
4.935998
4.955802
5.030065
5.079573
5.109278
5.104327
5.074622
4.975605
4.970654
5.044917
5.148885
5.124131
5.193443
5.247902
5.183541
5.158787
5.109278
5.168688
5.287509
5.292460
5.223148
5.213246
5.138983
5.114229
5.129082
5.247902
5.287509
5.356821
5.401378
5.361772
5.381575
5.381575
5.426133
5.431083
5.421182
5.356821
5.262755
5.341968
5.307312
5.327116
5.341968
5.341968
5.431083
5.440985
5.376624
5.346919
5.292460
5.346919
5.411280
5.391477
5.391477
5.421182
5.460789
5.445936
5.416231
5.431083
5.470690
5.490494
5.436034
5.440985
5.530100
5.544953
5.525150
5.490494
5.485543
5.530100
5.614265
5.663773
5.619216
5.643970
5.668724
5.673675
5.540002
5.525150
5.569707
5.668724
5.624167
5.520199
5.500395
5.391477
5.381575
5.322165
5.401378
5.341968
5.341968
5.366722
5.406329
5.346919
5.277607
5.218197
5.287509
5.307312
5.267705
5.346919
5.411280
5.490494
5.465739
5.500395
5.470690
5.455838
5.445936
5.445936
5.505346
5.549904
5.584560
5.386526
5.450887
5.525150
5.505346
5.480592
5.535051
5.510297
5.470690
5.500395
5.505346
5.436034
5.421182
5.426133
5.371673
5.322165
5.351870
5.371673
5.421182
5.361772
5.445936
5.440985
5.475641
5.510297
5.490494
5.376624
5.401378
5.426133
5.356821
5.282558
5.238000
5.312263
5.361772
5.356821
5.297410
5.277607
5.337017
5.421182
5.440985
5.495445
5.500395
5.460789
5.505346
5.465739
5.525150
5.643970
5.619216
5.639019
5.559806
5.629117
5.698429
5.703380
5.693479
5.639019
5.634068
5.599412
5.470690
5.465739
5.416231
5.436034
5.510297
5.490494
5.450887
5.450887
5.450887
5.327116
5.327116
5.341968
5.386526
5.351870
5.421182
5.411280
5.371673
5.277607
5.356821
5.356821
5.366722
5.401378
5.337017
5.297410
5.297410
5.341968
5.351870
5.366722
5.401378
5.440985
5.465739
5.475641
5.465739
5.490494
5.460789
5.450887
5.455838
5.460789
5.431083
5.411280
5.396428
5.386526
5.322165
5.262755
5.287509
5.327116
5.337017
5.351870
5.302361
5.297410
5.272656
5.337017
5.346919
5.356821
5.297410
5.272656
5.252853
5.257804
5.292460
5.287509
5.322165
5.361772
5.366722
5.396428
5.351870
5.351870
5.341968
5.317214
5.361772
5.351870
5.341968
5.396428
5.411280
5.406329
5.450887
5.470690
5.421182
5.401378
5.337017
5.381575
5.396428
5.421182
5.431083
5.470690
5.480592
5.520199
5.520199
5.530100
5.549904
5.535051
5.515248
5.530100
5.465739
5.440985
5.475641
5.520199
5.510297
5.480592
5.450887
5.460789
5.490494
5.544953
5.520199
5.525150
5.540002
5.639019
5.683577
5.683577
5.718233
5.673675
5.718233
5.742987
5.747938
5.718233
5.738036
5.802397
5.812299
5.792496
5.777643
5.817250
5.861807
5.861807
5.856857
5.861807
5.901414
5.871709
5.802397
5.797446
5.757840
5.822201
5.871709
5.931119
5.980628
6.015284
6.054891
6.069743
6.074694
6.064792
6.104399
6.114301
5.941021
5.960825
5.990530
6.035087
5.965775
6.025186
6.109350
6.089547
6.104399
6.188564
6.208367
6.262826
6.252925
6.213318
6.188564
6.173711
6.218269
6.153908
6.124203
6.178662
6.139055
6.094497
6.015284
6.040038
6.040038
6.144006
6.198465
6.213318
6.238072
6.272728
6.257876
6.233121
6.272728
6.243023
6.337089
6.297482
6.342040
6.292532
6.277679
6.297482
6.292532
6.292532
6.312335
6.361843
6.441057
6.545025
6.594533
6.634140
6.718305
6.703452
6.842076
6.901486
7.079717
7.020307
7.124274
6.817322
7.054963
7.000503
7.025257
7.079717
7.158930
7.188636
7.203488
7.198537
7.149029
7.015356
6.931191
7.084668
7.243095
7.282702
7.233193
7.381719
7.589654
7.703524
7.708475
7.639163
7.619360
7.639163
7.753033
7.748082
7.857000
7.951067
7.609458
7.772836
7.960968
7.980772
7.916411
7.990673
7.911460
7.822344
7.738180
7.668868
7.589654
7.743131
7.678770
7.654016
7.559949
7.530244
7.629261
7.718377
7.767885
7.861951
7.970870
7.990673
7.911460
7.970870
8.025329
8.124346
8.025329
8.104543
8.089690
7.990673
8.139199
8.183757
8.198609
8.248118
8.327331
8.495660
8.515464
8.624382
8.654087
8.728350
8.926384
8.990745
9.025401
8.933744
8.990323
9.137427
9.171374
9.324136
9.488213
9.618344
9.799395
9.771106
9.691896
9.850316
9.923868
9.839000
9.544792
9.674922
9.680580
9.510845
9.771106
9.980446
9.935183
9.980446
10.059656
9.861631
10.048340
10.065314
10.070972
9.839000
9.867289
9.771106
10.003078
10.319917
10.444390
10.534915
10.512284
10.427416
10.574520
10.795176
10.970570
11.423198
11.519381
11.553328
11.841879
11.926746
11.253462
11.360961
11.921088
12.288849
12.294507
12.181350
12.187007
12.068193
12.011614
12.339769
12.379374
12.577399
12.288849
11.904115
12.051219
11.558986
11.038464
11.179910
11.264778
10.874386
10.059656
9.482555
10.042683
9.714527
9.295846
8.995980
9.092164
8.571642
8.249144
8.509405
8.922428
9.476898
9.612686
9.177032
9.397688
9.737159
9.793737
9.923868
9.974788
10.229392
10.076630
9.442950
9.397688
9.765448
9.431635
9.358083
9.290189
9.635317
9.386372
9.273215
9.516503
9.923868
9.940841
9.788079
9.980446
10.087945
10.314259
9.618344
9.771106
9.516503
9.024270
8.266118
7.734280
7.524940
7.768227
8.181250
7.983225
7.660728
7.604149
7.592834
7.864411
8.113356
7.937963
7.960594
7.541913
7.174153
7.632439
7.496650
7.638097
7.915331
8.005857
7.954936
8.011515
7.739938
7.943620
7.920989
7.954936
8.186908
8.322696
8.633878
8.724404
8.605589
8.860192
8.984665
9.063875
9.239268
8.741377
9.063875
9.290189
9.448608
9.505187
9.244926
9.250584
9.346767
9.097822
9.114795
9.629660
9.737159
10.065314
10.155840
10.195444
10.325575
10.252023
10.104919
10.268996
10.246365
10.014393
10.285970
10.421758
10.359522
10.438732
10.659388
10.585836
9.986104
10.048340
10.031367
10.014393
10.280312
10.178471
10.240707
10.133208
10.110577
10.099261
9.963473
10.104919
10.280312
10.353864
10.653730
10.580178
10.732940
10.817808
10.698993
10.642415
10.732940
10.495310
10.608467
10.682019
10.625441
9.788079
9.567423
9.799395
9.058217
9.086506
8.537695
8.554668
8.271776
8.498090
8.237829
8.390591
8.650852
8.532037
8.124672
8.203881
8.254802
7.983225
7.966850
7.582017
7.827655
7.803091
8.138796
8.212487
8.400809
8.318930
8.425373
8.736514
8.834769
8.802018
8.826581
8.982152
8.875709
8.736514
8.130608
8.032353
7.606581
7.745776
8.040541
8.032353
7.753964
7.884970
7.925910
7.786715
7.663896
7.622957
7.901346
7.852219
7.762151
8.081480
8.441749
8.654635
8.613695
8.695575
8.662823
8.736514
8.687387
8.515440
8.802018
8.834769
8.769266
8.965776
8.998528
8.842957
8.736514
8.916649
8.892085
9.055843
9.104971
9.121347
8.982152
9.006716
8.679199
8.597320
8.662823
8.605508
8.695575
8.703763
8.695575
8.654635
8.859333
8.900273
8.998528
8.761078
8.474501
8.417185
8.343494
8.458125
8.433561
8.572756
8.515440
8.368058
8.433561
8.523628
8.687387
8.654635
8.613695
8.630071
8.638259
8.654635
8.957588
9.072219
9.170474
9.235978
9.301481
9.285105
9.195038
8.842957
8.859333
9.170474
9.104971
9.104971
9.203226
9.203226
9.293293
9.244166
9.186850
9.375172
9.506179
9.538931
9.506179
9.457052
9.604434
9.596246
9.563495
9.620810
9.645374
9.694501
9.727253
9.833696
9.891012
9.792756
9.710877
9.809132
9.825508
9.858260
9.784569
9.776381
9.891012
9.522555
9.457052
9.407924
9.326045
9.391548
9.375172
9.473427
9.399736
9.481615
9.563495
9.571683
9.407924
9.473427
9.694501
9.735441
9.817320
9.776381
9.751817
9.653562
9.669938
9.719065
9.628998
9.628998
9.637186
9.653562
9.612622
9.514367
9.465240
9.514367
9.604434
9.588058
9.628998
9.538931
9.301481
9.326045
9.342421
9.416112
9.391548
9.432488
9.432488
9.440676
9.301481
9.342421
9.375172
9.383360
9.391548
9.497991
9.530743
9.522555
9.522555
9.514367
9.448864
9.555307
9.596246
9.620810
9.588058
9.669938
9.661750
9.637186
9.661750
9.579870
9.637186
9.678126
9.628998
9.686313
9.694501
9.727253
9.710877
9.694501
9.784569
9.899199
9.915575
9.915575
9.940139
9.907387
9.866448
9.899199
9.964703
9.940139
9.907387
9.923763
9.948327
9.833696
9.743629
9.833696
9.669938
9.637186
9.653562
9.735441
9.735441
9.694501
9.334233
9.260541
9.203226
9.285105
9.375172
9.342421
9.366984
9.399736
9.334233
9.268729
9.293293
9.301481
9.276917
9.244166
9.252354
9.317857
9.391548
9.358797
9.276917
9.309669
9.285105
9.244166
9.244166
9.178662
8.941212
9.023092
8.982152
8.916649
9.014904
9.055843
9.023092
9.055843
9.154098
9.121347
9.178662
9.186850
9.244166
9.293293
9.276917
9.334233
9.334233
9.235978
9.301481
9.219602
9.252354
9.334233
9.366984
9.391548
9.407924
9.350609
9.350609
9.391548
9.375172
9.399736
9.473427
9.497991
9.424300
9.358797
9.391548
9.457052
9.440676
9.440676
9.506179
9.457052
9.481615
9.432488
9.407924
9.432488
9.448864
9.432488
9.407924
9.399736
9.252354
9.252354
9.481615
9.522555
9.514367
9.432488
9.457052
9.457052
9.489803
9.391548
9.301481
9.235978
9.178662
9.154098
9.096783
8.949400
8.933024
8.933024
9.014904
9.047655
9.064031
9.039467
9.006716
8.900273
8.818394
8.875709
8.761078
8.761078
8.769266
8.802018
8.982152
8.941212
8.900273
8.851145
8.761078
8.630071
8.671011
8.703763
8.703763
8.679199
8.523628
8.589132
8.662823
8.703763
8.908461
8.908461
8.949400
8.883897
9.023092
8.982152
9.055843
9.023092
9.096783
9.162286
9.186850
9.064031
9.096783
9.219602
9.203226
9.154098
9.186850
9.219602
9.260541
9.260541
9.309669
9.326045
9.334233
9.219602
9.137723
9.129535
9.121347
9.104971
8.851145
8.875709
8.998528
9.121347
9.186850
9.154098
9.080407
9.039467
9.047655
9.145911
9.227790
9.293293
9.268729
9.244166
9.170474
9.268729
9.276917
9.317857
9.211414
8.965776
9.113159
9.154098
9.137723
9.178662
9.104971
9.170474
9.203226
9.162286
9.104971
9.252354
9.383360
9.383360
9.432488
9.465240
9.620810
9.637186
9.735441
9.784569
9.694501
9.678126
9.825508
9.768193
9.776381
9.669938
9.637186
9.661750
9.579870
9.596246
9.514367
9.424300
9.399736
9.424300
9.514367
9.538931
9.547119
9.588058
9.530743
9.489803
9.497991
9.596246
9.555307
9.522555
9.497991
9.465240
9.473427
9.530743
9.555307
9.604434
9.596246
9.588058
9.579870
9.596246
9.555307
9.514367
9.432488
9.432488
9.563495
9.547119
9.596246
9.727253
9.800944
9.743629
9.637186
9.776381
9.710877
9.858260
9.915575
9.866448
9.596246
9.555307
9.489803
9.686313
9.776381
9.702689
9.645374
9.710877
9.604434
9.571683
9.473427
9.612622
9.743629
9.628998
9.710877
9.694501
9.628998
9.596246
9.768193
9.735441
9.874636
9.841884
9.800944
9.809132
9.686313
9.760005
9.784569
10.005642
10.046582
10.087522
10.022018
10.087522
10.079334
9.989267
9.891012
9.940139
9.850072
9.915575
9.727253
9.809132
9.768193
9.858260
9.858260
9.833696
9.833696
9.850072
9.735441
9.661750
9.678126
9.637186
9.768193
9.760005
9.489803
9.334233
9.334233
8.998528
9.203226
9.293293
9.375172
9.620810
9.702689
9.850072
9.735441
9.727253
9.768193
9.678126
9.653562
9.760005
9.686313
9.735441
9.825508
9.866448
9.800944
9.800944
9.858260
9.784569
9.776381
9.760005
9.694501
9.588058
9.244166
9.317857
9.457052
9.383360
9.432488
9.530743
9.506179
9.457052
9.375172
9.407924
9.506179
9.547119
9.448864
9.457052
9.465240
9.301481
9.465240
9.481615
9.375172
9.195038
9.424300
9.457052
9.350609
9.326045
9.326045
9.391548
9.358797
9.465240
9.481615
9.465240
9.440676
9.399736
9.383360
9.465240
9.424300
9.399736
9.448864
9.506179
9.514367
9.407924
9.342421
9.285105
9.244166
9.211414
9.039467
9.145911
9.121347
9.219602
9.375172
9.416112
9.448864
9.375172
9.383360
9.416112
9.358797
9.301481
9.235978
9.006716
9.047655
8.982152
9.047655
8.957588
8.900273
8.761078
8.687387
8.916649
8.793830
8.834769
8.761078
8.662823
8.671011
8.834769
8.875709
8.785642
8.883897
8.941212
8.924837
8.933024
8.883897
8.842957
8.933024
9.047655
9.129535
9.129535
9.072219
9.023092
8.998528
9.006716
8.867521
8.769266
8.662823
8.548192
8.703763
8.613695
8.752890
8.769266
8.810206
8.769266
8.646447
8.597320
8.507252
8.572756
8.638259
8.597320
8.646447
8.621883
8.826581
8.834769
8.802018
8.703763
8.662823
8.671011
8.736514
8.638259
8.589132
8.589132
8.466313
8.417185
8.376246
8.466313
8.384434
8.302554
8.433561
8.499065
8.507252
8.679199
8.597320
8.654635
8.589132
8.613695
8.351682
8.343494
8.327118
8.015977
8.089668
8.024165
7.901346
7.934098
7.811279
7.942286
8.163360
8.032353
8.040541
8.040541
8.040541
7.934098
7.966850
8.065105
8.122420
8.335306
8.310742
8.318930
8.286179
8.204299
8.179736
8.286179
8.327118
8.277991
8.392622
8.458125
8.507252
8.335306
8.327118
8.310742
8.171548
8.179736
8.212487
8.277991
8.196111
8.253427
8.433561
8.441749
8.417185
8.269803
8.253427
8.212487
8.237051
8.245239
8.343494
8.237051
8.179736
8.138796
8.056917
8.056917
7.999601
8.065105
8.048729
8.024165
7.983225
7.999601
7.958662
7.925910
8.073293
8.204299
8.196111
8.220675
8.204299
8.261615
8.220675
8.343494
8.327118
8.302554
8.376246
8.400809
8.302554
8.343494
8.351682
8.400809
8.425373
8.449937
8.384434
8.425373
8.531816
8.687387
8.728326
8.875709
8.892085
8.834769
9.064031
9.064031
9.096783
9.129535
9.358797
9.702689
9.661750
9.563495
9.563495
9.727253
9.907387
10.046582
10.128461
10.038394
9.809132
10.005642
10.193965
9.882824
9.727253
9.866448
10.144837
10.169401
10.079334
10.095710
10.054770
9.891012
9.784569
9.891012
10.005642
10.349535
10.693428
10.636113
10.775307
10.881750
10.857187
10.832623
10.840811
10.668864
10.668864
10.611549
10.783495
10.865374
10.832623
10.963630
10.947254
10.955442
11.070073
10.963630
10.873562
10.898126
10.988193
10.406851
10.480542
10.243092
10.169401
10.619737
10.505106
10.447790
10.685240
10.758931
10.521482
10.300408
10.496918
10.480542
10.267656
10.210341
10.423227
10.611549
10.611549
10.636113
10.660676
10.636113
10.513294
10.423227
10.234904
10.382287
10.726180
10.611549
10.668864
10.537857
10.521482
10.652488
10.750744
10.963630
10.898126
10.939066
10.848999
10.889938
11.012757
11.029133
11.332086
11.397589
11.176516
11.029133
11.184703
11.053697
11.102824
11.070073
11.070073
11.151952
11.225643
11.135576
11.184703
11.078260
11.168328
11.184703
11.192891
11.258395
11.356650
11.373026
11.422153
11.438529
11.348462
11.323898
11.266583
11.143764
11.094636
11.078260
11.225643
11.102824
11.266583
11.184703
11.233831
11.250207
11.315710
11.446717
11.405777
11.389402
11.454905
11.528596
11.446717
11.626851
11.675979
11.635039
11.602288
11.651415
11.651415
11.643227
11.741482
11.716918
11.749670
11.716918
11.561348
11.643227
11.618663
11.520408
11.609369
11.676090
11.709450
11.609369
11.631609
11.620489
11.498168
11.609369
11.564889
11.653849
11.676090
11.876251
11.931851
11.998572
11.987452
11.954092
12.031932
11.965212
11.976332
12.087533
12.009692
12.009692
12.165373
12.232094
12.276574
12.287694
12.187613
12.287694
12.365535
12.510096
12.398895
12.421135
12.376655
12.254334
12.321054
12.343295
12.398895
12.276574
12.365535
12.510096
12.432255
12.365535
12.120893
12.009692
12.065292
12.020812
12.009692
11.898491
11.887371
11.898491
11.909611
12.043052
12.176493
12.054172
12.065292
12.031932
11.965212
12.165373
12.154253
12.187613
12.098653
12.087533
12.109773
12.020812
12.054172
12.020812
12.098653
12.154253
12.220974
12.321054
12.387775
12.321054
12.309934
12.498976
12.398895
12.532336
12.587936
12.699137
12.587936
12.576816
12.543456
12.510096
12.532336
12.354415
12.410015
12.076413
11.342487
11.731690
11.787290
12.009692
12.076413
12.220974
12.376655
12.421135
12.287694
12.465616
12.676897
12.654657
12.699137
12.854819
12.865939
12.932659
13.054980
12.854819
13.088340
12.799218
12.999380
13.077220
13.210661
13.499783
13.410823
13.232901
13.288502
13.199541
12.921539
12.888179
12.476736
12.398895
12.365535
12.276574
12.465616
12.165373
12.510096
12.799218
12.854819
12.821458
12.743618
13.066100
13.054980
13.166181
13.177301
13.433063
13.366342
13.499783
13.377463
13.344102
13.533144
13.488663
13.477543
13.577624
13.722185
13.588744
13.911227
13.933467
13.844506
14.000187
14.144748
14.066908
13.866746
14.011307
14.122508
14.233709
14.044668
14.166989
14.378270
14.255949
14.278189
14.378270
14.467231
14.322670
14.356030
14.166989
14.311550
14.467231
14.356030
14.356030
14.578432
14.800833
14.700753
14.645152
14.700753
14.678513
14.634032
14.734113
14.811954
14.634032
14.778593
14.689633
14.923154
14.934274
14.967635
15.212277
15.134436
15.300444
15.328113
15.452619
15.743134
16.102819
16.075150
16.158155
16.504006
16.725350
16.780686
16.905193
17.043533
17.306380
17.278712
17.375550
16.600844
17.002031
17.098869
17.237210
17.389384
17.596895
16.891359
16.863691
17.278712
17.638397
17.666065
17.859741
17.984248
17.762903
17.887409
17.624563
17.513890
17.569226
17.569226
17.251044
17.251044
17.513890
17.624563
17.859741
17.666065
17.513890
17.776737
17.915077
18.081086
17.873575
18.039584
18.482273
18.482273