3.676914
3.715562
3.704900
3.671583
3.728889
3.748879
3.672915
3.768870
3.766204
3.794191
3.783529
3.798189
3.790193
3.830174
3.807518
3.847499
3.907470
3.958113
3.907470
3.996761
4.094048
4.143358
4.138027
4.162016
4.236647
4.280626
4.192668
4.075390
4.114038
4.175343
4.257970
4.127365
4.136694
3.983434
3.910136
3.964776
3.982101
4.128698
4.115371
4.096713
4.026080
4.074057
4.062063
4.054067
4.039407
4.068727
4.148689
4.168679
4.201996
4.172677
4.224652
4.253972
4.201996
4.261968
4.283291
4.265966
4.323272
4.347261
4.392572
4.377913
4.369916
4.268631
4.320607
4.432553
4.480530
4.537836
4.565823
4.541834
4.520511
4.573819
4.532506
4.416561
4.445880
4.435219
4.351259
4.375247
4.445880
4.495190
4.583148
4.612467
4.665775
4.652448
4.641787
4.535171
4.628460
4.643119
4.657779
4.677770
4.713752
4.737741
4.737741
4.653781
4.632458
4.660445
4.659112
4.660445
4.720416
4.740406
4.775057
4.755066
4.716418
4.720416
4.751068
4.773724
4.752401
4.685766
4.741739
4.721749
4.771058
4.799045
4.817703
4.819036
4.860349
4.894999
4.924319
4.964300
5.002948
4.985623
5.068250
5.094904
5.141548
5.161539
5.116227
5.140216
5.181529
5.196189
5.144214
5.249497
5.289478
5.306803
5.316132
5.392096
5.344119
5.429411
5.500044
5.509373
5.561348
5.541358
5.354780
5.441406
5.526698
5.549354
5.565346
5.501377
5.444071
5.349449
5.324128
5.338788
5.192191
5.264157
5.165537
4.917655
4.962967
4.819036
4.966965
5.057589
5.086908
4.960302
5.022938
4.996284
4.853686
4.616466
4.628460
4.689764
4.847022
4.885671
4.920321
4.998950
5.030935
5.014942
5.106898
5.166870
5.164204
5.120225
5.178864
5.065585
5.109564
5.053590
4.970963
4.973629
4.956303
4.897665
4.896332
4.938978
5.105566
5.108231
5.160206
5.181529
5.188193
5.217512
5.292143
5.317465
5.281482
5.274818
5.340120
5.366774
5.298807
5.308136
5.236170
5.304138
5.440073
5.489383
5.496046
5.517369
5.545356
5.546689
5.588002
5.581339
5.581339
5.622652
5.749259
5.755922
5.763918
5.771915
5.774580
5.829221
5.681291
5.789240
5.625318
5.538692
5.715941
5.805232
5.854542
5.841215
5.778578
5.803899
5.785242
5.741263
5.754590
5.770582
5.750591
5.754590
5.738597
5.626651
5.502710
5.512039
5.412086
5.474723
5.622652
5.643976
5.709278
5.745261
5.777245
5.801234
5.791905
5.855875
5.835884
5.741263
5.770582
5.819892
5.889192
5.781243
5.894523
5.921177
5.954494
5.965156
5.785905
5.806121
5.736038
5.702344
5.568916
5.566221
5.613392
5.644391
5.599915
5.562178
5.603958
5.602610
5.523093
5.524440
5.544657
5.630913
5.632261
5.690214
5.674041
5.671346
5.769732
5.819598
5.815555
5.854640
5.853292
5.928766
5.800730
5.807469
5.853292
5.869465
5.819598
5.781861
5.723908
5.678084
5.692910
5.800730
5.812860
5.833076
5.868118
5.872161
5.926071
5.885638
5.922028
5.985372
6.029848
6.054108
6.134973
6.124191
6.128234
6.164623
6.176753
6.276487
6.343874
6.311528
6.327701
6.257618
6.260314
6.120147
6.210447
6.338483
6.364091
6.357352
6.325006
6.226620
6.195622
6.110713
6.058151
6.071628
6.171362
6.048716
5.958417
5.869465
5.772427
5.744124
5.874856
5.923375
5.733342
5.772427
5.824989
5.765688
5.854640
6.002893
5.947635
5.944939
6.009632
6.032543
5.979981
5.934157
5.970547
5.965156
5.965156
5.969199
5.986720
6.086454
6.105322
6.079715
5.975938
5.793991
5.876204
5.901811
5.904507
5.899116
5.831728
5.771079
5.613392
5.632261
5.567569
5.492094
5.486703
5.564873
5.613392
5.606653
5.706387
5.723908
5.678084
5.683475
5.624174
5.614740
5.671346
5.787252
5.806121
5.855988
5.899116
5.958417
5.967851
6.060846
6.072976
6.059499
6.148450
6.043325
6.054108
6.067585
6.157885
6.176753
6.056803
6.089149
6.068933
6.124191
6.230663
6.261662
6.291312
6.283226
6.172710
6.190231
6.217186
6.159232
6.153841
6.203708
6.350613
6.401828
6.392394
6.459781
6.501562
6.524473
6.525821
6.575688
6.536603
6.647119
6.737418
6.783242
6.678117
6.597252
6.667335
6.645771
6.629598
6.780547
6.814240
6.744157
6.837152
6.907235
6.802111
6.761678
6.758982
6.643076
6.636337
6.606686
6.776503
6.808849
6.795372
6.864107
7.002926
6.965189
6.949016
6.947668
7.004274
7.147135
7.066270
6.992144
7.166004
7.225305
7.345255
7.461162
7.521811
7.481378
7.222610
7.427468
7.268433
7.013708
7.074357
7.260347
7.362776
7.299431
7.494856
7.500247
7.461162
7.556852
7.467901
7.462510
7.389731
7.342560
7.284606
7.418034
7.404556
7.315605
7.384340
7.497551
7.528550
7.550114
7.539332
7.504290
7.395122
7.423425
7.337169
7.281911
7.242826
7.075704
7.011012
7.089182
7.121528
7.244174
7.325039
7.299431
7.246869
7.179481
6.936886
6.880280
6.847934
6.888367
6.796720
6.616121
6.656553
6.788633
6.644423
6.594455
6.437798
6.425644
6.490467
6.612012
6.656578
6.688990
6.698443
6.612012
6.787576
6.849698
6.941532
6.961789
6.987449
7.006355
6.959088
7.045520
6.907769
6.968542
6.991500
6.965841
6.986098
7.021211
6.992851
6.851049
6.891564
6.918573
6.936130
6.973944
6.953686
6.936130
7.010407
7.003654
7.063076
6.960439
6.986098
6.917223
6.911821
6.971243
6.986098
7.021211
6.928027
6.811885
6.797029
6.783524
6.784875
6.710598
6.782174
6.837544
6.784875
6.730855
6.810534
6.803782
6.763267
6.756514
6.720051
6.780823
6.810534
6.795679
6.730855
6.699794
6.655227
6.547188
6.590404
6.653877
6.568796
6.606610
6.643073
6.674134
6.667382
6.680887
6.621465
6.603909
6.568796
6.557992
6.590404
6.549889
6.544487
6.414840
6.412139
6.366222
6.327058
6.290594
6.295996
6.356769
6.382428
6.335161
6.404036
6.433747
6.433747
6.350016
6.367572
6.323006
6.378376
6.328408
6.241977
6.206864
6.174452
6.210915
6.229822
6.306800
6.406737
6.429695
6.439149
6.404036
6.468859
6.509374
6.594455
6.602558
6.610661
6.629568
6.643073
6.698443
6.644423
6.736257
6.744360
6.760566
6.760566
6.724103
6.721402
6.698443
6.736257
6.617414
6.644423
6.710598
6.710598
6.664681
6.653877
6.628218
6.647124
6.672784
6.622816
6.532333
6.580950
6.652526
6.765968
6.813235
6.832142
6.774071
6.751112
6.672784
6.661980
6.560693
6.599857
6.625517
6.702495
6.688990
6.657928
6.630919
6.624166
6.587703
6.544487
6.437798
6.359470
6.456705
6.440499
6.412139
6.354068
6.354068
6.363521
6.383778
6.298697
6.298697
6.408087
6.275739
6.227121
6.123133
6.131236
6.094773
6.065062
6.081268
6.052908
6.019145
6.142040
6.178504
6.147442
6.201462
6.110979
6.078567
5.970528
5.951621
6.046155
6.140690
6.205513
6.196060
6.282491
6.283842
6.295996
6.382428
6.398634
6.394582
6.350016
6.340563
6.385129
6.354068
6.340563
6.433747
6.410788
6.306800
6.309501
6.217668
6.212266
6.229822
6.239276
6.262234
6.273038
6.317604
6.358119
6.279790
6.348666
6.278440
6.160947
6.148793
6.167700
6.148793
6.124484
6.066413
5.961074
5.921910
5.878694
6.000238
5.982682
5.961074
5.912456
5.920559
5.943518
5.881395
5.781459
5.751748
5.799015
5.889498
5.755799
5.638306
5.642358
5.743645
5.858437
5.851684
5.824674
5.723388
5.581586
5.713934
5.600493
5.676120
5.780108
5.730140
5.742294
5.720687
5.797665
5.840880
5.866540
5.803067
5.886797
5.904354
5.940817
5.950270
5.939466
5.962425
5.927312
5.923260
5.940817
5.985383
6.059660
6.092072
6.163648
6.177153
6.170401
6.132587
6.142040
6.224420
6.200111
6.135288
6.120432
6.159597
6.232523
6.229822
6.305450
6.189307
6.213616
6.295996
6.289244
6.204163
6.164999
6.167700
6.123133
6.163648
6.100175
6.000238
6.008341
6.002939
6.136638
6.171751
6.137989
6.169050
6.159597
6.233874
6.251430
6.239276
6.167700
6.256832
6.220369
6.248729
6.227121
6.202812
6.233874
6.262234
6.285192
6.378376
6.409438
6.497220
6.526931
6.498570
6.452653
6.445901
6.398634
6.344614
6.385129
6.308151
6.356769
6.301398
6.371624
6.466158
6.476962
6.420242
6.386479
6.497220
6.553940
6.552590
6.603909
6.593105
6.476962
6.478313
6.466158
6.462107
6.452653
6.517477
6.535034
6.643073
6.632269
6.587703
6.624166
6.563394
6.539085
6.475612
6.382428
6.359470
6.416190
6.404036
6.451303
6.525580
6.549889
6.498570
6.468859
6.634970
6.593105
6.543137
6.625517
6.661980
6.706546
6.618764
6.567445
6.497220
6.512075
6.443200
6.372974
6.424293
6.432396
6.385129
6.366222
6.347315
6.337862
6.398634
6.344614
6.387830
6.460756
6.479663
6.444551
6.557992
6.509374
6.424293
6.431046
6.399984
6.354068
6.271687
6.262234
6.308151
6.254131
6.213616
6.182555
6.124484
6.115030
6.069114
5.997538
6.027248
6.136638
6.121783
6.127185
6.142040
6.313553
6.335161
6.312202
6.336511
6.304099
6.314903
6.208214
6.198761
6.174452
6.075866
6.056959
6.100175
6.110979
6.063712
6.181204
6.282491
6.243327
6.347315
6.368923
6.336511
6.348666
6.358119
6.421592
6.408087
6.472911
6.464808
6.482364
6.371624
6.362170
6.327058
6.258183
6.258183
6.270337
6.337862
6.416190
6.410788
6.382428
6.332460
6.313553
6.262234
6.231173
6.192008
6.135288
6.156896
6.123133
6.054258
5.979981
5.963775
5.992136
5.935415
5.982682
5.908405
5.854385
5.811170
5.817922
5.911106
5.803067
5.832777
5.938116
5.915157
5.947569
5.963775
5.951621
5.959724
5.934064
6.063712
6.016444
5.988084
6.008341
5.997538
6.019145
6.029949
6.131236
6.156896
6.121783
6.148793
6.214967
6.186606
6.229822
6.282491
6.327058
6.323006
6.248729
6.420242
6.474261
6.476962
6.451303
6.537735
6.524230
6.501224
6.494457
6.438972
6.428146
6.536409
6.566182
6.566182
6.530996
6.620313
6.551295
6.624373
6.651439
6.685272
6.732637
6.667679
6.571595
6.651439
6.570242
6.563475
6.571595
6.518816
6.522876
6.646026
6.708278
6.518816
6.666325
6.700158
6.616254
6.577008
6.583775
6.494457
6.433559
6.493104
6.502577
6.447092
6.445739
6.587834
6.635200
6.647379
6.666325
6.675799
6.739403
6.663619
6.598661
6.627080
6.524230
6.476864
6.540469
6.518816
6.482277
6.524230
6.503930
6.491751
6.529643
6.594601
6.585128
6.681212
6.656852
6.521523
6.598661
6.554002
6.482277
6.545882
6.650086
6.720457
6.710984
6.785415
6.758349
6.759703
6.705571
6.562122
6.637906
6.717751
6.794888
6.850373
6.905858
6.831427
6.901799
6.974876
7.037128
7.014122
7.041188
7.012769
6.935631
6.926158
6.857140
6.857140
6.778649
6.729930
6.648733
6.740757
6.785415
6.862553
6.854433
6.710984
6.712337
6.506637
6.509343
6.738050
6.728577
6.773236
6.923451
6.984350
7.034421
6.968110
6.892326
6.746170
6.706924
6.784062
6.897739
6.874733
6.977583
7.050661
6.941044
6.908565
6.831427
6.912625
7.041188
7.118326
6.985703
6.989763
6.896385
6.788122
6.805715
7.015475
7.037128
7.137272
7.222529
7.148098
7.184637
7.214409
7.181930
7.179224
7.192757
7.149451
7.023595
7.172457
7.157571
7.126445
7.206290
7.263128
7.338912
7.322673
7.200877
7.144038
7.046601
7.127799
7.207643
7.207643
7.259068
7.283427
7.260421
7.208996
7.076373
7.045248
7.154865
7.184637
7.153511
7.102086
7.273954
7.353799
7.291547
7.246889
7.245535
7.299667
7.364625
7.433643
7.380865
7.374098
7.444469
7.497248
7.395751
7.367332
7.452589
7.658290
7.571679
7.417404
7.347032
7.183284
7.169751
7.146745
7.213056
7.031715
6.985703
7.018182
7.098026
7.030361
6.947811
6.913978
6.976230
7.003296
6.964050
7.102086
7.199523
7.267188
7.237415
7.246889
7.199523
7.138625
7.093966
7.092613
7.192757
7.265835
7.318613
7.061487
7.107499
7.148098
7.060134
7.020888
7.062841
7.047954
7.058781
7.142685
7.142685
7.073667
7.012769
7.020888
6.980290
6.916685
6.976230
7.023595
7.068254
6.991116
7.049308
7.052014
7.092613
7.157571
7.154865
7.026302
7.024948
7.122385
6.999236
6.923451
6.865260
6.912625
6.968110
6.907212
6.832634
6.781108
6.871957
6.972297
7.030603
7.079417
7.031959
6.983145
7.008908
7.004840
7.067214
7.210945
7.202809
7.271962
7.132300
7.231284
7.312641
7.266539
7.250267
7.201453
7.181114
7.152639
6.956026
6.998060
6.907212
6.957382
6.992637
6.885517
6.836702
6.804160
6.823143
6.710599
6.702463
6.725514
6.825855
6.790600
6.901788
6.911280
6.852974
6.672632
6.775685
6.706531
6.713311
6.758057
6.638734
6.539749
6.568224
6.675344
6.650937
6.623818
6.683480
6.747210
6.819075
6.871957
6.862465
6.893652
6.862465
6.859753
6.862465
6.873313
6.817719
6.722802
6.707887
6.686192
6.611615
6.447545
6.503139
6.550597
6.612970
6.656361
6.569580
6.543817
6.488223
6.587207
6.572292
6.564156
6.490935
6.444833
6.416358
6.440765
6.503139
6.546529
6.633310
6.669920
6.656361
6.741786
6.714667
6.722802
6.699751
6.728226
6.774329
6.777040
6.718735
6.800092
6.840770
6.847550
6.912636
6.961450
6.923483
6.920771
6.794668
6.833990
6.895008
6.920771
6.890940
6.968230
7.030603
7.071282
7.090265
7.098401
7.102469
7.086197
7.055010
7.109248
7.000772
6.946534
6.939755
6.979077
6.927551
6.825855
6.772973
6.793312
6.827211
6.904500
6.893652
6.885517
6.927551
7.006196
7.056366
7.067214
7.088909
7.060434
7.128232
7.156707
7.175690
7.126876
7.182470
7.246199
7.216368
7.196029
7.163486
7.250267
7.388574
7.430609
7.396710
7.393998
7.433321
7.398066
7.328912
7.360099
7.334336
7.407557
7.506542
7.594679
7.651629
7.682815
7.693663
7.705867
7.693663
7.690951
7.741121
7.772308
7.596035
7.624510
7.667900
7.718070
7.703155
7.806207
7.834682
7.837394
7.872648
7.876716
7.952650
8.024515
8.004176
7.924175
7.879428
7.876716
7.894344
7.838750
7.781800
7.869937
7.841462
7.811631
7.732986
7.731630
7.781800
7.898412
7.941802
7.929598
7.883496
7.925531
7.898412
7.883496
7.909259
7.890276
7.936378
7.754681
7.827902
7.670612
7.636713
7.727562
7.709934
7.758749
7.728918
7.825190
7.940446
8.103160
8.233331
8.227908
8.314688
8.306553
8.379774
8.420452
8.577743
8.434012
8.402825
8.109940
8.276722
8.255027
8.348587
8.489606
8.515369
8.532996
8.537064
8.408249
8.151974
8.004176
8.031295
8.207568
8.280790
8.096380
8.046210
8.147906
8.175025
8.370282
8.367570
8.415029
8.454351
8.588590
8.726897
8.705202
8.763508
9.007579
8.804186
9.087580
9.194860
9.235600
9.135109
9.394483
9.447444
9.318436
9.269549
9.090296
9.106592
9.349670
9.307572
9.374113
9.217946
9.164985
9.355102
9.603611
9.618549
9.767926
10.058533
10.213343
9.917304
10.000140
10.061249
10.263588
10.135938
10.225565
10.206553
9.972981
10.197047
10.384448
10.380374
10.442841
10.680487
11.110965
11.062078
11.286144
11.256269
11.476261
11.806250
12.061549
11.951553
11.563172
11.736993
11.646008
11.814397
12.106362
12.191915
12.354872
12.562643
12.342650
12.574864
12.817942
12.955098
12.904853
12.386106
12.588444
12.512397
12.157965
12.679429
13.176448
13.464339
13.562113
13.623222
13.456191
14.018394
14.276409
14.106662
13.816055
14.193573
14.279125
14.872561
15.740308
16.393495
16.405717
15.998324
16.102888
16.650152
16.866071
17.244946
17.646907
17.623822
17.346794
17.907639
17.922577
16.999152
17.469012
18.177876
18.578479
18.817483
18.639588
18.723783
17.876405
17.763693
18.128989
18.236269
18.433176
17.526047
16.803604
17.359016
16.461394
15.867958
16.011903
16.062149
15.396740
14.371468
13.555324
14.226164
13.716923
13.082748
12.619678
12.387464
11.775016
11.419226
11.741067
12.181051
12.691650
12.842386
12.428203
12.562643
13.141141
13.378787
13.632728
13.725071
13.960001
13.689763
12.883125
12.764981
13.130277
12.842386
12.767697
12.596592
12.983615
12.847818
12.759549
13.021639
13.510510
13.514584
13.401872
13.572977
13.566187
13.697911
12.893989
13.096327
12.792141
12.330429
11.572678
11.086522
11.237257
11.576751
11.935257
11.804892
11.575393
11.508853
11.390709
11.662304
11.864643
11.878222
11.882296
11.484409
11.249479
11.697611
11.428732
11.508853
11.739709
11.779090
11.612059
11.693537
11.430090
11.597121
11.484409
11.491199
11.821187
11.937973
12.236728
12.300553
12.193273
12.411907
12.464868
12.424129
12.614246
12.092783
12.337218
12.558569
12.588444
12.569432
12.546347
12.583012
12.602024
12.426845
12.418697
12.809794
12.725600
12.974109
13.039292
13.062378
13.180522
13.232125
13.070526
13.226693
13.188670
13.161510
13.351627
13.524090
13.496931
13.539028
13.655814
13.718281
13.100401
13.104475
13.333973
13.101759
13.301382
13.325825
13.454833
13.317678
13.367923
13.305456
13.171016
13.355701
13.458907
13.484709
13.726429
13.677541
13.760378
13.843215
13.699269
13.697911
13.824203
13.673467
13.779390
13.795685
13.642234
12.876335
12.860039
13.127561
12.369810
12.508323
11.973281
11.857853
11.514285
11.780448
11.507495
11.636655
11.916729
11.871862
11.598587
11.644812
11.744062
11.283164
11.110497
10.846738
11.095542
11.065631
11.276366
11.295400
11.420481
11.435437
11.534686
11.822917
11.947999
11.954797
11.967033
12.115227
12.147857
12.157374
11.586350
11.657049
11.368817
11.579552
11.889537
12.015978
11.897694
12.143779
12.104351
11.843311
11.761736
11.763096
12.077159
11.875941
11.831075
12.217196
12.614194
12.854839
12.845322
12.906504
12.668577
12.731118
12.690330
12.474157
12.838525
12.816771
12.669936
13.047900
13.122677
12.895627
12.888829
13.240961
13.166184
13.341570
13.481606
13.508798
13.327974
13.361963
12.845322
12.630509
12.744713
12.654981
12.841244
12.743354
12.714803
12.668577
13.017989
13.035664
13.124037
12.691690
12.309647
12.286535
12.247107
12.255264
12.185926
12.362671
12.475516
12.172330
12.219915
12.376267
12.553012
12.441527
12.417054
12.527180
12.456482
12.407537
12.830367
12.857559
12.975842
13.060136
13.094126
13.087328
13.054698
12.611474
12.627789
12.835805
12.781422
12.856199
12.837165
12.770545
12.973123
12.973123
12.876593
13.151228
13.284467
13.279029
13.266793
13.234163
13.477528
13.480247
13.499281
13.450336
13.429942
13.492483
13.744006
13.810625
13.794310
13.651554
13.510158
13.545507
13.462572
13.492483
13.429942
13.419066
13.623003
13.125396
13.054698
12.902425
12.852120
12.920099
12.921459
12.971763
12.884750
13.175701
13.198814
13.242320
13.062855
13.183858
13.414987
13.492483
13.527832
13.514236
13.492483
13.390514
13.359244
13.376919
13.319816
13.345648
13.338850
13.308940
13.281748
13.133554
13.111800
13.242320
13.383717
13.347008
13.385076
13.276310
12.988078
12.967685
12.909223
12.984000
13.026147
13.072372
13.098205
13.077811
12.864357
12.902425
12.895627
12.952729
12.985359
13.211050
13.355165
13.345648
13.349727
13.313018
13.170262
13.322535
13.306220
13.336131
13.308940
13.395953
13.374199
13.296703
13.285827
13.239601
13.236882
13.327974
13.228724
13.274950
13.219207
13.167543
13.204252
13.106362
13.253197
13.332052
13.439459
13.406829
13.416346
13.401391
13.327974
13.352446
13.447617
13.371480
13.276310
13.361963
13.412268
13.371480
13.329333
13.372840
13.262714
13.132194
13.100924
13.124037
13.054698
13.009832
12.489112
12.457842
12.404818
12.508146
12.652262
12.581564
12.566608
12.648183
12.629149
12.563889
12.622351
12.642745
12.588362
12.551653
12.578845
12.656341
12.814052
12.773265
12.665858
12.697128
12.729758
12.615553
12.546215
12.407537
12.097553
12.243028
12.172330
12.134261
12.274298
12.294692
12.256624
12.268860
12.335480
12.252545
12.353154
12.291973
12.346356
12.426571
12.415695
12.463280
12.474157
12.362671
12.407537
12.358592
12.504068
12.544855
12.566608
12.489112
12.532619
12.451044
12.502708
12.555732
12.567968
12.608755
12.663139
12.622351
12.576125
12.485033
12.457842
12.572047
12.516304
12.513585
12.627789
12.509506
12.570687
12.652262
12.702566
12.759669
12.862997
12.784141
12.773265
12.781422
12.574766
12.539417
12.811333
12.907863
12.895627
12.944572
13.087328
12.867076
12.932336
12.785501
12.709364
12.667217
12.637307
12.678094
12.519023
12.253905
12.274298
12.253905
12.283815
12.279737
12.226713
12.149217
12.122025
11.987427
11.685600
11.742702
11.616261
11.697836
11.696476
11.731825
11.812041
11.866424
11.767175
11.663846
11.527888
11.315794
11.276366
11.338907
11.379694
11.391930
11.329389
11.336187
11.321232
11.360660
11.440875
11.499337
11.511573
11.515652
11.517012
11.483022
11.500697
11.512933
11.552361
11.534686
11.590429
11.540125
11.567316
11.612182
11.617621
11.604025
11.657049
11.676083
11.693757
11.693757
11.757658
11.750860
11.718230
11.661127
11.643453
11.643453
11.627138
11.663846
11.507495
11.537405
11.605384
11.652970
11.643453
11.657049
11.618980
11.561878
11.684240
11.703274
11.735904
11.798445
11.797085
11.735904
11.673363
11.767175
11.831075
11.863705
11.817479
11.750860
11.899054
11.915369
11.939841
11.946639
11.916729
11.935763
11.889537
11.889537
11.708713
11.816120
11.890896
11.886818
11.889537
11.954797
12.006461
12.048608
12.126104
12.173689
12.094834
12.079878
12.156015
12.251185
12.294692
12.281096
12.233511
12.399380
12.308288
12.355873
12.260703
12.251185
12.233511
12.247107
12.347716
12.402099
12.476876
12.544855
12.557091
12.610115
12.675375
12.671296
12.536698
12.561170
12.604677
12.581564
12.591081
12.665858
12.684892
12.830367
12.786860
12.837165
12.774624
12.843963
12.865716
12.800456
12.829007
13.141711
13.197454
13.130834
13.268152
13.413627
13.587654
13.493843
13.269512
13.355165
13.096845
13.262714
13.424504
13.240961
12.755590
12.674015
12.495910
12.675375
12.618272
12.430650
12.543495
12.646824
12.529900
12.529900
12.381705
12.566608
12.846682
12.816771
12.945931
12.973123
12.882031
12.858918
13.004393
12.954089
13.117239
13.061496
12.982640
12.975842
12.789580
12.888829
12.971763
13.068294
13.155307
13.212409
13.124037
13.122677
13.238241
13.171622
13.189296
13.215128
13.126665
13.193353
13.040923
13.183826
13.178382
13.427442
13.460105
13.503657
13.423359
13.461466
13.129387
13.113055
13.077669
12.843581
12.997372
12.808195
12.409428
12.130426
12.304632
12.058294
12.361793
12.450257
12.496530
12.780975
12.793224
13.024591
12.953820
12.851747
12.936127
12.790502
12.797307
13.021869
12.878966
13.042284
13.174299
13.358032
13.175660
13.114416
13.133470
13.031396
13.114416
13.187909
13.054533
12.904825
12.583633
12.740146
12.842220
12.678902
12.725175
12.959264
12.942932
12.884410
12.815000
12.876244
12.961986
13.028674
13.019147
12.948376
12.884410
12.601326
12.725175
12.790502
12.623102
12.480199
12.855829
13.012342
12.849025
12.990567
13.114416
13.152523
13.209685
13.394778
13.343061
13.309036
13.374363
13.243709
13.255958
13.390695
13.445134
13.277734
13.313119
13.426081
13.588037
13.491408
13.470993
13.366197
13.496852
13.279095
13.209685
13.445134
13.240987
13.212407
13.528154
13.541764
13.397500
13.416554
13.298148
13.473715
13.338978
13.250514
13.108972
12.808195
13.012342
12.982401
13.104889
13.110333
13.145718
12.933405
12.844942
13.295426
13.270929
13.230099
13.055894
12.771449
12.789141
13.216490
13.260041
13.226016
13.464188
13.729579
13.759521
13.671057
13.604369
13.494130
13.528154
13.427442
13.476437
13.578511
13.401583
13.351227
13.134831
13.243709
13.092640
12.955181
12.619019
12.318242
12.598604
12.387652
12.752395
12.853107
12.963347
12.912991
12.692512
12.644877
12.439369
12.429842
12.757839
12.715648
12.869439
12.947015
13.266846
13.269568
13.174299
13.038201
12.923879
13.040923
13.152523
12.934766
12.912991
12.861273
12.668014
12.746951
12.544165
12.633990
12.401262
12.295105
12.525111
12.715648
12.672097
12.891215
12.938849
13.073586
13.045006
13.036840
12.638072
12.491086
12.379486
11.885450
11.945333
11.860952
11.501653
11.501653
11.381887
11.745269
12.173978
12.006577
11.825567
11.720771
11.475794
11.241706
11.331530
11.531595
11.622780
12.001133
11.904504
11.836454
11.850064
11.733020
11.716688
11.892255
12.037880
11.960304
12.050129
12.149480
12.144036
11.875923
11.960304
11.933084
11.802430
11.704439
11.762961
11.870479
11.799708
11.919474
12.218890
12.229778
12.255637
11.977997
11.937167
11.909947
11.946694
11.904504
12.096402
11.905864
11.795625
11.660888
11.447214
11.489404
11.357389
11.571063
11.592839
11.602366
11.546565
11.565619
11.443131
11.245789
11.486682
11.635029
11.633668
11.662249
11.630946
11.662249
11.556092
11.719410
11.784737
11.701717
11.826928
11.851425
11.726215
11.767044
11.817401
11.848703
11.863674
11.841898
11.786098
11.779293
11.995689
12.199836
12.288300
12.417593
12.402623
12.307354
12.644877
12.545526
12.477477
12.391735
12.696595
13.107611
13.043645
12.900742
13.073586
13.122582
13.245070
13.341700
13.343061
13.243709
13.153884
13.552652
13.661530
13.506379
13.445134
13.730940
14.090240
14.026273
13.941893
13.973195
13.990888
13.932366
13.725497
13.982722
14.015386
14.310718
14.641437
14.494451
14.524393
14.482202
14.359714
14.400543
14.449539
14.182786
14.155567
14.041244
14.178703
14.167815
14.219533
14.307997
14.226338
14.167815
14.294387
14.144679
14.371963
14.581554
14.566583
14.022190
14.301192
14.201840
13.990888
14.442734
14.425041
14.312079
14.649603
14.758481
14.499895
14.376046
14.501256
14.565222
14.301192
14.211367
14.358353
14.441373
14.449539
14.471314
14.469953
14.381490
14.207284
14.133791
14.046688
14.199118
14.540724
14.396460
14.423680
14.324328
14.325689
14.356992
14.547529
14.872804
15.025234
15.101449
15.102810
15.230742
15.415835
15.391338
15.775134
15.784661
15.591402
15.392699
15.558738
15.319206
15.354591
15.364118
15.355952
15.346425
15.464831
15.282459
15.369562
15.155888
15.296069
15.251157
15.335537
15.451221
15.489328
15.639036
15.609095
15.645841
15.566904
15.505660
15.595485
15.373645
15.364118
15.379089
15.677144
15.696197
15.918037
15.788744
15.882652
15.968394
16.079994
16.326332
16.228341
16.231063
16.304556
16.572669
16.518230
16.665216
16.557699
16.610777
16.631192
16.768651
16.688353
16.602611
16.595806
16.520952
16.731904
16.691075
16.496454
16.515508
16.606694
16.439293
16.646162
16.734626
16.779539
16.633914
16.779539
16.760485
16.522313
16.567225
16.567225
16.661133
16.627109
16.987769
16.949661
16.961910
17.096647
17.152447
17.102091
17.034042
16.881612
17.111618
16.911554
16.805397
16.904749
17.149725
17.085759
16.902027
16.929247
17.152447
17.329375
17.389258
17.270853
17.389258
17.450502
17.304877
17.342985
17.617903
17.714533
17.687313
17.767611
17.978563
18.031641
17.880572
17.489971
17.315765
17.360678
17.227301
17.186472
16.965993
16.854393
16.876168
16.914276
17.104813
17.310321
17.235467
17.341624
17.306238
17.259965
17.491332
17.654650
17.646484
17.529439
17.538966
17.371565
17.268131
17.391980
17.480444
17.469556
17.378370
17.549854
17.604293
17.679147
17.526717
17.518551
17.820689
17.696840
18.110578
18.133715
18.362360
18.256203
18.325665
18.512259
18.561290
18.696128
18.520431
18.621218
18.279357
17.259222
17.991976
18.115918
18.685232
18.944012
18.903152
19.010749
19.274977
19.048885
19.062505
19.479276
19.550100
19.362145
19.691748
19.931459
20.100347
20.180705
19.509240
19.774830
19.200067
19.585512
19.836119
19.815689
19.979129
19.965509
19.349887
19.664508
19.344439
18.976699
18.867740
18.053266
18.032836
17.897998
17.814916
18.105022
17.549327
17.899360
18.366525
18.561290
18.486381
18.164949
18.408747
18.329751
18.592616
18.504087
18.881360
18.897704
19.123795
18.836414
18.716558
19.084297
19.059781
19.204153
19.302217
19.492896
19.420710
19.625010
19.653612
19.625010
19.697196
19.776192
19.712178
19.870169
20.078555
20.237908
20.506222
20.395900
20.651955
20.796327
20.745933
20.646507
20.873961
21.150446
20.869875
20.880771
20.515756
20.700987
20.933889
20.654679
20.661489
21.012884
21.376538
21.104138
21.179048
21.337040
21.413311
21.241700
21.456895
21.697969
21.663919
21.831444
21.819186
22.133808
22.320401
22.214166
22.539683
22.530149
23.028640
23.062689
23.137599
23.640176
23.664692
23.314659
23.354157
23.503976
24.076015
24.255799
25.085254
25.241884
25.589193
25.423030
25.581021
24.652140
24.874145
24.879593
25.417582
25.718583
25.935140
24.959951
25.130200
25.442098
25.903814
25.779873
26.053634
26.362807
26.346463
26.853126
26.697859
26.293346
26.192558
25.990982
25.608261
25.556505
25.849335
26.059082
26.394133
26.064530
26.000516
26.230694
26.610691
26.756424
26.693773
27.120077
27.474197
27.387029
27.600862
27.784732
27.332549
26.884452
26.192558
26.142164
25.482958
25.538799
25.907900
25.860231
26.144888
25.782597
25.523817
25.783959
25.566039
25.589193
25.922882
25.469338
25.624605
25.488405
25.801665
26.052272
26.744166
27.233123
27.391115
27.423803
27.166385
27.096924
26.671981
26.983878
26.759148
26.579365
25.917434
25.955570
26.282450
26.512627
26.738718
26.469043
26.805456
27.050616
27.170471
27.421079
26.879004
27.212693
27.075132
26.563021
26.810904
26.798646
26.885814
26.481301
26.112200
26.373703
26.515351
26.494921
26.418649
25.811199
25.760805
25.766253
25.740375
26.275640
26.385961
26.520799
26.902158
27.071046
27.199073
27.054702
27.323015
27.148679
27.626740
27.645808
27.703012
27.929104
27.681220
28.156557
27.810610
27.930466
27.871900
28.117059
28.013547
28.145661
28.708166
29.164434
29.405508
29.716043
29.762351
30.003424
29.720129
29.541708
29.992528
29.421852
29.262498
29.318340
29.728492
29.348318
29.795261
30.533806
31.328219
31.551690
31.198769
30.875826
30.259917
30.562421
31.057056
31.464482
31.227384
31.142901
31.014814
31.569404
31.926413
32.426498
31.746546
31.544877
30.355301
30.217676
29.400098
29.134385
28.502125
28.589333
28.334522
28.592059
27.873953
28.026567
26.962353
26.169303
26.696641
27.161297
26.959628
26.380511
26.612158
26.965079
27.283934
26.952815
27.158572
27.112243
27.064551
27.383406
27.923007
27.995227
28.382214
28.281379
28.652014
28.874123
28.874123