1.000000000
1.000140999
1.000282019
1.000423058
1.000564117
1.000705196
1.000846295
1.000987413
1.001128552
1.00126971
1.001410889
1.001552087
1.001693305
1.001834544
1.001975802
1.00211708
1.002258378
1.002399695
1.002541033
1.002682391
1.002823768
1.002965166
1.003106583
1.003248021
1.003389478
1.003530956
1.003672453
1.00381397
1.003955507
1.004097064
1.004238641
1.004380238
1.004521855
1.004663492
1.004805149
1.004946826
1.005088523
1.00523024
1.005371977
1.005513734
1.005655511
1.005797307
1.005939124
1.006080961
1.006222818
1.006364695
1.006506591
1.006648508
1.006790445
1.006932402
1.007074379
1.007216376
1.007358392
1.007500429
1.007642486
1.007784563
1.00792666
1.008068777
1.008210914
1.008353072
1.008495249
1.008637446
1.008779663
1.008921901
1.009064158
1.009206435
1.009348733
1.00949105
1.009633388
1.009775746
1.009918124
1.010060521
1.010202939
1.010345377
1.010487835
1.010630314
1.010772812
1.01091533
1.011057869
1.011200427
1.011343006
1.011485605
1.011628223
1.011770862
1.011913521
1.012056201
1.0121989
1.012341619
1.012484359
1.012627119
1.012769898
1.012912698
1.013055518
1.013198359
1.013341219
1.0134841
1.013627
1.013769921
1.013912862
1.014055823
1.014198804
1.014341806
1.014484827
1.014627869
1.014770931
1.014914013
1.015057115
1.015200238
1.01534338
1.015486543
1.015629726
1.015772929
1.015916153
1.016059396
1.01620266
1.016345944
1.016489248
1.016632572
1.016775917
1.016919282
1.017062667
1.017206072
1.017349497
1.017492943
1.017636409
1.017779895
1.017923401
1.018066928
1.018210475
1.018354042
1.018497629
1.018641237
1.018784865
1.018928513
1.019072181
1.019215869
1.019359578
1.019503307
1.019647057
1.019790826
1.019934616
1.020078426
1.020222257
1.020366108
1.020509979
1.02065387
1.020797781
1.020941713
1.021085665
1.021229638
1.021373631
1.021517644
1.021661677
1.021805731
1.021949805
1.022093899
1.022238014
1.022382149
1.022526304
1.022670479
1.022814675
1.022958892
1.023103128
1.023247385
1.023391662
1.02353596
1.023680278
1.023824616
1.023968975
1.024113354
1.024257753
1.024402173
1.024546613
1.024691074
1.024835554
1.024980056
1.025124577
1.025269119
1.025413681
1.025558264
1.025702867
1.025847491
1.025992135
1.026136799
1.026281483
1.026426189
1.026570914
1.02671566
1.026860426
1.027005213
1.02715002
1.027294848
1.027439695
1.027584564
1.027729453
1.027874362
1.028019292
1.028164242
1.028309212
1.028454203
1.028599215
1.028744246
1.028889299
1.029034371
1.029179465
1.029324578
1.029469713
1.029614867
1.029760042
1.029905238
1.030050454
1.03019569
1.030340947
1.030486225
1.030631523
1.030776841
1.03092218
1.031067539
1.031212919
1.03135832
1.031503741
1.031649182
1.031794644
1.031940126
1.032085629
1.032231153
1.032376697
1.032522261
1.032667846
1.032813452
1.032959078
1.033104724
1.033250391
1.033396079
1.033541787
1.033687516
1.033833265
1.033979035
1.034124826
1.034270637
1.034416468
1.03456232
1.034708193
1.034854086
1.035
1.035145934
1.035291889
1.035437865
1.035583861
1.035729878
1.035875915
1.036021973
1.036168051
1.03631415
1.03646027
1.03660641
1.036752571
1.036898753
1.037044955
1.037191177
1.037337421
1.037483685
1.037629969
1.037776274
1.0379226
1.038068947
1.038215314
1.038361702
1.03850811
1.038654539
1.038800989
1.038947459
1.03909395
1.039240462
1.039386994
1.039533547
1.03968012
1.039826715
1.03997333
1.040119965
1.040266621
1.040413298
1.040559996
1.040706714
1.040853453
1.041000213
1.041146993
1.041293795
1.041440616
1.041587459
1.041734322
1.041881206
1.042028111
1.042175036
1.042321982
1.042468949
1.042615936
1.042762944
1.042909973
1.043057023
1.043204093
1.043351185
1.043498296
1.043645429
1.043792582
1.043939757
1.044086951
1.044234167
1.044381403
1.044528661
1.044675939
1.044823237
1.044970557
1.045117897
1.045265258
1.04541264
1.045560042
1.045707466
1.04585491
1.046002375
1.04614986
1.046297367
1.046444894
1.046592442
1.046740011
1.046887601
1.047035211
1.047182843
1.047330495
1.047478168
1.047625861
1.047773576
1.047921312
1.048069068
1.048216845
1.048364643
1.048512462
1.048660301
1.048808162
1.048956043
1.049103945
1.049251868
1.049399812
1.049547777
1.049695762
1.049843769
1.049991796
1.050139844
1.050287913
1.050436003
1.050584114
1.050732246
1.050880399
1.051028572
1.051176767
1.051324982
1.051473218
1.051621475
1.051769753
1.051918052
1.052066372
1.052214712
1.052363074
1.052511457
1.05265986
1.052808285
1.05295673
1.053105196
1.053253683
1.053402191
1.053550721
1.053699271
1.053847842
1.053996433
1.054145046
1.05429368
1.054442335
1.054591011
1.054739707
1.054888425
1.055037164
1.055185923
1.055334704
1.055483505
1.055632328
1.055781171
1.055930036
1.056078921
1.056227828
1.056376755
1.056525704
1.056674673
1.056823664
1.056972675
1.057121708
1.057270761
1.057419836
1.057568931
1.057718048
1.057867186
1.058016344
1.058165524
1.058314725
1.058463946
1.058613189
1.058762453
1.058911738
1.059061044
1.059210371
1.059359719
1.059509088
1.059658478
1.059807889
1.059957321
1.060106775
1.060256249
1.060405745
1.060555261
1.060704799
1.060854357
1.061003937
1.061153538
1.06130316
1.061452803
1.061602468
1.061752153
1.061901859
1.062051587
1.062201335
1.062351105
1.062500896
1.062650708
1.062800541
1.062950395
1.063100271
1.063250167
1.063400085
1.063550024
1.063699983
1.063849965
1.063999967
1.06414999
1.064300035
1.0644501
1.064600187
1.064750295
1.064900424
1.065050574
1.065200746
1.065350939
1.065501152
1.065651387
1.065801644
1.065951921
1.06610222
1.066252539
1.06640288
1.066553243
1.066703626
1.06685403
1.067004456
1.067154903
1.067305371
1.067455861
1.067606371
1.067756903
1.067907456
1.068058031
1.068208626
1.068359243
1.068509881
1.06866054
1.068811221
1.068961922
1.069112645
1.06926339
1.069414155
1.069564942
1.06971575
1.069866579
1.07001743
1.070168302
1.070319195
1.070470109
1.070621045
1.070772002
1.07092298
1.071073979
1.071225
1.071376042
1.071527105
1.07167819
1.071829296
1.071980423
1.072131572
1.072282742
1.072433933
1.072585146
1.072736379
1.072887635
1.073038911
1.073190209
1.073341528
1.073492869
1.07364423
1.073795614
1.073947018
1.074098444
1.074249891
1.07440136
1.07455285
1.074704361
1.074855894
1.075007448
1.075159023
1.07531062
1.075462238
1.075613878
1.075765539
1.075917221
1.076068925
1.07622065
1.076372396
1.076524164
1.076675953
1.076827764
1.076979596
1.077131449
1.077283324
1.077435221
1.077587138
1.077739077
1.077891038
1.07804302
1.078195023
1.078347048
1.078499094
1.078651162
1.078803251
1.078955362
1.079107494
1.079259647
1.079411822
1.079564019
1.079716237
1.079868476
1.080020737
1.080173019
1.080325323
1.080477648
1.080629995
1.080782363
1.080934753
1.081087164
1.081239596
1.081392051
1.081544526
1.081697023
1.081849542
1.082002082
1.082154644
1.082307227
1.082459831
1.082612458
1.082765105
1.082917775
1.083070465
1.083223178
1.083375911
1.083528667
1.083681444
1.083834242
1.083987062
1.084139904
1.084292767
1.084445651
1.084598557
1.084751485
1.084904434
1.085057405
1.085210398
1.085363412
1.085516447
1.085669505
1.085822583
1.085975684
1.086128805
1.086281949
1.086435114
1.086588301
1.086741509
1.086894739
1.08704799
1.087201264
1.087354558
1.087507875
1.087661213
1.087814572
1.087967953
1.088121356
1.088274781
1.088428227
1.088581694
1.088735184
1.088888695
1.089042227
1.089195782
1.089349358
1.089502955
1.089656575
1.089810215
1.089963878
1.090117562
1.090271268
1.090424996
1.090578745
1.090732516
1.090886309
1.091040123
1.091193959
1.091347817
1.091501696
1.091655597
1.09180952
1.091963464
1.09211743
1.092271418
1.092425428
1.092579459
1.092733512
1.092887587
1.093041684
1.093195802
1.093349942
1.093504103
1.093658287
1.093812492
1.093966719
1.094120968
1.094275238
1.09442953
1.094583844
1.09473818
1.094892537
1.095046916
1.095201317
1.09535574
1.095510184
1.095664651
1.095819139
1.095973649
1.09612818
1.096282734
1.096437309
1.096591906
1.096746525
1.096901165
1.097055828
1.097210512
1.097365218
1.097519946
1.097674695
1.097829467
1.09798426
1.098139075
1.098293912
1.098448771
1.098603651
1.098758554
1.098913478
1.099068424
1.099223392
1.099378382
1.099533394
1.099688427
1.099843483
1.09999856
1.100153659
1.10030878
1.100463923
1.100619088
1.100774274
1.100929483
1.101084713
1.101239966
1.10139524
1.101550536
1.101705854
1.101861194
1.102016555
1.102171939
1.102327345
1.102482772
1.102638221
1.102793693
1.102949186
1.103104701
1.103260238
1.103415797
1.103571378
1.103726981
1.103882606
1.104038253
1.104193922
1.104349612
1.104505325
1.104661059
1.104816816
1.104972594
1.105128395
1.105284217
1.105440062
1.105595928
1.105751816
1.105907727
1.106063659
1.106219613
1.10637559
1.106531588
1.106687608
1.106843651
1.106999715
1.107155801
1.107311909
1.10746804
1.107624192
1.107780366
1.107936563
1.108092781
1.108249022
1.108405284
1.108561568
1.108717875
1.108874204
1.109030554
1.109186927
1.109343321
1.109499738
1.109656177
1.109812638
1.109969121
1.110125626
1.110282153
1.110438702
1.110595273
1.110751866
1.110908482
1.111065119
1.111221779
1.11137846
1.111535164
1.11169189
1.111848638
1.112005407
1.1121622
1.112319014
1.11247585
1.112632709
1.112789589
1.112946492
1.113103416
1.113260363
1.113417332
1.113574324
1.113731337
1.113888372
1.11404543
1.11420251
1.114359612
1.114516736
1.114673882
1.11483105
1.114988241
1.115145453
1.115302688
1.115459945
1.115617224
1.115774526
1.115931849
1.116089195
1.116246563
1.116403953
1.116561365
1.1167188
1.116876256
1.117033735
1.117191236
1.11734876
1.117506305
1.117663873
1.117821463
1.117979075
1.118136709
1.118294366
1.118452045
1.118609746
1.118767469
1.118925214
1.119082982
1.119240772
1.119398585
1.119556419
1.119714276
1.119872155
1.120030056
1.12018798
1.120345926
1.120503894
1.120661884
1.120819897
1.120977932
1.121135989
1.121294068
1.12145217
1.121610294
1.121768441
1.121926609
1.1220848
1.122243013
1.122401249
1.122559507
1.122717787
1.12287609
1.123034415
1.123192762
1.123351131
1.123509523
1.123667937
1.123826374
1.123984832
1.124143314
1.124301817
1.124460343
1.124618891
1.124777462
1.124936055
1.12509467
1.125253308
1.125411968
1.12557065
1.125729355
1.125888082
1.126046832
1.126205604
1.126364398
1.126523215
1.126682054
1.126840915
1.126999799
1.127158705
1.127317634
1.127476585
1.127635559
1.127794555
1.127953573
1.128112614
1.128271677
1.128430763
1.128589871
1.128749001
1.128908154
1.129067329
1.129226527
1.129385747
1.12954499
1.129704255
1.129863543
1.130022853
1.130182186
1.130341541
1.130500918
1.130660318
1.13081974
1.130979185
1.131138653
1.131298142
1.131457655
1.13161719
1.131776747
1.131936327
1.132095929
1.132255554
1.132415201
1.132574871
1.132734564
1.132894278
1.133054016
1.133213776
1.133373558
1.133533363
1.133693191
1.133853041
1.134012913
1.134172809
1.134332726
1.134492666
1.134652629
1.134812615
1.134972622
1.135132653
1.135292706
1.135452782
1.13561288
1.135773
1.135933144
1.13609331
1.136253498
1.136413709
1.136573943
1.136734199
1.136894478
1.137054779
1.137215103
1.13737545
1.137535819
1.137696211
1.137856626
1.138017063
1.138177522
1.138338005
1.13849851
1.138659037
1.138819587
1.13898016
1.139140756
1.139301374
1.139462015
1.139622678
1.139783364
1.139944073
1.140104805
1.140265559
1.140426335
1.140587135
1.140747957
1.140908802
1.141069669
1.141230559
1.141391472
1.141552408
1.141713366
1.141874347
1.14203535
1.142196377
1.142357426
1.142518497
1.142679592
1.142840709
1.143001849
1.143163011
1.143324196
1.143485404
1.143646635
1.143807889
1.143969165
1.144130464
1.144291786
1.14445313
1.144614497
1.144775887
1.1449373
1.145098735
1.145260194
1.145421675
1.145583178
1.145744705
1.145906254
1.146067826
1.146229421
1.146391039
1.146552679
1.146714342
1.146876028
1.147037737
1.147199469
1.147361223
1.147523001
1.147684801
1.147846624
1.148008469
1.148170338
1.148332229
1.148494143
1.14865608
1.14881804
1.148980023
1.149142028
1.149304056
1.149466108
1.149628182
1.149790278
1.149952398
1.150114541
1.150276706
1.150438895
1.150601106
1.15076334
1.150925597
1.151087877
1.151250179
