1.000000
1.000000
1.001000
1.001000
1.001000
1.001000
1.001000
1.006000
1.006000
1.006000
1.006000
1.006000
1.006000
1.006000
1.006000
1.006000
1.006000
1.004000
1.004000
1.005000
1.005000
1.005000
1.005000
1.007000
1.013000
1.013000
1.013000
1.013000
1.013000
0.994000
0.994000
0.994000
0.994000
0.994000
1.010000
1.010000
1.019000
1.014000
1.013000
1.017000
1.026000
1.024000
1.024000
1.030000
1.033000
1.038000
1.045000
1.058000
1.051000
1.020000
1.042000
1.027000
1.002000
1.010000
1.026000
1.031000
1.022000
1.036000
1.044000
1.042000
1.044000
1.028000
1.024000
1.020000
1.014000
1.002000
1.009000
1.008000
0.993000
0.999000
1.018000
1.021000
1.016000
1.013000
1.010000
1.002000
1.004000
0.995000
0.985000
0.975000
0.958000
0.952000
0.963000
0.966000
0.983000
0.986000
0.980000
0.975000
0.971000
0.952000
0.950000
0.951000
0.957000
0.948000
0.918000
0.927000
0.940000
0.916000
0.911000
0.894000
0.887000
0.897000
0.905000
0.915000
0.923000
0.921000
0.918000
0.940000
0.949000
0.962000
0.957000
0.962000
0.956000
0.952000
0.967000
0.949000
0.952000
0.951000
0.954000
0.967000
0.975000
0.977000
0.964000
0.972000
0.981000
0.986000
0.987000
0.985000
0.979000
0.987000
0.970000
0.980000
0.964000
0.965000
0.957000
0.956000
0.964000
0.961000
0.964000
0.951000
0.934000
0.931000
0.929000
0.933000
0.924000
0.930000
0.943000
0.935000
0.936000
0.950000
0.948000
0.946000
0.945000
0.947000
0.954000
0.956000
0.953000
0.962000
0.950000
0.944000
0.924000
0.935000
0.948000
0.938000
0.950000
0.955000
0.958000
0.955000
0.958000
0.957000
0.956000
0.955000
0.947000
0.955000
0.957000
0.956000
0.928000
0.923000
0.912000
0.907000
0.894000
0.897000
0.905000
0.917000
0.914000
0.927000
0.930000
0.932000
0.918000
0.923000
0.912000
0.920000
0.915000
0.904000
0.898000
0.887000
0.898000
0.904000
0.914000
0.928000
0.936000
0.935000
0.928000
0.939000
0.941000
0.962000
0.964000
0.963000
0.973000
0.976000
0.989000
0.985000
1.001000
0.996000
0.999000
1.005000
0.991000
0.995000
0.998000
0.999000
0.970000
0.973000
0.985000
0.984000
0.977000
0.974000
0.969000
0.976000
0.982000
0.977000
0.962000
0.968000
0.982000
1.008000
1.010000
1.011000
1.002000
1.001000
0.990000
0.990000
0.969000
0.975000
0.973000
0.989000
0.988000
0.992000
0.987000
0.988000
0.980000
0.970000
0.961000
0.949000
0.965000
0.960000
0.952000
0.943000
0.945000
0.946000
0.948000
0.935000
0.933000
0.949000
0.933000
0.916000
0.900000
0.907000
0.901000
0.889000
0.888000
0.876000
0.869000
0.891000
0.899000
0.896000
0.907000
0.897000
0.892000
0.873000
0.868000
0.885000
0.901000
0.911000
0.913000
0.922000
0.924000
0.927000
0.941000
0.944000
0.950000
0.948000
0.943000
0.949000
0.944000
0.943000
0.953000
0.949000
0.934000
0.933000
0.921000
0.921000
0.924000
0.924000
0.926000
0.922000
0.926000
0.933000
0.916000
0.924000
0.914000
0.897000
0.890000
0.892000
0.891000
0.878000
0.868000
0.853000
0.847000
0.844000
0.855000
0.855000
0.854000
0.846000
0.847000
0.850000
0.840000
0.819000
0.817000
0.823000
0.835000
0.811000
0.787000
0.785000
0.799000
0.819000
0.816000
0.807000
0.786000
0.759000
0.785000
0.767000
0.778000
0.797000
0.791000
0.793000
0.791000
0.797000
0.804000
0.811000
0.801000
0.812000
0.815000
0.814000
0.823000
0.824000
0.832000
0.833000
0.831000
0.832000
0.837000
0.846000
0.852000
0.861000
0.866000
0.864000
0.860000
0.864000
0.875000
0.871000
0.865000
0.867000
0.873000
0.888000
0.890000
0.900000
0.884000
0.893000
0.911000
0.909000
0.888000
0.880000
0.877000
0.865000
0.870000
0.860000
0.836000
0.831000
0.828000
0.849000
0.853000
0.849000
0.849000
0.850000
0.861000
0.861000
0.861000
0.849000
0.865000
0.860000
0.863000
0.856000
0.851000
0.862000
0.870000
0.870000
0.877000
0.882000
0.896000
0.902000
0.900000
0.886000
0.886000
0.883000
0.874000
0.880000
0.873000
0.880000
0.865000
0.868000
0.878000
0.877000
0.863000
0.852000
0.861000
0.869000
0.864000
0.869000
0.874000
0.859000
0.862000
0.856000
0.860000
0.857000
0.865000
0.870000
0.892000
0.897000
0.888000
0.895000
0.890000
0.885000
0.879000
0.867000
0.866000
0.865000
0.861000
0.873000
0.877000
0.885000
0.885000
0.877000
0.901000
0.893000
0.884000
0.889000
0.894000
0.894000
0.869000
0.863000
0.861000
0.866000
0.863000
0.858000
0.864000
0.861000
0.851000
0.849000
0.846000
0.842000
0.847000
0.840000
0.849000
0.859000
0.858000
0.852000
0.869000
0.867000
0.859000
0.858000
0.852000
0.844000
0.838000
0.842000
0.853000
0.844000
0.844000
0.840000
0.833000
0.828000
0.820000
0.808000
0.807000
0.823000
0.814000
0.813000
0.812000
0.834000
0.840000
0.837000
0.838000
0.835000
0.839000
0.825000
0.822000
0.822000
0.810000
0.813000
0.815000
0.817000
0.810000
0.824000
0.839000
0.830000
0.844000
0.847000
0.839000
0.839000
0.842000
0.848000
0.846000
0.856000
0.854000
0.853000
0.837000
0.836000
0.831000
0.820000
0.820000
0.823000
0.830000
0.840000
0.841000
0.832000
0.823000
0.823000
0.816000
0.812000
0.802000
0.793000
0.799000
0.793000
0.782000
0.768000
0.767000
0.769000
0.759000
0.768000
0.758000
0.751000
0.744000
0.747000
0.752000
0.729000
0.731000
0.742000
0.737000
0.744000
0.748000
0.750000
0.755000
0.748000
0.765000
0.769000
0.772000
0.779000
0.782000
0.783000
0.780000
0.793000
0.796000
0.798000
0.808000
0.816000
0.811000
0.814000
0.824000
0.832000
0.831000
0.822000
0.843000
0.846000
0.843000
0.842000
0.860000
0.852000
0.841000
0.843000
0.831000
0.829000
0.839000
0.839000
0.843000
0.837000
0.845000
0.839000
0.857000
0.854000
0.865000
0.882000
0.871000
0.855000
0.872000
0.862000
0.864000
0.866000
0.855000
0.853000
0.866000
0.872000
0.859000
0.871000
0.879000
0.873000
0.867000
0.864000
0.855000
0.847000
0.852000
0.855000
0.848000
0.848000
0.868000
0.874000
0.874000
0.866000
0.867000
0.866000
0.855000
0.847000
0.845000
0.837000
0.831000
0.842000
0.843000
0.841000
0.839000
0.842000
0.835000
0.838000
0.851000
0.853000
0.866000
0.864000
0.848000
0.859000
0.853000
0.846000
0.849000
0.863000
0.872000
0.876000
0.884000
0.881000
0.882000
0.875000
0.852000
0.862000
0.877000
0.886000
0.891000
0.891000
0.890000
0.882000
0.883000
0.889000
0.894000
0.896000
0.889000
0.882000
0.879000
0.867000
0.872000
0.870000
0.861000
0.846000
0.854000
0.850000
0.864000
0.866000
0.847000
0.848000
0.817000
0.828000
0.839000
0.834000
0.839000
0.855000
0.867000
0.876000
0.878000
0.873000
0.863000
0.864000
0.873000
0.885000
0.883000
0.896000
0.899000
0.883000
0.874000
0.855000
0.867000
0.887000
0.889000
0.881000
0.877000
0.861000
0.859000
0.862000
0.878000
0.882000
0.897000
0.908000
0.909000
0.908000
0.913000
0.918000
0.911000
0.908000
0.898000
0.882000
0.901000
0.902000
0.896000
0.896000
0.892000
0.905000
0.904000
0.895000
0.891000
0.886000
0.889000
0.902000
0.902000
0.911000
0.910000
0.915000
0.918000
0.914000
0.914000
0.928000
0.933000
0.926000
0.927000
0.949000
0.962000
0.961000
0.952000
0.960000
0.968000
0.977000
0.988000
0.990000
1.001000
1.004000
1.008000
0.991000
0.981000
0.993000
1.028000
1.018000
0.988000
0.987000
0.969000
0.965000
0.959000
0.978000
0.949000
0.947000
0.948000
0.953000
0.938000
0.924000
0.913000
0.919000
0.927000
0.912000
0.928000
0.943000
0.952000
0.942000
0.946000
0.938000
0.938000
0.934000
0.931000
0.935000
0.950000
0.952000
0.922000
0.936000
0.949000
0.945000
0.945000
0.954000
0.956000
0.952000
0.957000
0.962000
0.947000
0.938000
0.939000
0.932000
0.927000
0.931000
0.937000
0.947000
0.939000
0.950000
0.954000
0.958000
0.953000
0.952000
0.932000
0.931000
0.946000
0.932000
0.927000
0.923000
0.939000
0.943000
0.939000
0.920000
0.910000
0.917000
0.938000
0.947000
0.948000
0.928000
0.925000
0.924000
0.914000
0.925000
0.948000
0.944000
0.943000
0.936000
0.942000
0.948000
0.936000
0.936000
0.930000
0.922000
0.905000
0.875000
0.872000
0.854000
0.873000
0.893000
0.885000
0.876000
0.872000
0.880000
0.860000
0.865000
0.866000
0.876000
0.869000
0.879000
0.882000
0.865000
0.839000
0.853000
0.850000
0.854000
0.858000
0.846000
0.843000
0.847000
0.858000
0.856000
0.852000
0.862000
0.879000
0.881000
0.889000
0.897000
0.902000
0.890000
0.888000
0.889000
0.888000
0.878000
0.875000
0.877000
0.874000
0.856000
0.839000
0.856000
0.863000
0.870000
0.872000
0.858000
0.856000
0.850000
0.861000
0.861000
0.855000
0.846000
0.841000
0.831000
0.831000
0.838000
0.839000
0.845000
0.854000
0.852000
0.860000
0.854000
0.857000
0.854000
0.848000
0.858000
0.854000
0.849000
0.859000
0.862000
0.863000
0.873000
0.876000
0.864000
0.860000
0.849000
0.852000
0.862000
0.871000
0.867000
0.878000
0.882000
0.883000
0.878000
0.876000
0.878000
0.879000
0.872000
0.879000
0.870000
0.861000
0.869000
0.889000
0.894000
0.887000
0.881000
0.893000
0.896000
0.909000
0.903000
0.912000
0.920000
0.934000
0.936000
0.939000
0.950000
0.947000
0.961000
0.964000
0.961000
0.944000
0.949000
0.962000
0.960000
0.961000
0.956000
0.964000
0.967000
0.970000
0.968000
0.967000
0.974000
0.960000
0.951000
0.953000
0.948000
0.961000
0.976000
0.985000
0.993000
0.994000
1.003000
1.001000
0.996000
0.987000
0.989000
0.988000
0.959000
0.967000
0.973000
0.980000
0.962000
0.967000
0.979000
0.977000
0.978000
0.985000
0.983000
0.992000
0.997000
0.993000
0.983000
0.977000
0.977000
0.961000
0.968000
0.977000
0.969000
0.958000
0.948000
0.949000
0.951000
0.959000
0.968000
0.965000
0.968000
0.966000
0.954000
0.950000
0.954000
0.949000
0.969000
0.950000
0.960000
0.958000
0.963000
0.966000
0.960000
0.956000
0.950000
0.959000
0.966000
0.978000
0.979000
0.983000
0.985000
0.993000
1.011000
1.026000
1.045000
1.028000
1.038000
1.007000
1.042000
1.038000
1.043000
1.059000
1.052000
1.038000
1.046000
1.038000
1.035000
1.033000
1.025000
1.035000
1.043000
1.041000
1.025000
1.039000
1.093000
1.109000
1.100000
1.099000
1.086000
1.094000
1.108000
1.087000
1.095000
1.100000
1.042000
1.074000
1.102000
1.106000
1.095000
1.109000
1.115000
1.105000
1.098000
1.099000
1.090000
1.108000
1.105000
1.096000
1.091000
1.098000
1.114000
1.119000
1.119000
1.126000
1.139000
1.155000
1.149000
1.154000
1.155000
1.165000
1.145000
1.160000
1.146000
1.144000
1.165000
1.172000
1.180000
1.184000
1.193000
1.221000
1.231000
1.245000
1.244000
1.247000
1.274000
1.287000
1.286000
1.283000
1.287000
1.305000
1.297000
1.321000
1.329000
1.333000
1.355000
1.356000
1.337000
1.364000
1.374000
1.371000
1.339000
1.395000
1.412000
1.390000
1.461000
1.479000
1.474000
1.471000
1.481000
1.458000
1.475000
1.470000
1.472000
1.410000
1.397000
1.393000
1.421000
1.453000
1.457000
1.466000
1.451000
1.432000
1.415000
1.452000
1.484000
1.533000
1.562000
1.609000
1.634000
1.614000
1.528000
1.523000
1.585000
1.615000
1.626000
1.609000
1.613000
1.632000
1.630000
1.653000
1.650000
1.688000
1.671000
1.612000
1.628000
1.573000
1.487000
1.559000
1.606000
1.550000
1.450000
1.428000
1.513000
1.448000
1.382000
1.311000
1.325000
1.264000
1.179000
1.275000
1.373000
1.428000
1.393000
1.331000
1.348000
1.396000
1.390000
1.393000
1.387000
1.411000
1.393000
1.284000
1.290000
1.317000
1.290000
1.292000
1.301000
1.334000
1.312000
1.306000
1.324000
1.367000
1.371000
1.345000
1.357000
1.355000
1.361000
1.278000
1.299000
1.258000
1.199000
1.105000
1.068000
1.098000
1.152000
1.184000
1.169000
1.143000
1.151000
1.120000
1.147000
1.170000
1.159000
1.159000
1.126000
1.092000
1.151000
1.121000
1.127000
1.151000
1.155000
1.131000
1.139000
1.116000
1.125000
1.114000
1.128000
1.165000
1.171000
1.204000
1.208000
1.191000
1.213000
1.222000
1.231000
1.235000
1.180000
1.207000
1.234000
1.249000
1.249000
1.227000
1.242000
1.242000
1.231000
1.228000
1.276000
1.282000
1.297000
1.307000
1.303000
1.301000
1.301000
1.279000
1.281000
1.283000
1.272000
1.287000
1.282000
1.270000
1.275000
1.289000
1.286000
1.229000
1.235000
1.248000
1.280000
1.283000
1.275000
1.283000
1.251000
1.258000
1.254000
1.254000
1.274000
1.279000
1.273000
1.295000
1.305000
1.350000
1.360000
1.357000
1.344000
1.344000
1.315000
1.332000
1.330000
1.318000
1.233000
1.241000
1.256000
1.178000
1.197000
1.138000
1.146000
1.129000
1.155000
1.125000
1.132000
1.167000
1.144000
1.110000
1.121000
1.130000
1.081000
1.072000
1.049000
1.078000
1.079000
1.103000
1.103000
1.114000
1.106000
1.096000
1.123000
1.128000
1.122000
1.121000
1.144000
1.143000
1.143000
1.076000
1.084000
1.047000
1.068000
1.113000
1.117000
1.115000
1.124000
1.123000
1.111000
1.107000
1.105000
1.119000
1.119000
1.108000
1.130000
1.150000
1.166000
1.166000
1.167000
1.165000
1.172000
1.181000
1.164000
1.188000
1.194000
1.187000
1.205000
1.219000
1.201000
1.194000
1.209000
1.205000
1.210000
1.220000
1.215000
1.206000
1.211000
1.176000
1.173000
1.194000
1.190000
1.201000
1.206000
1.204000
1.213000
1.259000
1.250000
1.252000
1.212000
1.202000
1.218000
1.235000
1.233000
1.221000
1.238000
1.225000
1.200000
1.199000
1.210000
1.224000
1.209000
1.200000
1.208000
1.207000
1.203000
1.243000
1.246000
1.252000
1.279000
1.284000
1.288000
1.274000
1.239000
1.262000
1.291000
1.284000
1.306000
1.301000
1.287000
1.298000
1.290000
1.279000
1.312000
1.311000
1.311000
1.316000
1.316000
1.334000
1.341000
1.372000
1.364000
1.362000
1.382000
1.426000
1.412000
1.409000
1.422000
1.418000
1.394000
1.391000
1.400000
1.374000
1.375000
1.414000
1.387000
1.410000
1.408000
1.382000
1.381000
1.385000
1.384000
1.377000
1.388000
1.406000
1.397000
1.396000
1.403000
1.432000
1.432000
1.437000
1.424000
1.417000
1.413000
1.412000
1.403000
1.392000
1.389000
1.381000
1.382000
1.386000
1.379000
1.371000
1.376000
1.388000
1.380000
1.377000
1.367000
1.337000
1.342000
1.328000
1.344000
1.342000
1.343000
1.354000
1.351000
1.332000
1.341000
1.342000
1.348000
1.365000
1.377000
1.377000
1.375000
1.369000
1.368000
1.359000
1.375000
1.370000
1.370000
1.369000
1.376000
1.397000
1.404000
1.401000
1.399000
1.404000
1.415000
1.403000
1.405000
1.394000
1.392000
1.406000
1.397000
1.410000
1.404000
1.394000
1.404000
1.400000
1.404000
1.400000
1.402000
1.407000
1.427000
1.446000
1.455000
1.466000
1.496000
1.475000
1.495000
1.469000
1.438000
1.452000
1.455000
1.469000
1.475000
1.435000
1.446000
1.430000
1.409000
1.420000
1.418000
1.411000
1.417000
1.418000
1.400000
1.404000
1.407000
1.401000
1.401000
1.413000
1.426000
1.455000
1.450000
1.446000
1.449000
1.453000
1.437000
1.425000
1.422000
1.421000
1.435000
1.449000
1.450000
1.461000
1.459000
1.460000
1.464000
1.466000
1.456000
1.460000
1.457000
1.462000
1.470000
1.473000
1.499000
1.496000
1.491000
1.502000
1.510000
1.555000
1.553000
1.567000
1.562000
1.555000
1.533000
1.538000
1.543000
1.537000
1.542000
1.564000
1.580000
1.576000
1.569000
1.587000
1.597000
1.595000
1.608000
1.600000
1.591000
1.596000
1.635000
1.651000
1.649000
1.650000
1.626000
1.625000
1.631000
1.621000
1.637000
1.637000
1.641000
1.638000
1.616000
1.605000
1.614000
1.631000
1.617000
1.633000
1.665000
1.673000
1.703000
1.691000
1.676000
1.714000
1.702000
1.705000
1.681000
1.685000
1.693000
1.687000
1.689000
1.661000
1.658000
1.661000
1.688000
1.697000
1.704000
1.736000
1.713000
1.709000
1.725000
1.731000
1.753000
1.746000
1.741000
1.748000
1.750000
1.758000
1.751000
1.739000
1.773000
1.801000
1.835000
1.840000
1.865000
1.869000
1.845000
1.834000
1.820000
1.841000
1.837000
1.879000
1.872000
1.898000
1.927000
1.928000
1.893000
1.894000
1.904000
1.874000
1.852000
1.880000
1.881000
1.858000
1.861000
1.895000
1.870000
1.865000
1.877000
1.858000
1.855000
1.867000
1.895000
1.894000
1.921000
1.916000
1.879000
1.872000
1.904000
1.900000
1.905000
1.895000
1.865000
1.851000
1.890000
1.891000
1.931000
1.929000
1.901000
1.929000
1.924000
1.911000
1.903000
1.903000
1.911000
1.909000
1.917000
1.915000
1.925000
1.941000
1.926000
1.944000
1.939000
1.937000
1.921000
1.925000
1.914000
1.902000
1.889000
1.895000
1.902000
1.930000
1.928000
1.944000
1.966000
1.950000
1.965000
1.962000
1.978000
1.993000
1.981000
1.980000
1.991000
2.004000
2.042000
2.054000
2.092000
2.094000
2.094000
2.079000
2.088000
2.117000
2.138000
2.115000
2.125000
2.137000
2.157000
2.172000
2.212000
2.205000
2.189000
2.178000
2.194000
2.197000
2.258000
2.256000
2.239000
2.254000
2.306000
2.297000
2.263000
2.276000
2.315000
2.309000
2.302000
2.348000
2.311000
2.219000
2.221000
2.191000
2.209000
2.162000
2.138000
2.137000
2.180000
2.194000
2.172000
2.130000
2.168000
2.248000
2.232000
2.285000
2.281000
2.259000
2.294000
2.314000
2.344000
2.356000
2.341000
2.349000
2.326000
2.280000
2.334000
2.331000
2.342000
2.347000
2.385000
2.390000
2.411000
2.470000
2.505000
2.485000
2.527000
2.536000
2.540000
2.484000
2.487000
2.457000
2.554000
2.563000
2.531000
2.526000
2.545000
2.461000
2.445000
2.485000
2.461000
2.451000
2.379000
2.348000
2.265000
2.288000
2.242000
2.312000
2.333000
2.367000
2.428000
2.416000
2.423000
2.373000
2.341000
2.354000
2.358000
2.334000
2.339000
2.337000
2.390000
2.401000
2.402000
2.385000
2.393000
2.431000
2.401000
2.404000
2.385000
2.363000
2.308000
2.275000
2.252000
2.236000
2.156000
2.219000
2.214000
2.197000
2.203000
2.244000
2.222000
2.249000
2.257000
2.241000
2.218000
2.196000
2.169000
2.148000
2.210000
2.193000
2.197000
2.254000
2.263000
2.199000
2.176000
2.203000
2.236000
2.234000
2.299000
2.321000
2.321000
2.346000
2.326000
2.377000
2.384000
2.381000
2.338000
2.359000
2.353000
2.357000
2.318000
2.298000
2.309000
2.377000
2.354000
2.363000
2.439000
2.409000
2.473000
2.500000
2.494000
2.474000
2.467000
2.475000
2.555000
2.535000
2.498000
2.491000
2.405000
2.457000
2.442000
2.441000
2.443000
2.416000
2.339000
2.284000
2.352000
2.294000
2.248000
2.215000
2.206000
2.223000
2.295000
2.293000
2.264000
2.314000
2.358000
2.356000
2.322000
2.298000
2.291000
2.293000
2.277000
2.340000
2.328000
2.302000
2.296000
2.271000
2.287000
2.234000
2.164000
2.102000
2.074000
2.125000
2.063000
2.121000
2.134000
2.117000
2.107000
2.049000
2.013000
1.979000
1.993000
2.057000
2.035000
2.037000
2.024000
2.097000
2.087000
2.072000
2.059000
2.015000
2.011000
2.024000
1.975000
1.945000
1.968000
1.954000
1.956000
1.924000
1.931000
1.954000
1.940000
1.983000
2.028000
2.031000
2.080000
2.067000
2.103000
2.105000
2.120000
2.018000
2.028000
1.982000
1.920000
1.958000
1.912000
1.902000
1.904000
1.863000
1.920000
1.999000
1.910000
1.881000
1.853000
1.830000
1.723000
1.713000
1.752000
1.781000
1.866000
1.842000
1.820000
1.820000
1.819000
1.802000
1.812000
1.846000
1.821000
1.829000
1.836000
1.851000
1.815000
1.824000
1.826000
1.794000
1.789000
1.781000
1.801000
1.794000
1.818000
1.887000
1.884000
1.888000
1.845000
1.838000
1.814000
1.822000
1.836000
1.884000
1.860000
1.849000
1.834000
1.811000
1.805000
1.783000
1.796000
1.790000
1.774000
1.767000
1.784000
1.764000
1.736000
1.769000
1.778000
1.775000
1.814000
1.812000
1.834000
1.815000
1.887000
1.883000
1.874000
1.918000
1.936000
1.910000
1.918000
1.931000
1.944000
1.960000
1.980000
1.949000
1.977000
1.996000
2.069000
2.078000
2.097000
2.125000
2.085000
2.153000
2.148000
2.147000
2.136000
2.144000
2.215000
2.175000
2.185000
2.193000
2.257000
2.285000
2.301000
2.284000
2.224000
2.175000
2.231000
2.220000
2.222000
2.237000
2.302000
2.426000
2.414000
2.405000
2.384000
2.408000
2.351000
2.365000
2.413000
2.436000
2.527000
2.588000
2.559000
2.560000
2.618000
2.623000
2.678000
2.731000
2.630000
2.619000
2.614000
2.660000
2.679000
2.708000
2.747000
2.695000
2.714000
2.701000
2.647000
2.647000
2.668000
2.689000
2.526000
2.576000
2.566000
2.500000
2.602000
2.595000
2.575000
2.678000
2.711000
2.651000
2.599000
2.624000
2.612000
2.540000
2.563000
2.573000
2.602000
2.599000
2.578000
2.563000
2.564000
2.524000
2.521000
2.503000
2.538000
2.642000
2.620000
2.601000
2.585000
2.570000
2.575000
2.610000
2.706000
2.704000
2.734000
2.727000
2.722000
2.781000
2.789000
2.904000
2.915000
2.859000
2.838000
2.895000
2.845000
2.839000
2.851000
2.844000
2.870000
2.852000
2.812000
2.802000
2.769000
2.784000
2.780000
2.762000
2.765000
2.787000
2.787000
2.803000
2.806000
2.775000
2.741000
2.728000
2.687000
2.696000
2.673000
2.715000
2.690000
2.736000
2.732000
2.774000
2.767000
2.786000
2.822000
2.849000
2.845000
2.886000
2.899000
2.858000
2.915000
2.916000
2.930000
2.985000
3.015000
3.003000
2.982000
2.984000
2.979000
2.978000
2.964000
2.877000
2.923000
2.910000
2.899000
2.954000
2.953000
2.955000
2.926000
2.964000
2.945000
2.917000
2.913000
2.886000
2.917000
2.895000
2.903000
2.925000
2.933000
2.967000
2.938000
2.926000
2.892000
2.908000
2.914000
2.877000
2.835000
2.863000
2.898000
2.922000
2.896000
2.921000
2.991000
3.007000
3.012000
2.987000
2.993000
2.994000
2.949000
2.942000
2.967000
2.992000
2.987000
2.982000
3.012000
3.010000
2.993000
2.938000
2.935000
2.961000
2.942000
2.934000
2.873000
2.873000
2.886000
2.905000
2.906000
2.958000
2.944000
2.947000
2.923000
2.908000
2.957000
2.941000
2.964000
2.962000
2.949000
2.942000
2.932000
2.945000
2.920000
2.950000
2.968000
3.048000
3.057000
3.058000
3.014000
2.993000
3.023000
3.031000
3.087000
3.136000
3.146000
3.112000
3.127000
3.133000
3.149000
3.134000
3.071000
3.072000
2.969000
2.731000
2.768000
2.798000
2.832000
2.838000
2.848000
2.911000
2.915000
2.889000
2.884000
2.909000
2.894000
2.925000
3.018000
3.009000
2.971000
2.957000
2.925000
2.964000
2.862000
2.931000
2.951000
2.970000
3.115000
3.048000
2.943000
3.023000
3.005000
2.938000
2.889000
2.789000
2.737000
2.688000
2.607000
2.670000
2.586000
2.677000
2.755000
2.757000
2.790000
2.751000
2.794000
2.781000
2.807000
2.798000
2.851000
2.839000
2.858000
2.882000
2.895000
2.930000
2.921000
2.905000
2.929000
2.942000
2.893000
2.953000
2.975000
2.984000
2.963000
3.028000
2.975000
2.997000
3.002000
3.024000
3.072000
3.091000
3.120000
3.158000
3.149000
3.116000
3.169000
3.185000
3.171000
3.192000
3.109000
3.145000
3.177000
3.157000
3.167000
3.202000
3.274000
3.246000
3.234000
3.281000
3.314000
3.334000
3.349000
3.348000
3.300000
3.302000
3.227000
3.267000
3.249000
3.260000
3.339000
3.308000
3.359000
3.367000
3.361000
3.394000
3.526000
3.606000
3.580000
3.653000
3.722000
3.715000
3.756000
3.792000
3.946000
3.938000
4.024000
3.741000
3.797000
3.803000
3.865000
3.907000
3.939000
3.765000
3.782000
3.873000
3.950000
3.978000
3.985000
3.997000
3.982000
3.994000
3.918000
3.878000
3.895000
3.900000
3.848000
3.870000
3.975000
4.039000
4.071000
4.050000
3.967000
4.029000
4.101000
4.193000
4.185000
4.249000
4.383000
4.356000
4.335000
4.313000
4.345000
4.261000
4.185000
4.123000
4.047000
4.110000
4.194000
4.237000
4.247000
4.194000
4.135000
4.167000
4.120000
4.088000
4.097000
4.042000
4.043000
4.056000
4.056000
4.083000
4.123000
4.253000
4.287000
4.261000
4.247000
4.183000
4.139000
4.224000
4.232000
4.250000
4.179000
4.139000
4.142000
4.271000