1.009500
1.023700
1.023500
1.008700
1.022600
1.027100
1.003500
1.029300
1.029100
1.028300
1.030700
1.032700
1.029100
1.043000
1.041900
1.056100
1.078500
1.091300
1.078700
1.116700
1.146800
1.160600
1.163400
1.161900
1.191200
1.209600
1.174000
1.141000
1.161800
1.180500
1.201700
1.159500
1.153000
1.107900
1.090300
1.104300
1.106600
1.144300
1.143300
1.140500
1.118200
1.122500
1.117900
1.111700
1.109100
1.116600
1.141200
1.145800
1.156600
1.156900
1.174800
1.177200
1.154500
1.171200
1.183900
1.178300
1.190500
1.206600
1.221200
1.216600
1.216900
1.185500
1.201800
1.245200
1.276200
1.282291
1.285182
1.287040
1.268354
1.299944
1.298499
1.240687
1.259063
1.261747
1.226853
1.233667
1.258134
1.277232
1.310577
1.320385
1.345678
1.332360
1.323895
1.283530
1.307480
1.311507
1.313675
1.328437
1.333909
1.345987
1.340722
1.319869
1.318114
1.325443
1.329779
1.342787
1.363124
1.363331
1.363537
1.357034
1.346710
1.334115
1.340516
1.340413
1.333806
1.307480
1.321933
1.318940
1.333599
1.352078
1.349601
1.338967
1.341445
1.364879
1.361782
1.365396
1.388004
1.387282
1.408755
1.426821
1.452940
1.463470
1.457998
1.474000
1.492272
1.510235
1.516636
1.545645
1.561956
1.560821
1.570835
1.604593
1.576306
1.613574
1.626892
1.619665
1.636080
1.632260
1.538832
1.547400
1.598192
1.627614
1.660030
1.641964
1.617084
1.561647
1.564124
1.571970
1.511474
1.525617
1.481226
1.381294
1.399360
1.345058
1.408548
1.442410
1.471109
1.437557
1.463986
1.454178
1.411439
1.330915
1.322346
1.338658
1.404935
1.421453
1.428369
1.466773
1.480813
1.468012
1.494337
1.520559
1.525617
1.510855
1.535425
1.488866
1.516120
1.492272
1.461921
1.454695
1.444474
1.413607
1.413091
1.423517
1.485459
1.486181
1.505693
1.519733
1.523450
1.533567
1.573416
1.589314
1.583636
1.580539
1.610064
1.610787
1.577132
1.590037
1.559272
1.574551
1.628337
1.648984
1.651049
1.657966
1.659927
1.671696
1.677787
1.677064
1.677374
1.689143
1.734463
1.738386
1.733431
1.743548
1.745406
1.763576
1.707829
1.758621
1.696782
1.664263
1.732399
1.763679
1.789385
1.799295
1.780506
1.787733
1.774209
1.742103
1.750258
1.749536
1.757175
1.754491
1.742413
1.688420
1.639074
1.646197
1.602528
1.626582
1.688523
1.703286
1.723933
1.728269
1.731986
1.740038
1.734567
1.750671
1.755936
1.722591
1.719701
1.719907
1.757382
1.727856
1.767396
1.778339
1.788146
1.776377
1.710100
1.707416
1.660650
1.645887
1.597779
1.588695
1.603354
1.612542
1.582707
1.573829
1.603664
1.599844
1.568977
1.571144
1.576719
1.608619
1.608825
1.634944
1.628750
1.629576
1.663437
1.685633
1.677993
1.691208
1.689969
1.703183
1.657759
1.658792
1.674587
1.677168
1.656211
1.643203
1.628853
1.608000
1.612748
1.653114
1.652081
1.658482
1.675929
1.670870
1.678200
1.668083
1.685426
1.710822
1.726101
1.724862
1.752323
1.762647
1.765847
1.765537
1.756349
1.782055
1.790727
1.776274
1.790211
1.767912
1.760788
1.686872
1.698537
1.743342
1.753252
1.745303
1.741793
1.707209
1.698950
1.650842
1.631124
1.621111
1.653320
1.597057
1.553388
1.533154
1.504867
1.489588
1.529334
1.529747
1.454695
1.482155
1.499912
1.491550
1.535218
1.587662
1.566602
1.564847
1.591998
1.593340
1.557001
1.531399
1.544716
1.537799
1.539761
1.534289
1.552252
1.583636
1.593030
1.590140
1.559169
1.507242
1.537903
1.545439
1.533567
1.535941
1.508067
1.483601
1.410613
1.388314
1.360337
1.344026
1.336077
1.366222
1.388520
1.387282
1.426305
1.444165
1.426718
1.432086
1.407516
1.407206
1.434151
1.474206
1.481949
1.500015
1.502080
1.518391
1.516223
1.545129
1.550910
1.549981
1.577958
1.558550
1.568357
1.571970
1.601186
1.629473
1.584462
1.604386
1.588591
1.614194
1.647642
1.668289
1.675825
1.673864
1.632363
1.635976
1.648881
1.620078
1.635357
1.659514
1.705970
1.725069
1.707209
1.737044
1.747574
1.733121
1.735392
1.759550
1.731366
1.759653
1.794753
1.811684
1.769151
1.738490
1.741174
1.727856
1.725379
1.765847
1.748916
1.724553
1.755833
1.793514
1.779474
1.791759
1.792895
1.747058
1.746232
1.727237
1.784739
1.802805
1.813129
1.841829
1.887975
1.888801
1.872696
1.893859
1.918842
1.968705
1.951981
1.909861
1.948161
1.974486
2.007522
2.016916
2.021046
2.014645
1.922972
1.986771
1.945993
1.887046
1.905525
1.975106
2.009070
1.989043
2.039731
2.042312
2.038493
2.051707
2.020530
2.009070
2.013819
1.995237
1.972318
2.007522
2.001534
1.968086
1.990075
2.046751
2.058830
2.051913
2.046958
2.049642
2.034570
2.053668
2.034260
2.001947
1.974280
1.933502
1.899537
1.929992
1.948987
1.993482
2.012064
2.004734
1.987597
1.969531
1.919152
1.901499
1.899331
1.905318
1.872593
1.794340
1.794856
1.837596
1.781745
1.780713
1.731057
1.723727
1.749639
1.787010
1.808483
1.835015
1.833983
1.817568
1.861237
1.883123
1.928856
1.931334
1.961685
1.970770
1.943825
1.978306
1.938870
1.958588
1.965608
1.957556
1.984397
1.990591
1.984087
1.940728
1.960446
1.982849
1.981094
1.995134
1.982023
1.969841
1.981300
1.963130
1.988630
1.968808
1.971802
1.959414
1.953117
1.978926
1.982126
1.998231
1.983881
1.938044
1.917500
1.900053
1.919771
1.907280
1.918842
1.946716
1.933089
1.924211
1.942070
1.933915
1.921010
1.922869
1.917191
1.932676
1.949297
1.947852
1.920081
1.903667
1.876825
1.827066
1.856385
1.873212
1.834189
1.833879
1.836460
1.847506
1.861340
1.864334
1.839144
1.844719
1.842758
1.840074
1.845132
1.843996
1.838835
1.769770
1.774106
1.752117
1.731676
1.707932
1.693582
1.722591
1.737870
1.723830
1.752117
1.770802
1.772248
1.739728
1.731676
1.733328
1.750878
1.732502
1.700292
1.684601
1.670457
1.691104
1.690795
1.721559
1.752323
1.768428
1.775345
1.758930
1.782262
1.792172
1.833570
1.843480
1.842654
1.849778
1.856901
1.877961
1.858346
1.890143
1.900053
1.905731
1.903667
1.883329
1.884465
1.865160
1.869186
1.809929
1.820355
1.848952
1.854733
1.831815
1.840693
1.839661
1.843274
1.851326
1.832434
1.776171
1.788249
1.814884
1.843687
1.849778
1.861443
1.848332
1.837802
1.812923
1.801257
1.776480
1.800947
1.805902
1.836667
1.840177
1.833053
1.822420
1.815710
1.802496
1.784326
1.745200
1.729508
1.762027
1.750155
1.738180
1.709171
1.720423
1.721869
1.723933
1.693685
1.695131
1.742206
1.698847
1.691724
1.675619
1.682949
1.667463
1.639487
1.636080
1.618426
1.597263
1.643719
1.657450
1.647642
1.660237
1.616465
1.601186
1.558653
1.530986
1.551530
1.593134
1.606141
1.603870
1.638351
1.645061
1.647126
1.669838
1.680781
1.687285
1.681194
1.675103
1.689762
1.674174
1.666741
1.703389
1.710203
1.669115
1.672315
1.639590
1.635667
1.632776
1.629576
1.628750
1.618323
1.624517
1.648778
1.606967
1.633602
1.603870
1.563195
1.560924
1.562473
1.556279
1.544200
1.529953
1.497331
1.478026
1.452940
1.486181
1.487833
1.480091
1.455108
1.459650
1.464192
1.453869
1.426201
1.420420
1.422898
1.449946
1.411439
1.355175
1.356208
1.396366
1.444990
1.442926
1.436009
1.387385
1.333496
1.394508
1.362505
1.383152
1.403593
1.395231
1.401735
1.391205
1.410406
1.429918
1.445403
1.425376
1.461405
1.466360
1.471006
1.476684
1.470283
1.486801
1.484736
1.481846
1.485975
1.502699
1.526340
1.539038
1.558343
1.561027
1.548226
1.536457
1.537593
1.560098
1.551839
1.529540
1.519423
1.539554
1.567325
1.572899
1.590966
1.551426
1.544923
1.572487
1.580952
1.548536
1.552768
1.545955
1.521075
1.523346
1.517875
1.464192
1.453869
1.455108
1.491756
1.498363
1.482981
1.493098
1.489485
1.513745
1.527785
1.529334
1.508480
1.539348
1.532844
1.534496
1.517049
1.500118
1.517875
1.523243
1.521075
1.555556
1.562473
1.579403
1.593134
1.590862
1.562886
1.569596
1.563092
1.551943
1.555040
1.537283
1.548846
1.532018
1.550807
1.571661
1.570112
1.562163
1.544406
1.563505
1.594269
1.595921
1.590553
1.591482
1.551323
1.546265
1.534599
1.525617
1.522314
1.554007
1.565776
1.590450
1.574345
1.565466
1.581571
1.567428
1.560201
1.540690
1.509409
1.496402
1.492376
1.475755
1.499499
1.509926
1.508687
1.499086
1.481433
1.514262
1.498776
1.484530
1.499189
1.524482
1.523759
1.479678
1.478026
1.477819
1.483807
1.473174
1.453043
1.459340
1.446745
1.443442
1.433015
1.428679
1.421349
1.443339
1.429402
1.447571
1.475342
1.487111
1.481536
1.502906
1.499705
1.473277
1.474619
1.463573
1.454488
1.448087
1.447055
1.457482
1.448500
1.445507
1.433118
1.410716
1.409684
1.402251
1.382842
1.384081
1.407619
1.396470
1.400393
1.406483
1.444681
1.449326
1.439416
1.443855
1.437041
1.432499
1.406896
1.402870
1.409581
1.389553
1.386972
1.394818
1.398534
1.379642
1.401012
1.420111
1.415052
1.441480
1.445713
1.430950
1.422382
1.419181
1.429402
1.427647
1.450462
1.446332
1.461715
1.439106
1.427957
1.419078
1.406896
1.402148
1.406174
1.421040
1.439003
1.439106
1.436732
1.438693
1.429402
1.418562
1.409684
1.409374
1.397708
1.403593
1.398225
1.385836
1.380158
1.378816
1.385836
1.372209
1.384288
1.369938
1.349601
1.338967
1.340103
1.360131
1.351252
1.355279
1.386662
1.382430
1.390585
1.398638
1.395128
1.393889
1.389759
1.431157
1.424550
1.412471
1.416291
1.424550
1.429712
1.448913
1.481123
1.496092
1.487111
1.500944
1.526030
1.515604
1.533154
1.535115
1.541722
1.540793
1.522107
1.571970
1.577339
1.579816
1.574758
1.608413
1.602631
1.584359
1.584462
1.569286
1.578990
1.607793
1.613161
1.614916
1.597057
1.619665
1.609135
1.636286
1.648055
1.666121
1.691104
1.676961
1.634738
1.673038
1.651255
1.641861
1.646094
1.616258
1.614503
1.652288
1.666018
1.600463
1.631641
1.639280
1.617291
1.605728
1.613161
1.596644
1.581984
1.598295
1.597883
1.589520
1.593960
1.631950
1.641345
1.647126
1.648881
1.656314
1.663024
1.636802
1.634738
1.637215
1.610890
1.596231
1.594785
1.601289
1.590243
1.590553
1.587456
1.585597
1.597160
1.620594
1.615226
1.640003
1.630299
1.598708
1.617394
1.602322
1.581984
1.585907
1.618426
1.636493
1.639796
1.656933
1.656211
1.658069
1.644752
1.615846
1.626066
1.654352
1.689866
1.699363
1.698021
1.694511
1.678303
1.687078
1.696060
1.718462
1.723830
1.726411
1.708861
1.708551
1.691621
1.693376
1.673451
1.647332
1.604903
1.629886
1.631641
1.654869
1.655282
1.620388
1.620078
1.546574
1.548846
1.567221
1.580952
1.597573
1.632363
1.656107
1.663127
1.665605
1.667773
1.651668
1.636493
1.659205
1.696266
1.682226
1.709377
1.716294
1.686356
1.664676
1.620904
1.639177
1.681710
1.680161
1.673451
1.665089
1.638557
1.637938
1.641861
1.671283
1.685117
1.711442
1.710306
1.711029
1.705970
1.718668
1.740348
1.734463
1.721146
1.698124
1.681710
1.710926
1.715881
1.699570
1.701428
1.697918
1.712268
1.711545
1.690175
1.684910
1.680884
1.667257
1.689349
1.690795
1.698744
1.691517
1.714126
1.722591
1.720010
1.712577
1.724140
1.722282
1.699673
1.696473
1.718978
1.719288
1.709996
1.705661
1.709377
1.709171
1.732605
1.737457
1.756762
1.769667
1.765124
1.779268
1.772248
1.763266
1.767912
1.812303
1.792482
1.760066
1.753665
1.733431
1.727030
1.724656
1.744374
1.720010
1.727753
1.720114
1.715365
1.690072
1.670664
1.656624
1.661785
1.685220
1.655695
1.657553
1.681194
1.703286
1.682226
1.686665
1.667257
1.658688
1.652597
1.651359
1.656004
1.684084
1.683155
1.655282
1.672315
1.685323
1.678200
1.672109
1.672315
1.671490
1.655385
1.660960
1.669735
1.661063
1.665812
1.661579
1.647745
1.630402
1.631331
1.630608
1.650842
1.636906
1.653836
1.657140
1.672728
1.664057
1.651049
1.613265
1.612129
1.619356
1.607896
1.598915
1.582500
1.602115
1.604696
1.608103
1.582810
1.578887
1.585081
1.629989
1.633602
1.644442
1.626892
1.619975
1.610684
1.593547
1.605728
1.642067
1.649810
1.654869
1.639280
1.653630
1.665192
1.654456
1.652288
1.645784
1.633912
1.598089
1.563195
1.553181
1.521488
1.562163
1.592308
1.581158
1.577339
1.606864
1.613058
1.578268
1.605522
1.598295
1.619768
1.603148
1.624104
1.624001
1.603767
1.575377
1.621111
1.632157
1.631124
1.626479
1.606658
1.584255
1.597366
1.622659
1.639693
1.626892
1.641654
1.654869
1.665605
1.672625
1.694718
1.705454
1.686975
1.688214
1.683155
1.682846
1.656520
1.651565
1.660030
1.654972
1.621007
1.590862
1.614813
1.627614
1.627408
1.628647
1.618530
1.616671
1.604593
1.620388
1.629782
1.625859
1.600773
1.603560
1.575377
1.567634
1.589520
1.596540
1.614091
1.627408
1.620594
1.635460
1.629060
1.628647
1.613161
1.596024
1.613265
1.607380
1.607690
1.621833
1.632673
1.636389
1.640725
1.641035
1.628440
1.621214
1.605935
1.607587
1.619975
1.637525
1.631950
1.648158
1.653320
1.661166
1.648571
1.644029
1.650120
1.653010
1.660030
1.666121
1.639590
1.627511
1.635460
1.665399
1.688833
1.686046
1.675929
1.714126
1.722075
1.741587
1.740864
1.766879
1.774312
1.804560
1.794443
1.778958
1.801360
1.796302
1.820872
1.814574
1.800328
1.774725
1.776067
1.800328
1.796611
1.794650
1.779990
1.795372
1.796095
1.792585
1.793824
1.787733
1.799605
1.774519
1.758517
1.755317
1.743961
1.763679
1.775758
1.797024
1.814574
1.821181
1.834808
1.820768
1.815194
1.796198
1.797437
1.784223
1.748503
1.762750
1.765847
1.773590
1.739935
1.754594
1.773486
1.767705
1.761305
1.764711
1.765950
1.792585
1.795476
1.791140
1.778235
1.772661
1.771628
1.748400
1.769047
1.769254
1.761408
1.746232
1.725895
1.723933
1.709893
1.719597
1.737044
1.735909
1.750465
1.750671
1.735909
1.721972
1.729405
1.724553
1.760685
1.752117
1.774209
1.767499
1.780403
1.782778
1.757795
1.752736
1.741483
1.764092
1.800637
1.817671
1.822317
1.824278
1.848849
1.880542
1.905215
1.942277
1.995650
1.950020
2.000295
1.935154
2.024659
2.030750
2.039628
2.023420
2.020530
2.029821
2.030853
2.014335
2.013510
2.036531
1.994927
2.025898
2.063579
2.106628
2.117055
2.198405
2.309796
2.303912
2.292143
2.272941
2.262927
2.261172
2.279651
2.248680
2.285639
2.294724
2.182403
2.243725
2.303086
2.313513
2.296272
2.317126
2.311551
2.284607
2.258798
2.254668
2.225143
2.242280
2.221839
2.197992
2.178480
2.200986
2.217916
2.228240
2.244035
2.249197
2.255081
2.278825
2.280167
2.304221
2.300195
2.306802
2.265818
2.284813
2.265611
2.256733
2.294001
2.288117
2.294517
2.310209
2.310725
2.354807
2.371634
2.406425
2.395895
2.405599
2.446377
2.436363
2.435640
2.465682
2.477864
2.533301
2.513480
2.557252
2.573460
2.586365
2.627143
2.625801
2.596172
2.658217
2.696827
2.683406
2.641079
2.764653
2.771569
2.722636
2.854364
2.895556
2.887090
2.859113
2.888123
2.832375
2.885129
2.911454
2.937469
2.827936
2.817716
2.818129
2.871295
2.926113
2.918164
2.934785
2.901956
2.873050
2.843834
2.916616
2.981861
3.049274
3.103988
3.192461
3.238505
3.181931
3.040808
3.036369
3.155297
3.191842
3.163246
3.126804
3.158497
3.203404
3.192152
3.203817
3.213522
3.245215
3.262455
3.205056
3.212902
3.124739
2.990119
3.120609
3.185338
3.105021
2.931482
2.916616
3.027904
2.928384
2.809457
2.683819
2.722945
2.601127
2.428930
2.631272
2.836505
2.932927
2.852403
2.776422
2.810902
2.893904
2.869437
2.870263
2.870572
2.893181
2.862623
2.664720
2.707873
2.752471
2.702298
2.732856
2.788190
2.831549
2.784267
2.783648
2.806360
2.872224
2.855707
2.809560
2.826078
2.828246
2.841460
2.703640
2.737192
2.669160
2.568505
2.390010
2.321978
2.393933
2.509351
2.556426
2.536192
2.484058
2.514100
2.454326
2.508112
2.532579
2.495724
2.464030
2.422633
2.369982
2.477348
2.419226
2.440802
2.484161
2.488704
2.449164
2.461449
2.426865
2.449371
2.437189
2.455049
2.518745
2.529482
2.588429
2.600818
2.562930
2.604431
2.631272
2.642112
2.646035
2.518539
2.568505
2.621878
2.654603
2.667818
2.636537
2.667508
2.685677
2.668953
2.652745
2.740083
2.758562
2.780448
2.777764
2.763724
2.765685
2.755774
2.730895
2.732030
2.728417
2.701679
2.725836
2.724597
2.703124
2.696517
2.709628
2.705395
2.608147
2.617026
2.642009
2.704776
2.707667
2.680722
2.696104
2.650164
2.656668
2.649235
2.664617
2.694349
2.706737
2.682890
2.719022
2.728830
2.848170
2.846622
2.822568
2.803573
2.799546
2.735024
2.777970
2.785816
2.765272
2.596275
2.628278
2.665340
2.498614
2.546825
2.436673
2.448338
2.426865
2.471566
2.398269
2.401779
2.471773
2.427382
2.363375
2.383403
2.403224
2.296788
2.291214
2.262204
2.326314
2.321668
2.371634
2.359143
2.372873
2.359865
2.342006
2.404360
2.414167
2.402192
2.398785
2.452261
2.445138
2.456907
2.323733
2.353981
2.283161
2.320120
2.416232
2.418194
2.439150
2.461036
2.445448
2.424801
2.413754
2.410554
2.446687
2.446274
2.430479
2.467747
2.502640
2.531546
2.533714
2.527727
2.528140
2.549613
2.571705
2.544141
2.587500
2.595243
2.582855
2.608044
2.624871
2.585332
2.567266
2.581203
2.569537
2.581822
2.596998
2.591423
2.560969
2.573047
2.521636
2.514100
2.541251
2.543212
2.558078
2.558491
2.560452
2.579654
2.670708
2.662656
2.657184
2.603708
2.588326
2.602573
2.661314
2.659662
2.643970
2.665959
2.641596
2.606186
2.600611
2.621774
2.631479
2.601953
2.585229
2.589358
2.592765
2.596482
2.668747
2.672566
2.677212
2.737811
2.754329
2.760110
2.736160
2.670708
2.708389
2.761246
2.752264
2.796656
2.800372
2.774150
2.797688
2.785300
2.759801
2.823600
2.826594
2.831136
2.840118
2.839808
2.867992
2.875838
2.945109
2.938811
2.940876
2.977628
3.063004
3.032859
3.022948
3.058565
3.057532
3.009012
3.005398
3.025942
2.971021
2.983719
3.045454
3.006740
3.072502
3.090361
3.035233
3.025839
3.039260
3.024807
2.992597
3.009837
3.037608
3.034614
3.037505
3.045247
3.112763
3.109150
3.106053
3.091807
3.078696
3.073431
3.080141
3.058978
3.037505
3.036782
3.041221
3.042047
3.054332
3.042150
3.031001
3.043905
3.064552
3.056397
3.054022
3.037092
2.970814
2.984441
2.965859
2.990945
2.988984
2.997656
3.018200
3.015309
2.970092
2.990636
2.987126
2.999617
3.034098
3.062591
3.064965
3.057739
3.042666
3.034408
3.019232
3.049790
3.037195
3.031620
3.014586
3.027078
3.067443
3.075392
3.065275
3.054022
3.046383
3.070953
3.050616
3.060320
3.041015
3.029246
3.055571
3.041118
3.064552
3.048861
3.027388
3.054642
3.047519
3.056087
3.044008
3.044834
3.049686
3.063417
3.074773
3.081999
3.097794
3.142805
3.105227
3.107602
3.080141
3.057532
3.078696
3.082825
3.095110
3.092220
3.019851
3.039363
3.009528
2.989707
3.008186
2.998998
2.985474
3.009425
2.992184
2.965756
2.966788
2.977318
2.975047
2.970505
2.994868
3.020987
3.068372
3.054229
3.056294
3.067546
3.069095
3.034304
3.010870
3.009321
2.996520
3.013451
3.041531
3.039569
3.062384
3.061146
3.064862
3.067959
3.063623
3.049893
3.065791
3.056810
3.066927
3.086645
3.081690
3.122984
3.122261
3.118648
3.129694
3.146935
3.222090
3.224052
3.243150
3.247693
3.252545
3.202062
3.217961
3.219922
3.200824
3.218064
3.259461
3.294149
3.283206
3.272676
3.288161
3.325326
3.316241
3.341740
3.340192
3.332552
3.349483
3.401720
3.433001
3.421645
3.433517
3.393152
3.396352
3.401720
3.380247
3.402443
3.421851
3.425774
3.427426
3.396765
3.382622
3.419270
3.463352
3.432794
3.450035
3.507227
3.503511
3.553786
3.532417
3.517654
3.569065
3.546044
3.548418
3.522093
3.550276
3.555025
3.545424
3.545837
3.504337
3.506401
3.498142
3.548005
3.562871
3.595390
3.663320
3.620993
3.610566
3.649589
3.655577
3.675811
3.656196
3.644840
3.651344
3.661358
3.672095
3.660326
3.646905
3.683451
3.727223
3.766555
3.766099
3.784141
3.788937
3.748856
3.730129
3.726475
3.754337
3.739949
3.804466
3.780372
3.810404
3.853796
3.855281
3.800584
3.801155
3.809605
3.772950
3.730357
3.749998
3.734468
3.714599
3.697813
3.725904
3.695187
3.692903
3.709004
3.663899
3.678515
3.707291
3.743261
3.734011
3.747257
3.741091
3.689363
3.699526
3.741091
3.744402
3.766441
3.735267
3.690162
3.676574
3.737437
3.736638
3.786310
3.782314
3.745659
3.792020
3.786767
3.768154
3.754908
3.774320
3.779801
3.757534
3.760503
3.743032
3.750569
3.788937
3.786767
3.796816
3.793276
3.782314
3.755707
3.769753
3.756507
3.768382
3.761645
3.757877
3.764614
3.797272
3.794874
3.820225
3.841236
3.821024
3.824906
3.817941
3.825135
3.860077
3.839066
3.835183
3.865444
3.863731
3.919912
3.946975
4.000873
4.023825
4.045179
4.025310
4.014804
4.069958
4.112208
4.082062
4.097592
4.116776
4.160625
4.171473
4.230281
4.211668
4.206643
4.198536
4.232679
4.239644
4.338989
4.328484
4.301764
4.346298
4.419379
4.400766
4.322318
4.368336
4.425774
4.372904
4.376330
4.416182
4.379641
4.208699
4.231308
4.179923
4.225941
4.155600
4.106613
4.123741
4.163936
4.172158
4.147150
4.117804
4.167933
4.268306
4.234962
4.320377
4.311698
4.256773
4.332366
4.374160
4.421092
4.454550
4.417438
4.424175
4.394372
4.321176
4.398597
4.396998
4.413213
4.437878
4.488464
4.487322
4.517240
4.600827
4.618070
4.596145
4.647188
4.670255
4.700401
4.623208
4.626063
4.569653
4.689895
4.724723
4.696861
4.648216
4.671967
4.517811
4.506506
4.569767
4.510845
4.519524
4.415954
4.325629
4.209156
4.228796
4.114035
4.237360
4.273901
4.345727
4.457519
4.452038
4.524091
4.438335
4.392430
4.443587
4.436051
4.398711
4.440276
4.417210
4.526261
4.558805
4.543846
4.488464
4.502738
4.563487
4.520323
4.583813
4.582214
4.545902
4.481499
4.425545
4.435480
4.421891
4.274015
4.317750
4.359315
4.354748
4.364682
4.399168
4.403164
4.473619
4.462543
4.455235
4.381925
4.349723
4.256659
4.228910
4.335906
4.326200
4.328827
4.427487
4.459460
4.331796
4.360800
4.436394
4.464256
4.469509
4.569653
4.589065
4.609734
4.711820
4.643648
4.727007
4.761492
4.773596
4.684642
4.740710
4.742765
4.792095
4.726550
4.710335
4.751329
4.837771
4.751329
4.727578
4.877738
4.812193
4.920901
4.982336
4.996495
4.941341
4.934147
4.905372
5.028697
4.990672
4.939857
4.923756
4.821328
4.877852
4.852958
4.859696
4.889956
4.822013
4.664202
4.554694
4.683044
4.593062
4.511645
4.491090
4.478073
4.499426
4.652327
4.673223
4.614872
4.701314
4.768229
4.783188
4.720726
4.693549
4.665459
4.701314
4.638510
4.711934
4.768572
4.717986
4.686355
4.631202
4.632229
4.553552
4.480813
4.344585
4.241700
4.344128
4.243983
4.386949
4.428743
4.423376
4.394143
4.273901
4.207785
4.129451
4.128652
4.283151
4.238274
4.235419
4.224800
4.396770
4.348353
4.313297
4.281438
4.198193
4.197851
4.215779
4.134818
4.071557
4.102502
4.074868
4.094623
4.036158
4.036044
4.076467
4.043694
4.118717
4.227198
4.234506
4.350523
4.309414
4.391403
4.416753
4.444729
4.229253
4.223543
4.140071
3.999503
4.090170
4.007724
3.985457
3.978949
3.884742
4.008752
4.191228
4.015718
3.927563
3.842377
3.792705
3.561470
3.555532
3.668695
3.731727
3.979976
3.902099
3.859392
3.835298
3.817370
3.775462
3.815314
3.889195
3.846374
3.875264
3.897417
3.940238
3.855966
3.902213
3.900500
3.826048
3.826391
3.800013
3.857565
3.815885
3.890566
4.058767
4.065619
4.065390
3.949944
3.936013
3.890451
3.919456
3.937498
4.036158
3.947775
3.915231
3.883029
3.824792
3.811089
3.742347
3.777518
3.771694
3.754451
3.746115
3.768382
3.686508
3.631126
3.697014
3.713114
3.718481
3.782999
3.764157
3.789622
3.725675
3.871953
3.867956
3.862018
3.958509
4.002928
3.930875
3.914660
3.938411
3.979405
4.008981
4.022112
3.962048
4.022112
4.095194
4.232679
4.254717
4.315238
4.368565
4.273559
4.394600
4.373932
4.385693
4.378499
4.421435
4.567712
4.498970
4.492575
4.535282
4.670825
4.711020
4.702228
4.672196
4.558348
4.457975
4.591235
4.574107
4.579017
4.607336
4.703027
4.912223
4.870201
4.869859
4.834117
4.867461
4.735571
4.739111
4.846335
4.903887
5.092643
5.180227
5.135464
5.135350
5.206833
5.218024
5.312687
5.381087
5.197355
5.173946
5.128841
5.231841
5.251938
5.244402
5.313715
5.262215
5.322165
5.294417
5.210601
5.186279
5.282313
5.310175
5.010084
5.135579
5.071175
4.919417
5.157731
5.108744
5.062954
5.272606
5.335754
5.208660
5.131696
5.189933
5.155562
5.052334
5.069919
5.090816
5.151679
5.132267
5.105318
5.085221
5.091615
5.001177
4.966006
4.922843
5.035891
5.226930
5.189019
5.167780
5.154534
5.136264
5.180684
5.255821
5.432472
5.440922
5.504184
5.503042
5.509665
5.629107
5.673642
5.893571
5.907388
5.779267
5.680036
5.824486
5.721373
5.720459
5.736446
5.710411
5.791942
5.753917
5.674669
5.655942
5.588684
5.637101
5.634703
5.590740
5.611065
5.643610
5.671244
5.687801
5.668960
5.603415
5.556368
5.503384
5.400385
5.406894
5.416714
5.501900
5.455425
5.603186
5.593138
5.672842
5.666448
5.744211
5.790229
5.793313
5.760997
5.856231
5.930569
5.857031
5.967681
5.943358
5.957404
6.059147
6.103795
6.055379
6.018381
6.043389
6.066341
6.062002
6.043389
5.875529
5.936278
5.902478
5.875529
6.021236
6.014042
6.046015
5.976359
6.065884
6.043160
6.017125
6.011758
5.971335
6.032655
5.996457
6.089521
6.113501
6.103110
6.157008
6.125034
6.134855
6.068510
6.037108
6.055150
5.994972
5.919607
6.000225
6.058119
6.034710
6.031855
6.076846
6.205995
6.242422
6.272568
6.228605
6.260121
6.254754
6.183157
6.220954
6.289240
6.318586
6.271540
6.278620
6.355013
6.341767
6.293921
6.121497
6.091985
6.136567
6.100525
6.087088
5.959999
5.945180
5.933124
5.962636
5.986873
6.066241
6.011236
6.030576
6.024673
5.998929
6.119739
6.105674
6.143851
6.113334
6.084325
6.073274
6.045771
6.067246
6.027185
6.097260
6.088595
6.167837
6.229749
6.197223
6.124260
6.011990
6.062097
6.044767
6.159674
6.239544
6.325317
6.276968
6.281238
6.301833
6.303842
6.312005
6.268554
6.247707
6.078674
5.689118
5.757686
5.920064
6.075660
6.058078
6.104544
6.188809
6.209279
6.174870
6.231633
6.247833
6.183032
6.169972
6.330466
6.330340
6.266293
6.256749
6.154149
6.202749
6.026180
6.176628
6.263530
6.305475
6.510048
6.400917
6.213423
6.315396
6.263530
6.122125
6.028692
5.782300
5.775519
5.672165
5.485047
5.660109
5.494089
5.694644
5.896329
5.906250
5.913784
5.779160
5.937143
5.939780
6.001441
6.013873
6.138200
6.102158
6.165200
6.182656
6.156283
6.229874
6.201493
6.188056
6.224474
6.243061
6.125265
6.249089
6.322052
6.309619
6.325191
6.498620
6.428294
6.415108
6.441229
6.493346
6.522857
6.488825
6.546592
6.681593
6.644923
6.573341
6.744384
6.853515
6.794366
6.822496
6.637891
6.730319
6.828147
6.783817
6.763221
6.905757
7.078307
6.982739
6.985251
7.074916
7.169103
7.146121
7.226996
7.284638
7.206652
7.253871
7.113344
7.215945
7.257010
7.251359
7.427174
7.386485
7.561295
7.519100
7.539193
7.610775
7.766371
7.931762
7.958009
8.076433
8.245718
8.223741
8.420528
8.485956
8.763492
8.753571
8.883047
8.223113
8.258904
8.226001
8.415881
8.592701
8.713385
8.324709
8.487589
8.584789
8.716399
8.760604
8.783334
8.882167
8.897112
8.966935
8.803051
8.662399
8.658757
8.717529
8.588557
8.581022
8.773162
8.933656
8.978614
8.931396
8.790116
8.912182
9.044294
9.233923
9.254644
9.356365
9.571236
9.566590
9.551520
9.537957
9.609664
9.457459
9.247737
9.080713
8.869107
8.951489
9.097666
9.174774
9.216090
9.095908
8.962917
9.057857
8.954000
8.872498
8.924865
8.807572
8.862953
8.887065
8.907284
8.998959
9.164853
9.519496
9.644325
9.581283
9.543231
9.472278
9.354105
9.592711
9.615567
9.685516
9.485338
9.555413
9.591204
9.738763
9.937182
9.756595
9.798289
9.863340
9.943713
9.999345
9.939819
10.144644
10.238202
10.129072
10.241342
10.099309
10.306519
10.124048
10.010522
10.072685
10.176667
10.180309
10.227779
9.977871
9.997210
10.068792
9.938815
10.131960
10.094411
10.240463
10.496148
10.500795
10.521641
10.467264
10.523776
10.477562
10.683391
10.663800
10.731740
10.918732
10.844136
10.934304
10.935434
10.905922
10.809098
10.877792
11.084500
11.053858
11.231933
11.484228
11.632414
12.067682
12.199543
12.319976
12.205194
12.011170
12.300511
12.157222
11.994091
11.907188
11.939714
11.768043
11.806722
12.022849
12.143282
12.431619
12.271627
12.230436
11.953277
12.004012
12.162999
12.381009
12.446688
12.506214
12.699611
12.823309
13.130483
13.486131
13.054882
13.095194
12.514377
12.464019
11.902918
11.749591
11.749591