1.0000
1.0000
1.0006
1.0006
1.0006
1.0006
1.0006
1.0017
1.0017
1.0017
1.0017
0.9996
0.9996
0.9988
1.0001
1.0021
1.0022
1.0045
1.0037
1.0031
1.0059
1.0053
1.0072
1.0086
1.0090
1.0096
1.0130
1.0177
1.0214
1.0217
1.0229
1.0280
1.0228
1.0228
1.0339
1.0421
1.0505
1.0535
1.0553
1.0566
1.0634
1.0655
1.0542
1.0571
1.0713
1.0754
1.0782
1.0689
1.0752
1.0867
1.1013
1.0979
1.0912
1.0817
1.0901
1.0977
1.1028
1.1028
1.0899
1.0875
1.0870
1.0946
1.0931
1.0937
1.1047
1.1148
1.1292
1.1404
1.1340
1.1391
1.1422
1.1236
1.1217
1.1223
1.1248
1.1322
1.1362
1.1431
1.1455
1.1397
1.1449
1.1482
1.1556
1.1585
1.1575
1.1613
1.1694
1.2092
1.2159
1.2267
1.2505
1.2561
1.2699
1.2872
1.2864
1.2979
1.3068
1.2926
1.2534
1.2787
1.2887
1.2995
1.3297
1.3345
1.3556
1.3738
1.3960
1.4143
1.4119
1.4364
1.4814
1.5207
1.5419
1.5288
1.5817
1.6408
1.6045
1.5823
1.5907
1.6308
1.6026
1.5538
1.5489
1.5517
1.5792
1.6258
1.6711
1.6625
1.6984
1.6638
1.6668
1.6297
1.5506
1.5615
1.5503
1.5725
1.5783
1.5622
1.5684
1.6078
1.6299
1.6272
1.6140
1.6106
1.6145
1.6361
1.6412
1.6323
1.6670
1.6685
1.6995
1.6922
1.6861
1.7071
1.7040
1.6995
1.7045
1.7200
1.6640
1.6787
1.6770
1.6685
1.6339
1.6379
1.6584
1.6689
1.6962
1.6908
1.6728
1.6511
1.6000
1.5962
1.5741
1.5609
1.5378
1.5289
1.5509
1.5507
1.5665
1.5763
1.5392
1.5563
1.5713
1.5587
1.5555
1.5674
1.5847
1.5800
1.5885
1.5894
1.6192
1.6471
1.6420
1.6472
1.6367
1.6621
1.6630
1.6665
1.6479
1.6525
1.6582
1.6618
1.6531
1.6598
1.6746
1.6854
1.6938
1.6976
1.7133
1.7177
1.7256
1.7031
1.7102
1.7355
1.7508
1.7507
1.7903
1.7880
1.7770
1.7534
1.7544
1.7161
1.7236
1.7457
1.7596
1.7604
1.7236
1.7543
1.7779
1.7866
1.7723
1.7625
1.7698
1.7678
1.7578
1.7736
1.7750
1.7785
1.7832
1.8057
1.7864
1.7551
1.7775
1.8300
1.8553
1.8883
1.9051
1.9138
1.9319
1.9370
1.9476
1.9774
1.9963
2.0355
2.0934
2.1207
2.1414
2.1630
2.1345
2.1168
2.0750
2.1420
2.1682
2.1991
2.2296
2.2819
2.3603
2.3445
2.3598
2.3363
2.3224
2.3354
2.3231
2.3583
2.3522
2.3973
2.3971
2.3752
2.3844
2.4329
2.4470
2.4535
2.4528
2.4479
2.4837
2.5202
2.4856
2.5038
2.5368
2.5863
2.5701
2.5897
2.5468
2.5865
2.5934
2.5856
2.4632
2.4770
2.3927
2.3484
2.3484
2.3831
2.3932
2.3817
2.4699
2.5170
2.5766
2.6225
2.6036
2.5599
2.3177
2.3533
2.3140
2.3577
2.3239
2.3807
2.4544
2.4948
2.4770
2.4692
2.4789
2.4295
2.4671
2.4454
2.4810
2.4528
2.4687
2.4763
2.4629
2.4837
2.4833
2.4810
2.5029
2.4828
2.4828
2.5140
2.5604
2.5971
2.6292
2.6343
2.6523
2.6805
2.6969
2.7283
2.7724
2.8525
2.8195
2.8066
2.6962
2.7835
2.8465
2.8340
2.8294
2.8687
2.8186
2.9028
2.9663
2.9465
2.9144
2.8767
2.9372
2.8664
2.9474
3.0345
3.0543
3.0970
3.1042
3.1709
3.1453
3.1991
3.2818
3.3633
3.1640
3.2968
3.2647
3.0970
3.1599
3.2007
3.2940
3.3116
3.4316
3.4935
3.5464
3.5559
3.5561
3.6469
3.6247
3.5746
3.6124
3.5473
3.4884
3.5051
3.6242
3.5076
3.4672
3.4670
3.4139
3.4570
3.3892
3.2515
3.3790
3.4714
3.4381
3.4152
3.4376
3.4413
3.3716
3.4540
3.4695
3.4693
3.6094
3.7210
3.7020
3.7180
3.7351
3.6970
3.7729
3.8217
3.7187
3.8064
3.9494
4.0147
4.0304
3.9879
4.1006
4.0500
4.0219
4.0674
4.0664
4.0064
3.9401
4.1302
4.2209
4.3024
4.3916
4.4370
4.4239
4.4006
4.3528
4.3932
4.4553
4.4814
4.4370
4.4294
4.4606
4.3747
4.3980
4.2676
4.3029
4.3962
4.4398
4.4844
4.4213
4.3759
4.4368
4.4260
4.4077
4.4186
4.3853
4.4527
4.5689
4.5687
4.6319
4.6497
4.6719
4.7583
4.7393
4.7296
4.7862
4.7536
4.6236
4.7033
4.6252
4.6853
4.7174
4.5696
4.6093
4.6386
4.6439
4.7395
4.6550
4.5592
4.5158
4.5052
4.5153
4.3731
4.3447
4.3232
4.2906
4.4347
4.3752
4.3179
4.3163
4.3789
4.3495
4.2036
4.2516
4.2338
4.1620
4.1253
4.2080
4.1406
4.1666
4.2147
4.3214
4.3297
4.3717
4.4869
4.5361
4.5241
4.3752
4.4883
4.4631
4.4253
4.5003
4.5488
4.5966
4.6911
4.7165
4.7809
4.8439
4.8298
4.8296
4.8291
4.8885
4.8714
4.9026
4.9665
4.9587
5.0317
5.0698
5.0938
5.1430
5.1254
5.0222
4.9663
4.9922
4.8259
4.5680
4.7945
4.8816
4.8940
4.6767
4.6536
4.5975
4.5008
4.4721
4.7610
4.7040
4.6146
4.6566
4.6266
4.7573
4.8169
4.7282
4.7294
4.5918
4.4597
4.3828
4.4643
4.4553
4.5211
4.6352
4.5712
4.5326
4.5456
4.4727
4.2873
4.2805
4.1630
4.0778
4.0457
3.8840
3.7218
3.8190
3.9254
3.9714
3.8200
3.8511
3.8639
3.7907
3.9039
3.8209
3.6499
3.6026
3.6589
3.8239
3.8704
3.7316
3.7692
3.8094
3.6497
3.6674
3.6361
3.5580
3.5101
3.4997
3.4720
3.6059
3.8655
3.8181
3.7509
3.7746
3.9314
4.0198
3.9842
3.8418
3.9442
3.9403
3.9510
3.9550
4.0206
3.9692
3.9401
3.9308
3.7713
3.8279
3.7705
3.7651
3.6791
3.6900
3.7539
3.7014
3.7041
3.6987
3.6886
3.6358
3.6050
3.6053
3.3840
3.3821
3.3293
3.2376
3.2055
3.1513
3.2700
3.0896
3.1543
3.0945
3.1631
3.2850
3.3040
3.1900
3.1758
3.0996
3.1127
3.1862
3.1720
3.2912
3.3059
3.3849
3.3737
3.3487
3.3625
3.2616
3.1780
3.1693
3.2327
3.3283
3.3204
3.2899
3.3620
3.3405
3.3574
3.3261
3.3127
3.2561
3.2899
3.2515
3.2001
3.2020
3.1734
3.0855
2.9859
2.9851
2.9995
3.0196
3.0215
2.9118
2.9320
3.0985
3.0049
2.9619
2.9494
2.8819
2.8286
2.8223
2.8702
2.7733
2.7257
2.6582
2.6661
2.6212
2.5621
2.5599
2.5594
2.5058
2.5123
2.4802
2.4394
2.3923
2.6016
2.6658
2.5365
2.5352
2.6010
2.6427
2.6424
2.5545
2.5431
2.4805
2.4576
2.3711
2.4051
2.3645
2.3379
2.2704
2.2671
2.3120
2.3120
2.2845
2.2840
2.2404
2.1275
2.1563
2.1245
2.1585
2.1354
2.1321
2.1120
2.1596
2.1139
2.1106
2.2219
2.2045
2.2023
2.2744
2.3776
2.4432
2.3180
2.4484
2.4459
2.4328
2.3626
2.3517
2.3539
2.4070
2.4056
2.4402
2.4696
2.5561
2.5880
2.6168
2.6914
2.6503
2.6955
2.6498
2.5823
2.6130
2.6372
2.6740
2.7080
2.7336
2.7224
2.6065
2.5730
2.5594
2.5365
2.5401
2.5414
2.5431
2.5714
2.6092
2.5980
2.5635
2.5931
2.5880
2.5477
2.6127
2.6032
2.6234
2.6430
2.6547
2.6345
2.6527
2.6416
2.6628
2.7126
2.7597
2.7442
2.8277
2.8852
2.9045
2.9260
2.9461
3.0180
3.0444
2.9758
2.8773
2.9067
2.9516
3.0131
2.9271
2.9143
2.8000
2.7592
2.7896
2.7725
2.9333
2.9235
2.9045
2.8245
2.8707
2.8479
2.8386
2.8231
2.8490
2.9271
2.9328
2.9829
2.9578
3.0096
3.0357
2.9840
3.0115
3.0286
3.0153
3.0449
3.0787
3.1149
3.0939
3.0975
3.0251
3.0653
3.1443
3.1914
3.2254
3.2529
3.2610
3.2466
3.3127
3.3032
3.2104
3.2158
3.1952
3.1606
3.1590
3.2227
3.2520
3.3231
3.3209
3.3435
3.3277
3.3451
3.2823
3.3334
3.3487
3.3410
3.3566
3.3566
3.3644
3.3299
3.2727
3.2676
3.2670
3.2667
3.2861
3.3481
3.3707
3.4151
3.4134
3.4483
3.4638
3.4785
3.5209
3.5027
3.4651
3.5547
3.5422
3.6031
3.6431
3.6554
3.6483
3.6431
3.6622
3.6657
3.6682
3.7253
3.7229
3.7667
3.7942
3.8217
3.8195
3.8181
3.8309
3.9001
3.9243
3.9213
4.0078
3.9999
3.9820
3.9869
4.0389
3.9915
4.0476
4.0726
4.0503
4.1153
4.1123
3.9322
3.9880
4.0644
4.1053
4.1153
4.1012
4.0533
3.9700
3.9893
4.0212
3.8854
3.8984
3.7915
3.5838
3.6012
3.5030
3.6197
3.7112
3.7819
3.7221
3.8113
3.8296
3.7457
3.5484
3.5762
3.6048
3.7517
3.7882
3.8628
3.9526
3.9627
3.9265
3.9964
4.0685
4.0857
4.0544
4.1132
3.9961
4.0533
4.0016
3.9044
3.8930
3.8848
3.8312
3.8192
3.8505
3.9803
3.9711
4.0048
4.0133
4.0111
4.0138
4.0952
4.1518
4.1178
4.1072
4.1711
4.1749
4.0922
4.0966
4.0239
4.0726
4.2223
4.2590
4.2860
4.2808
4.2805
4.2936
4.3064
4.2988
4.3195
4.3638
4.4740
4.4735
4.4735
4.4893
4.4740
4.5274
4.3769
4.4822
4.3135
4.2226
4.3965
4.4615
4.4893
4.4809
4.4923
4.5337
4.4947
4.4272
4.4520
4.4577
4.4904
4.4789
4.4509
4.3475
4.2438
4.2356
4.1553
4.2011
4.3347
4.3410
4.3959
4.4172
4.4485
4.4708
4.4496
4.4868
4.4735
4.3916
4.4133
4.4146
4.4890
4.3922
4.4623
4.4967
4.5322
4.5267
4.3708
4.3760
4.3070
4.2712
4.1621
4.1229
4.1652
4.1836
4.1428
4.1162
4.1928
4.1912
4.1321
4.1257
4.1315
4.1952
4.2020
4.2476
4.2099
4.1762
4.2396
4.3070
4.3034
4.3404
4.3380
4.3493
4.2403
4.2461
4.2740
4.2920
4.2559
4.2350
4.1845
4.1309
4.1459
4.2381
4.2338
4.2488
4.2608
4.2415
4.2522
4.2206
4.2792
4.3423
4.3582
4.3484
4.4192
4.4216
4.3971
4.3842
4.3573
4.3962
4.3818
4.4048
4.4323
4.3836
4.3671
4.1992
4.2210
4.3288
4.3493
4.3196
4.3024
4.2237
4.2246
4.1294
4.1116
4.0718
4.1490
4.0087
3.9514
3.9450
3.8727
3.8583
3.9465
3.9450
3.7602
3.8362
3.8537
3.8273
3.9158
4.0451
3.9676
3.9593
4.0188
4.0163
3.9367
3.9067
3.9379
3.9318
3.9477
3.9342
3.9597
4.0448
4.0460
4.0396
3.9731
3.8788
3.9777
3.9854
3.9667
3.9796
3.9443
3.9045
3.7409
3.7394
3.6720
3.6591
3.6723
3.7363
3.7657
3.7801
3.8742
3.9045
3.8524
3.8537
3.8034
3.8157
3.8944
3.9587
3.9713
4.0154
4.0326
4.0635
4.0647
4.1355
4.1330
4.1330
4.2032
4.1637
4.1830
4.1885
4.2458
4.2825
4.1520
4.2014
4.1722
4.2476
4.3420
4.3916
4.3750
4.3671
4.2920
4.3199
4.3674
4.2942
4.3300
4.3839
4.4914
4.5019
4.4633
4.5417
4.5818
4.5772
4.5788
4.5794
4.5386
4.5846
4.6425
4.6477
4.5708
4.4878
4.5251
4.5135
4.5175
4.5870
4.5726
4.5147
4.5879
4.7016
4.6933
4.6933
4.7399
4.6581
4.7148
4.6722
4.8061
4.8762
4.8318
4.8385
4.9534
4.9347
4.8839
4.9065
4.9381
5.0747
5.0284
4.9770
5.0269
5.1047
5.1666
5.1841
5.2469
5.2346
5.0432
5.1341
5.0242
4.8238
4.8998
5.0337
5.1105
5.0747
5.1982
5.2315
5.1975
5.2193
5.1274
5.1090
5.1271
5.1406
5.1154
5.2153
5.2738
5.1914
5.2564
5.4157
5.4466
5.3954
5.3795
5.3633
5.3179
5.3731
5.3210
5.2557
5.2193
5.1347
5.0658
5.1320
5.1743
5.3369
5.3951
5.3896
5.3332
5.3225
5.1991
5.1743
5.1813
5.1828
5.0971
4.9261
4.9568
5.0585
4.9053
4.9148
4.7858
4.7433
4.8232
4.8879
4.9232
4.9679
4.9770
4.9252
5.0291
5.0847
5.2026
5.1857
5.2119
5.2249
5.1679
5.2126
5.0954
5.1100
5.1184
5.1333
5.2039
5.2233
5.2155
5.1822
5.2278
5.2718
5.2657
5.2903
5.2420
5.2123
5.2589
5.1809
5.2252
5.1482
5.1618
5.1142
5.1207
5.1734
5.1663
5.1987
5.1369
5.0766
5.0346
5.0077
5.0621
5.0278
5.0323
5.0899
5.0533
5.0689
5.1258
5.1067
5.1336
5.1660
5.1174
5.1284
5.1472
5.1045
5.1223
5.0776
5.0608
4.9650
5.0155
5.0734
5.0077
5.0317
5.0592
5.0728
5.0802
5.0896
5.0656
5.0783
5.0634
5.0375
5.0763
5.0734
5.0653
4.9494
4.9582
4.9197
4.8883
4.8501
4.8345
4.8682
4.9090
4.8410
4.9158
4.9316
4.9679
4.8779
4.8866
4.8750
4.9219
4.8818
4.8125
4.7630
4.7196
4.7601
4.7504
4.8255
4.9200
4.9540
4.9536
4.9090
4.9724
4.9948
5.0873
5.1022
5.1009
5.1330
5.1459
5.1750
5.1207
5.1909
5.1996
5.2414
5.2304
5.1812
5.1867
5.1640
5.1776
5.0553
5.0543
5.1304
5.1301
5.1090
5.1009
5.1012
5.1291
5.1330
5.0825
4.9925
5.0381
5.0944
5.2123
5.2184
5.2650
5.2155
5.2016
5.1229
5.1067
5.0443
5.0909
5.1100
5.2061
5.2094
5.1890
5.1553
5.1210
5.0757
5.0291
4.9459
4.9074
4.9996
4.9462
4.9239
4.8675
4.8834
4.9002
4.9051
4.8158
4.8277
4.9401
4.8106
4.7704
4.6769
4.6947
4.6458
4.5762
4.5471
4.4924
4.4464
4.5801
4.6073
4.5633
4.6076
4.5167
4.4901
4.3516
4.3150
4.3963
4.5083
4.5542
4.5552
4.6416
4.6688
4.6863
4.7814
4.7772
4.7980
4.7543
4.7060
4.7491
4.6999
4.7025
4.7860
4.7899
4.6937
4.6915
4.6083
4.6015
4.6170
4.5940
4.6338
4.6160
4.6277
4.6830
4.5681
4.6377
4.5717
4.4840
4.4772
4.5005
4.4228
4.3623
4.2762
4.1949
4.1240
4.0486
4.1176
4.1295
4.1198
4.0457
4.0525
4.0784
4.0289
3.9408
3.9114
3.9192
3.9871
3.9868
3.8916
3.7716
3.7560
3.8531
3.9726
3.9755
3.9476
3.8211
3.6689
3.8110
3.7071
3.7466
3.8402
3.8030
3.7971
3.7690
3.8246
3.8758
3.8984
3.8463
3.9188
3.9499
3.9845
4.0130
4.0166
4.0467
4.0286
4.0172
4.0266
4.0781
4.1593
4.1849
4.2406
4.2525
4.2480
4.1940
4.1991
4.2755
4.2396
4.1820
4.1535
4.1962
4.2574
4.2833
4.3140
4.1953
4.1917
4.2500
4.2636
4.1868
4.1474
4.1571
4.1228
4.1140
4.0972
4.0159
3.9894
3.9965
3.9965
4.1095
4.1341
4.0920
4.1234
4.1474
4.2101
4.2237
4.2335
4.1661
4.2516
4.2357
4.2636
4.2150
4.2127
4.2771
4.3053
4.3079
4.3319
4.3464
4.4037
4.4228
4.4144
4.3451
4.3341
4.3053
4.2937
4.2927
4.2254
4.2610
4.1956
4.2247
4.2914
4.2888
4.2454
4.1914
4.2587
4.3108
4.3118
4.3448
4.3726
4.2875
4.2882
4.2658
4.2668
4.2419
4.3014
4.3027
4.3969
4.3878
4.3603
4.4066
4.3642
4.3403
4.3098
4.2276
4.2347
4.2347
4.1791
4.2338
4.2338
4.2726
4.3150
4.3108
4.2558
4.3302
4.2522
4.1910
4.2296
4.2856
4.2820
4.1600
4.1503
4.1389
4.1564
4.1247
4.1004
4.1503
4.1367
4.0991
4.1056
4.0765
4.0509
4.0884
4.0198
4.0493
4.1075
4.1211
4.1215
4.1729
4.1483
4.0881
4.1101
4.0855
4.0638
4.0548
4.0551
4.1053
4.0564
4.0447
4.0111
3.9671
3.9483
3.9324
3.9059
3.9085
3.9684
3.9541
3.9758
3.9752
4.1117
4.1380
4.1189
4.1305
4.0891
4.0982
3.9891
3.9586
3.9836
3.9149
3.9302
3.9729
3.9609
3.8981
3.9777
4.0551
4.0548
4.0075
4.1140
4.1224
4.0878
4.0923
4.0820
4.0846
4.0758
4.1571
4.1606
4.1684
4.0959
4.0771
4.0001
3.9315
3.9201
3.9318
3.9567
4.0195
4.0370
4.0001
3.9768
3.9719
3.9127
3.9159
3.8878
3.8250
3.8298
3.7787
3.7521
3.7288
3.7058
3.7392
3.7139
3.7440
3.7149
3.6547
3.5916
3.5861
3.6181
3.5544
3.5806
3.6842
3.6767
3.7376
3.7997
3.8004
3.8085
3.7774
3.9104
3.9104
3.8939
3.9315
3.9606
3.9748
3.9878
4.0813
4.1448
4.1234
4.1920
4.2367
4.1898
4.2244
4.2522
4.2691
4.2801
4.2160
4.3500
4.3746
4.3645
4.3370
4.4089
4.4121
4.3594
4.3681
4.2752
4.2940
4.3943
4.4112
4.4241
4.4044
4.4526
4.4374
4.5076
4.5209
4.5290
4.6086
4.5853
4.4885
4.5691
4.4989
4.4597
4.4769
4.4260
4.4325
4.5296
4.5649
4.4108
4.4801
4.5212
4.4701
4.4163
4.4092
4.3607
4.3085
4.3263
4.3374
4.3241
4.3335
4.4370
4.4791
4.4905
4.4772
4.4992
4.5189
4.4315
4.3878
4.3875
4.4141
4.3623
4.3438
4.3205
4.3474
4.3364
4.3526
4.3571
4.3289
4.3649
4.4277
4.4124
4.4989
4.5154
4.4105
4.4960
4.4076
4.3642
4.3607
4.4257
4.5096
4.5167
4.5345
4.5374
4.5604
4.5610
4.4937
4.5520
4.6015
4.6788
4.7251
4.7436
4.7274
4.7073
4.7501
4.7666
4.8054
4.8077
4.7934
4.7212
4.7041
4.6400
4.6523
4.5801
4.5251
4.4218
4.5319
4.5108
4.5280
4.4827
4.3535
4.3419
4.1295
4.1519
4.2535
4.2124
4.2642
4.2636
4.3399
4.4001
4.4147
4.4591
4.4584
4.3529
4.3302
4.4351
4.5393
4.5367
4.6627
4.7044
4.6387
4.5986
4.5442
4.6225
4.7242
4.7329
4.6714
4.6759
4.5846
4.5591
4.5905
4.6979
4.7934
4.8853
4.8905
4.8109
4.7795
4.7821
4.8255
4.8306
4.8190
4.7556
4.6753
4.7627
4.7403
4.7335
4.7403
4.7067
4.7759
4.7624
4.6898
4.6636
4.6222
4.6526
4.7387
4.7319
4.7679
4.7598
4.7960
4.8242
4.8345
4.8896
4.9242
4.9145
4.7811
4.8112
4.9057
4.9591
5.0346
4.9378
4.9433
5.0032
5.0954
5.1029
5.0889
5.1835
5.2547
5.2440
5.1090
5.0812
5.1032
5.2760
5.1750
5.0495
4.9944
4.9462
4.9142
4.8481
4.9281
4.8918
4.8886
4.9070
4.9637
4.8659
4.7831
4.7229
4.7374
4.7727
4.6863
4.7339
4.8200
4.9682
4.9575
4.9698
4.9530
4.9294
4.9087
4.8970
4.9446
5.0145
5.0582
4.8701
4.9598
5.0213
5.0038
4.9702
5.0223
5.0686
5.0203
5.0452
5.0653
4.9876
4.9517
4.9601
4.8960
4.8232
4.8417
4.8507
4.9239
4.8701
4.9423
4.9770
5.0067
5.0274
5.0226
4.8976
4.9446
4.9630
4.9093
4.8533
4.8394
4.9087
4.9368
4.9161
4.8433
4.7729
4.8312
4.9729
4.9928
5.0568
4.9900
4.9804
5.0404
5.0081
5.0451
5.1598
5.1698
5.2177
5.1420
5.2284
5.2834
5.2188
5.2383
5.2095
5.1566
5.0728
4.9221
4.9658
4.8728
4.9488
4.9918
4.9978
4.9584
4.9708
4.9538
4.8227
4.8323
4.8564
4.9328
4.9026
4.9612
4.9793
4.9257
4.8486
4.9509
4.9690
4.9324
4.9591
4.8735
4.8280
4.8301
4.9033
4.8983
4.8774
4.9236
4.9708
4.9737
4.9797
4.9687
4.9687
4.9072
4.9168
4.8944
4.8887
4.8266
4.8124
4.8127
4.7928
4.7207
4.6390
4.6894
4.7140
4.7090
4.7356
4.6898
4.6738
4.6394
4.6916
4.6937
4.7168
4.6603
4.6465
4.6077
4.6106
4.6543
4.6759
4.7395
4.7527
4.7395
4.7971
4.7651
4.7729
4.7651
4.7125
4.7644
4.7537
4.7520
4.8063
4.8330
4.8188
4.8728
4.8685
4.8248
4.7811
4.7143
4.7406
4.7779
4.8042
4.7783
4.8127
4.8248
4.8564
4.8621
4.8717
4.9243
4.9292
4.9143
4.9435
4.8639
4.8426
4.8767
4.9310
4.9154
4.8948
4.8664
4.8898
4.8937
4.9427
4.9378
5.0255
5.0472
5.1090
5.1161
5.1236
5.1733
5.1225
5.2209
5.2319
5.2540
5.2131
5.2373
5.2866
5.2973
5.3321
5.3005
5.3239
5.3605
5.3925
5.3900
5.3790
5.3936
5.3669
5.2984
5.3225
5.2916
5.3410
5.3829
5.4170
5.4568
5.4810
5.4955
5.5016
5.4991
5.4888
5.5680
5.5733
5.4131
5.4341
5.4636
5.5296
5.4842
5.5300
5.5840
5.5765
5.5936
5.6661
5.7179
5.7829
5.7979
5.7797
5.7709
5.7719
5.8046
5.7399
5.6970
5.7883
5.7542
5.6618
5.5826
5.6270
5.6838
5.8138
5.8593
5.8622
5.8540
5.8764
5.8249
5.8302
5.8821
5.8952
5.9105
5.7844
5.8529
5.7591
5.7591
5.8021
5.7986
5.8448
5.8277
5.8781
5.9634
6.0391
6.0636
6.1517
6.2323
6.2267
6.2871
6.3819
6.5737
6.4512
6.4963
6.2700
6.4419
6.4967
6.5798
6.7084
6.6988
6.6768
6.5855
6.4125
6.0949
5.9869
6.0878
6.1400
6.2711
6.2139
6.1371
6.2792
6.3062
6.4295
6.4107
6.4650
6.4729
6.5656
6.6707
6.6771
6.6807
6.8658
6.6380
6.9130
7.0700
7.1603
7.0485
7.2212
7.2422
7.1695
7.0581
6.9345
6.8935
7.0845
7.0413
7.0585
6.9724
6.9356
7.0298
7.2013
7.2552
7.3299
7.4501
7.5098
7.3598
7.4221
7.4555
7.6185
7.4907
7.5695
7.5661
7.4516
7.5523
7.7226
7.7249
7.6702
7.7774
8.0580
8.1158
8.2635
8.2835
8.4595
8.7244
8.8511
8.8416
8.7187
8.9139
8.9568
9.0031
9.2228
9.3304
9.4594
9.6435
9.5735
9.7014
9.9456
10.1136
10.0091
9.6018
9.7940
9.7293
9.4904
9.8598
10.0719
10.1052
10.0152
10.1132
9.8591
10.1144
10.2683
10.2220
9.8717
9.8602
9.8399
10.1714
10.5140
10.6718
10.7368
10.7387
10.6427
10.8375
11.0664
11.3313
11.6919
11.7643
11.9721
12.3132
12.3729
11.6919
11.8397
12.3434
12.6642
12.7018
12.7668
12.7508
12.6562
12.6975
12.8698
12.9605
13.2335
12.8116
12.4066
12.5467
12.1364
11.5181
11.7118
11.8990
11.5874
10.7414
10.1194
10.6572
10.2978
9.6895
9.2006
8.9863
8.5158
8.1958
8.5162
8.9277
9.4135
9.6145
9.0969
9.1329
9.6091
9.7530
9.9513
10.0486
10.4153
10.3410
9.4985
9.1918
9.5299
9.1559
9.0984
8.7784
9.2604
9.1991
9.1823
9.4981
10.0241
10.1921
10.0313
10.1584
10.1645
10.1860
9.4391
9.6665
9.3580
8.8320
8.0568
7.4470
7.3494
7.7142
8.1862
7.8827
7.4149
7.3138
7.3793
7.8126
8.0978
7.9879
8.0484
7.5148
7.1553
7.6836
7.6331
7.7839
8.1196
8.1407
8.0622
8.1349
7.9137
8.1732
8.0587
8.0473
8.3719
8.5491
8.9162
9.0728
8.8994
9.1930
9.3243
9.1918
9.4085
8.8201
9.0996
9.2940
9.3220
9.3323
9.0709
9.1168
9.1597
8.9935
8.9545
9.4365
9.4916
9.7477
9.9150
9.9463
10.0688
10.0375
9.8009
9.9073
9.8698
9.7691
9.9865
10.1251
10.0015
10.0229
10.2181
10.1764
9.5915
9.6799
9.8078
9.8449
10.0397
10.0715
10.1511
9.9973
9.9835
9.9383
9.9318
10.0708
10.1519
10.2178
10.4915
10.4210
10.6235
10.6943
10.6427
10.6273
10.7219
10.5320
10.5990
10.7395
10.6266
9.7844
9.5666
9.7144
8.9419
9.0307
8.4542
8.5265
8.2685
8.5732
8.2942
8.4427
8.7528
8.5954
8.2727
8.3769
8.4722
7.9064
7.7919
7.4995
7.7858
7.7533
8.0197
8.0228
8.1690
8.0829
8.1208
8.4151
8.4565
8.4687
8.4400
8.5560
8.4734
8.4221
7.7863
7.7717
7.3561
7.5223
7.8322
7.8100
7.6098
7.7194
7.7566
7.6422
7.5126
7.4980
7.7620
7.7172
7.6778
7.9380
8.2532
8.4065
8.4302
8.4686
8.3946
8.4421
8.4124
8.2554
8.5274
8.5517
8.4804
8.6926
8.7627
8.6650
8.5776
8.6958
8.5852
8.6510
8.6931
8.7347
8.6278
8.6418
8.3687
8.2656
8.3504
8.3142
8.4146
8.4000
8.3887
8.4216
8.7223
8.7519
8.7752
8.4686
8.2527
8.2581
8.2483
8.3228
8.3298
8.4680
8.3628
8.1458
8.2543
8.3450
8.4707
8.3487
8.2699
8.3201
8.2969
8.2370
8.5884
8.6515
8.7017
8.8129
8.8129
8.8356
8.8734
8.4880
8.6154
8.8696
8.8761
8.9333
9.0143
8.8831
8.9841
8.9020
8.8567
9.0942
9.1319
9.1298
9.1492
9.1033
9.2410
9.2712
9.3549
9.3300
9.3268
9.3624
9.4715
9.4596
9.4952
9.4763
9.4331
9.3873
9.3840
9.3873
9.2923
9.3209
9.4720
9.1573
9.2189
9.1875
8.9965
9.0526
9.0661
9.1147
9.0774
9.1433
9.2745
9.2199
9.1481
9.1924
9.3516
9.3479
9.4191
9.3862
9.3819
9.3047
9.3187
9.2788
9.2113
9.2329
9.2291
9.2221
9.2232
9.1454
9.1222
9.1546
9.2475
9.2415
9.2577
9.1946
9.0083
9.0558
9.0083
9.1028
9.0958
9.1158
9.1514
9.1465
9.0407
9.0915
9.1141
9.1427
9.1751
9.2917
9.3095
9.3176
9.2923
9.2637
9.2086
9.3085
9.2615
9.2971
9.2631
9.3220
9.3365
9.3252
9.3306
9.2982
9.2577
9.3354
9.2901
9.3004
9.2529
9.2135
9.2475
9.2189
9.2879
9.2631
9.2615
9.3139
9.3117
9.3176
9.2912
9.2755
9.3025
9.3128
9.3338
9.3597
9.3597
9.4358
9.4024
9.4456
9.3230
9.3074
9.3381
9.3927
9.3759
9.3392
9.0154
9.0677
9.0083
9.0208
9.0699
9.0758
9.0456
9.1082
9.0925
9.0208
9.0186
9.0143
8.9581
8.9403
8.9770
8.9765
9.0558
9.1940
9.1757
9.1195
9.1293
9.1044
9.0148
8.9274
8.8308
8.6586
8.7255
8.7433
8.7368
8.8237
8.8486
8.8340
8.8712
8.8993
8.8729
8.8955
8.8453
8.9058
8.9306
8.9279
9.0067
8.9889
8.9414
8.9997
8.9727
9.1330
9.1848
9.2323
9.2129
9.2113
9.1606
9.1897
9.2005
9.1622
9.2097
9.3193
9.4078
9.4240
9.3565
9.3991
9.5103
9.4256
9.4294
9.4369
9.3900
9.4477
9.5584
9.5945
9.6696
9.6674
9.5200
9.5147
9.5319
9.4547
9.5487
9.6939
9.6998
9.7025
9.6285
9.5832
9.5681
9.6269
9.5206
9.5217
9.6258
9.6097
9.7225
9.6733
9.4844
9.5859
9.5519
9.5827
9.5632
9.5870
9.5810
9.5416
9.4299
9.3095
9.3473
9.2879
9.3435
9.3754
9.4580
9.6458
9.5794
9.5163
9.4995
9.4725
9.4504
9.4191
9.4445
9.4483
9.4434
9.3808
9.3986
9.4321
9.5260
9.7127
9.7905
9.8218
9.8088
9.8574
9.7997
9.8412
9.8763
9.9238
9.9054
10.0280
9.9238
10.0085
10.1910
10.2012
10.0992
10.1311
10.1872
10.1732
10.0955
10.1689
10.2207
10.1818
10.0901
10.0501
9.9945
9.9924
9.9357
9.7343
9.7710
9.8493
9.9233
9.9324
9.9740
9.9492
9.8315
9.8790
9.9297
9.9152
9.9033
9.8623
9.8239
9.7845
9.8714
9.8547
9.9216
9.8979
9.7991
10.0355
10.0636
10.0722
10.0982
10.1187
10.1824
10.1721
10.0987
10.0431
10.0820
10.1559
10.1505
10.1845
10.2417
10.3572
10.4490
10.5375
10.5397
10.4976
10.5122
10.6039
10.5251
10.6039
10.5661
10.5915
10.6876
10.6433
10.7653
10.7043
10.7011
10.6962
10.6493
10.6914
10.7632
10.8603
10.8598
10.9861
11.0115
11.1205
11.1151
11.1583
11.1755
11.2468
11.2468
11.2225
11.2004
11.3213
11.3413
11.4368
11.4476
11.5437
11.4114
11.4265
11.3758
11.3240
11.3046
11.5275
11.5593
11.4892
11.5869
11.8087
11.8875
11.7234
11.6511
11.8292
11.6128
11.7812
11.9555
11.8481
11.4503
11.3655
11.1567
11.3396
11.3083
11.1955
11.3499
11.3440
11.1270
11.1637
11.0476
11.1998
11.4913
11.4573
11.5550
11.5771
11.4400
11.3688
11.5145
11.5415
11.6414
11.6203
11.5318
11.4643
11.2641
11.3499
11.4708
11.4697
11.6084
11.6986
11.7536
11.7445
11.6732
11.7612
11.7547
11.7240
11.7752
11.6295
11.6554
11.5744
11.5717
11.5005
11.7925
11.9005
11.8816
11.7952
11.7957
11.5777
11.5582
11.4848
11.3056
11.4179
11.2085
10.7394
10.5807
10.7561
10.4911
10.8711
10.9823
11.0492
11.3046
11.2727
11.5356
11.4892
11.4573
11.5777
11.4762
11.4778
11.6398
11.5475
11.6630
11.8438
12.0068
11.9302
11.8233
11.8697
11.7094
11.7833
11.8994
11.7520
11.6225
11.1755
11.3440
11.5264
11.4028
11.4503
11.6387
11.6381
11.6489
11.5323
11.4287
11.4355
11.6115
11.7049
11.6630
11.5583
11.5793
11.3393
11.4179
11.5023
11.2957
11.1587
11.5323
11.6427
11.3512
11.3891
11.4638
11.6013
11.6234
11.8108
11.8821
11.8787
11.9585
11.8136
11.8453
12.0655
12.0270
11.8906
11.9625
12.1238
12.1827
12.0270
12.0004
11.9161
11.9302
11.6229
11.4910
11.7196
11.5057
11.6036
11.8753
11.9517
11.8425
11.8006
11.6285
11.8510
11.7072
11.6291
11.4451
10.9498
11.1383
10.9804
11.0681
10.9606
10.9425
10.6436
10.6023
11.0217
11.0212
10.8666
10.8932
10.7806
10.5791
10.6340
10.8802
10.9295
10.7970
11.1213
11.3478
11.3404
11.2963
11.1983
11.1429
11.2334
11.0432
11.2130
11.2680
11.0330
10.9680
10.8423
10.7919
10.6708
10.5197
10.2734
9.9950
10.3187
10.0974
10.4048
10.4597
10.5129
10.4891
10.2468
10.1189
9.8523
9.8874
10.1116
10.0385
10.0985
10.1133
10.4048
10.4438
10.3363
10.2208
10.1121
10.1082
10.2332
10.0108
9.8744
9.8506
9.6638
9.6355
9.5382
9.5851
9.5404
9.3921
9.6378
9.7872
9.7753
10.0102
9.9389
10.0470
9.9717
10.0680
10.0674
9.5931
9.5750
9.5393
9.0118
9.1567
9.0152
8.8680
8.8895
8.6716
8.9636
9.3763
9.1521
9.0361
8.9484
8.8623
8.5838
8.6467
8.8125
8.9206
9.2891
9.2263
9.1810
9.1391
9.0519
8.9801
9.1555
9.2659
9.1719
9.2789
9.3106
9.2902
9.0531
9.0746
9.0401
8.8295
8.7729
8.8272
8.9359
8.8170
8.8969
9.1935
9.2212
9.1821
8.9750
8.9648
8.8850
8.9308
8.9206
9.0644
8.9201
8.8006
8.7259
8.5635
8.5238
8.4203
8.5295
8.4865
8.4316
8.3591
8.3789
8.3778
8.2255
8.1282
8.3212
8.4072
8.3931
8.4876
8.4848
8.5397
8.4627
8.6353
8.6755
8.5946
8.6959
8.7378
8.6382
8.6778
8.7304
8.8086
8.7961
8.8103
8.7503
8.7740
8.9710
9.1550
9.2676
9.4216
9.4668
9.3202
9.6361
9.6061
9.5965
9.5195
9.7000
10.1665
10.0753
10.0068
10.2282
10.3617
10.5055
10.6091
10.5927
10.5208
10.2932
10.6855
10.8163
10.7381
10.6187
10.9153
11.2261
11.2402
11.1927
11.2215
11.2889
11.1157
10.9804
11.1808
11.0806
11.4672
11.4666
11.8113
11.8453
11.9121
11.9761
12.0366
12.0213
12.0927
11.7632
11.6930
11.6245
11.8340
11.8555
11.8153
11.9647
11.7440
11.7304
11.7768
11.5832
11.5125
11.6630
11.7151
11.0319
11.1440
10.9963
10.7738
11.2283
11.1519
11.0755
11.3257
11.4468
11.1474
10.9849
11.1417
11.1468
10.8649
10.8785
11.0415
11.0744
11.0812
11.0240
11.0127
11.0064
10.8847
10.8123
10.7042
10.8661
11.2255
11.1157
11.1134
10.9991
10.9730
11.0087
11.1689
11.4706
11.5391
11.5578
11.4729
11.5012
11.6981
11.6806
11.6795
12.0842
12.2047
12.0366
11.8844
12.0440
11.7842
11.7513
11.7151
11.7038
11.7287
11.8362
11.7151
11.7587
11.6098
11.6359
11.5815
11.6393
11.8062
11.9353
11.9925
11.9993
12.0372
11.9296
11.8487
11.7689
11.5283
11.4570
11.3896
11.6047
11.5481
11.7757
11.6953
11.7910
11.8527
11.9200
12.2489
12.2760
12.2619
12.3111
12.4062
12.2659
12.4628
12.4340
12.4725
12.5279
12.7051
12.7781
12.8489
12.9474
12.9842
13.2083
13.1228
12.9230
13.0549
13.0209
12.8642
12.9638
13.0136
13.0883
12.9106
12.9723
12.8438
12.6287
12.7136
12.5760
12.5806
12.6089
12.8138
12.8738
12.9474
12.8426
12.8013
12.8302
12.6694
12.6219
12.7368
12.5981
12.5636
12.6304
12.7379
12.6977
12.6338
12.6643
12.8823
12.9881
13.0826
13.0232
13.0509
13.0085
12.7832
12.8211
12.9134
12.9683
12.9151
12.9287
13.0996
13.0204
12.9304
12.7040
12.7300
12.8092
12.7470
12.7249
12.5902
12.6400
12.7385
12.8070
12.9123
13.0645
13.0679
13.1325
13.1245
13.0951
13.2457
13.3091
13.4211
13.3691
13.3413
13.2621
13.1557
13.2892
13.3509
13.3696
13.3521
13.4941
13.5853
13.8004
13.7698
13.7568
14.0064
13.8955
14.0919
14.1055
14.2639
14.1513
14.1473
14.1960
14.2079
14.4207
14.2305
14.3347
13.8372
12.8166
13.3113
13.4064
13.7177
13.7251
13.8423
13.9572
14.1134
14.0324
14.1343
14.4966
14.5702
14.5170
14.7898
14.9132
15.0587
15.0185
14.5192
14.6149
14.0211
14.4417
14.5775
14.6556
14.8702
14.7049
14.1168
14.4060
14.1722
13.8355
13.6532
12.9326
12.9802
12.7894
12.7216
12.9917
12.5229
12.8650
13.2202
13.1399
13.1363
12.9507
13.0417
12.9578
13.2184
13.2107
13.5802
13.5475
13.6873
13.5522
13.5707
13.9176
13.7611
13.7831
13.8848
14.0300
13.9152
14.0669
14.0383
13.9646
14.0859
14.1752
14.1413
14.2734
14.4150
14.4638
14.6196
14.6101
14.7000
14.8255
14.6780
14.6708
14.7928
15.0153
14.8267
14.7696
14.4114
14.4822
14.7696
14.6083
14.5964
14.7642
15.1795
15.2497
15.2694
15.3943
15.4128
15.4473
15.5996
15.6793
15.5324
15.5859
15.4520
15.7745
15.8150
15.9459
16.1863
16.1387
16.4094
16.4558
16.4653
16.7295
17.0133
17.1222
17.2085
17.7160
17.9754
18.1884
18.6258
18.5930
19.1392
19.0292
18.9572
18.0510
18.4127
18.8001
19.1952
19.4587
19.5873
18.7025
18.7697
19.0339
19.6444
19.5831
19.7503
20.0038
19.8384
20.1317
20.0311
19.7265
19.6402
19.4570
19.0202
18.9298
19.1862
19.4540
19.6718
19.3368
19.0167
19.3873
19.6843
19.6563
19.4540
19.6152
20.2322