2.928169
2.987604
2.983641
2.940056
2.963830
2.955905
2.904395
2.987604
2.967792
3.011378
3.027227
3.031189
3.023265
3.043076
3.027227
3.043076
3.094587
3.146097
3.138173
3.225344
3.280817
3.288741
3.312516
3.300629
3.379875
3.443273
3.364026
3.245156
3.261005
3.300629
3.360064
3.245156
3.257043
3.142135
3.102512
3.114399
3.078738
3.241193
3.249118
3.225344
3.146097
3.189683
3.165909
3.161947
3.142135
3.177796
3.245156
3.249118
3.292704
3.284779
3.340252
3.356101
3.292704
3.352139
3.360064
3.344214
3.364026
3.403649
3.427423
3.419499
3.431386
3.344214
3.391762
3.474971
3.546294
3.566105
3.593842
3.589879
3.562143
3.613653
3.570068
3.459122
3.482896
3.471009
3.407612
3.411574
3.486858
3.506670
3.609691
3.625540
3.665164
3.653277
3.669126
3.589879
3.645352
3.673088
3.649314
3.653277
3.708749
3.716674
3.700825
3.633465
3.625540
3.625540
3.601766
3.645352
3.760260
3.772147
3.835544
3.827620
3.819695
3.819695
3.843469
3.871205
3.847431
3.776109
3.851394
3.839507
3.898942
3.966301
3.982151
3.958377
3.950452
4.005925
4.009887
4.021774
4.104983
4.089134
4.164418
4.223854
4.275364
4.311025
4.271402
4.283289
4.338761
4.350648
4.314987
4.421970
4.441782
4.453669
4.493293
4.596313
4.524991
4.596313
4.635937
4.659711
4.727071
4.719146
4.477443
4.568577
4.691410
4.742920
4.762732
4.691410
4.600276
4.489330
4.469519
4.485368
4.334799
4.398196
4.291213
4.041586
4.073285
3.914791
4.077247
4.148569
4.196117
4.049511
4.101021
4.057435
3.914791
3.661201
3.700825
3.764222
3.938565
3.970264
3.998000
4.081209
4.101021
4.077247
4.168381
4.211967
4.211967
4.156494
4.208004
4.093096
4.120833
4.049511
3.982151
3.998000
3.982151
3.902904
3.914791
3.950452
4.108946
4.108946
4.152531
4.168381
4.176305
4.184230
4.279326
4.322912
4.307063
4.275364
4.346686
4.350648
4.251590
4.255552
4.176305
4.219891
4.354611
4.402159
4.418008
4.414046
4.421970
4.421970
4.441782
4.425933
4.441782
4.461594
4.568577
4.572539
4.560652
4.548765
4.536878
4.580464
4.449707
4.540841
4.378385
4.299138
4.445745
4.505180
4.528954
4.513104
4.544803
4.580464
4.540841
4.485368
4.505180
4.513104
4.532916
4.528954
4.493293
4.398196
4.307063
4.311025
4.219891
4.255552
4.374422
4.378385
4.418008
4.449707
4.477443
4.493293
4.461594
4.457632
4.437820
4.354611
4.358573
4.330837
4.386309
4.271402
4.370460
4.386309
4.429895
4.418008
4.275364
4.291213
4.219891
4.168381
4.085172
4.073285
4.132720
4.160456
4.101021
4.077247
4.104983
4.108946
4.021774
3.998000
3.998000
4.057435
4.065360
4.112908
4.101021
4.120833
4.208004
4.255552
4.271402
4.295176
4.283289
4.318950
4.192155
4.188192
4.219891
4.215929
4.168381
4.144607
4.104983
4.053473
4.073285
4.164418
4.152531
4.176305
4.200079
4.176305
4.192155
4.156494
4.204042
4.271402
4.295176
4.279326
4.338761
4.374422
4.358573
4.354611
4.307063
4.358573
4.338761
4.346686
4.370460
4.338761
4.303100
4.097059
4.097059
4.200079
4.184230
4.156494
4.172343
4.089134
4.081209
3.994038
3.978189
3.970264
4.025737
3.894979
3.827620
3.780072
3.724599
3.673088
3.780072
3.784034
3.633465
3.677051
3.692900
3.645352
3.704787
3.811770
3.784034
3.764222
3.811770
3.831582
3.760260
3.708749
3.720636
3.708749
3.708749
3.681013
3.704787
3.780072
3.795921
3.780072
3.720636
3.605729
3.665164
3.684975
3.673088
3.673088
3.637427
3.585917
3.455160
3.439310
3.399687
3.360064
3.344214
3.411574
3.447235
3.435348
3.522520
3.554218
3.514595
3.530444
3.478934
3.486858
3.554218
3.621578
3.621578
3.661201
3.669126
3.688938
3.677051
3.752335
3.768185
3.752335
3.807808
3.748373
3.756298
3.740448
3.784034
3.815733
3.712712
3.740448
3.712712
3.760260
3.831582
3.859318
3.855356
3.863281
3.787996
3.803846
3.831582
3.756298
3.772147
3.815733
3.894979
3.910829
3.867243
3.958377
3.978189
3.978189
3.994038
4.009887
3.958377
3.982151
4.041586
4.057435
3.982151
3.906866
3.930640
3.918753
3.942527
4.033661
4.033661
3.982151
4.057435
4.156494
4.112908
4.148569
4.184230
4.065360
4.089134
4.045548
4.160456
4.223854
4.211967
4.239703
4.326874
4.295176
4.227816
4.215929
4.235741
4.342724
4.299138
4.271402
4.342724
4.374422
4.425933
4.421970
4.425933
4.418008
4.168381
4.247628
4.116870
3.982151
4.029699
4.089134
4.097059
4.045548
4.152531
4.188192
4.168381
4.176305
4.108946
4.101021
4.097059
4.069322
4.053473
4.093096
4.069322
3.978189
4.021774
4.144607
4.172343
4.148569
4.128757
4.124795
4.081209
4.140644
4.089134
4.045548
4.009887
3.938565
3.879130
3.918753
3.930640
4.005925
4.061398
4.061398
4.029699
4.033661
3.946490
3.974226
3.994038
3.998000
3.954414
3.803846
3.815733
3.883092
3.768185
3.811770
3.760260
3.748373
3.784034
3.835544
3.863281
3.902904
3.906866
3.871205
3.954414
3.978189
4.065360
4.045548
4.081209
4.069322
4.037624
4.097059
3.982151
3.994038
4.001963
4.013850
4.093096
4.112908
4.104983
4.077247
4.112908
4.176305
4.168381
4.176305
4.108946
4.085172
4.108946
4.041586
4.093096
4.041586
4.061398
4.033661
4.065360
4.108946
4.108946
4.148569
4.120833
4.049511
4.037624
3.994038
4.057435
4.037624
4.081209
4.144607
4.097059
4.089134
4.120833
4.112908
4.097059
4.097059
4.029699
4.021774
4.053473
4.045548
4.001963
3.978189
3.962339
3.898942
3.938565
3.974226
3.879130
3.875168
3.879130
3.898942
3.914791
3.898942
3.859318
3.859318
3.819695
3.831582
3.863281
3.843469
3.851394
3.752335
3.756298
3.724599
3.692900
3.669126
3.669126
3.728561
3.744410
3.688938
3.724599
3.740448
3.740448
3.673088
3.673088
3.661201
3.732523
3.692900
3.653277
3.625540
3.617616
3.688938
3.692900
3.772147
3.835544
3.827620
3.827620
3.787996
3.827620
3.839507
3.914791
3.926678
3.914791
3.894979
3.902904
3.934603
3.898942
3.946490
3.946490
3.954414
3.938565
3.906866
3.902904
3.871205
3.891017
3.784034
3.784034
3.807808
3.780072
3.772147
3.768185
3.744410
3.728561
3.728561
3.681013
3.597804
3.617616
3.641390
3.684975
3.684975
3.728561
3.704787
3.684975
3.629503
3.613653
3.566105
3.609691
3.605729
3.684975
3.681013
3.645352
3.629503
3.633465
3.625540
3.585917
3.538369
3.498745
3.550256
3.538369
3.514595
3.490821
3.494783
3.494783
3.498745
3.455160
3.463084
3.530444
3.463084
3.439310
3.391762
3.411574
3.379875
3.352139
3.348177
3.328365
3.300629
3.387800
3.415536
3.411574
3.439310
3.383838
3.360064
3.300629
3.284779
3.348177
3.399687
3.431386
3.431386
3.482896
3.467047
3.459122
3.502708
3.514595
3.522520
3.486858
3.467047
3.490821
3.455160
3.447235
3.498745
3.486858
3.427423
3.427423
3.383838
3.367988
3.360064
3.344214
3.352139
3.340252
3.344214
3.367988
3.304591
3.360064
3.324403
3.272892
3.272892
3.284779
3.276854
3.245156
3.225344
3.177796
3.161947
3.122323
3.181758
3.181758
3.177796
3.142135
3.142135
3.154022
3.130248
3.086662
3.078738
3.090625
3.138173
3.078738
3.035152
3.035152
3.110436
3.189683
3.181758
3.157984
3.086662
3.015340
3.114399
3.039114
3.086662
3.154022
3.114399
3.118361
3.102512
3.154022
3.181758
3.193645
3.146097
3.205532
3.209495
3.205532
3.205532
3.193645
3.213457
3.205532
3.201570
3.205532
3.229306
3.272892
3.280817
3.316478
3.320440
3.312516
3.284779
3.296666
3.356101
3.336290
3.312516
3.292704
3.324403
3.360064
3.352139
3.371951
3.284779
3.272892
3.324403
3.320440
3.276854
3.264967
3.268930
3.225344
3.221382
3.209495
3.130248
3.122323
3.146097
3.205532
3.217419
3.189683
3.213457
3.221382
3.261005
3.272892
3.276854
3.241193
3.296666
3.292704
3.308553
3.276854
3.268930
3.288741
3.292704
3.292704
3.344214
3.352139
3.375913
3.387800
3.371951
3.316478
3.316478
3.304591
3.292704
3.296666
3.245156
3.280817
3.237231
3.245156
3.300629
3.300629
3.276854
3.249118
3.304591
3.348177
3.348177
3.352139
3.340252
3.276854
3.268930
3.245156
3.241193
3.233269
3.296666
3.304591
3.352139
3.340252
3.332327
3.364026
3.336290
3.316478
3.292704
3.237231
3.237231
3.253080
3.245156
3.288741
3.312516
3.332327
3.308553
3.276854
3.356101
3.332327
3.292704
3.316478
3.360064
3.364026
3.280817
3.288741
3.261005
3.272892
3.249118
3.209495
3.233269
3.229306
3.221382
3.193645
3.177796
3.173834
3.201570
3.173834
3.209495
3.257043
3.272892
3.257043
3.320440
3.304591
3.253080
3.257043
3.245156
3.225344
3.193645
3.189683
3.229306
3.189683
3.177796
3.142135
3.094587
3.098549
3.094587
3.051001
3.062888
3.134210
3.122323
3.134210
3.154022
3.237231
3.237231
3.221382
3.225344
3.193645
3.181758
3.118361
3.126286
3.134210
3.086662
3.070813
3.094587
3.094587
3.051001
3.122323
3.185721
3.177796
3.249118
3.257043
3.217419
3.201570
3.189683
3.213457
3.221382
3.272892
3.264967
3.276854
3.221382
3.209495
3.169871
3.142135
3.157984
3.181758
3.205532
3.245156
3.237231
3.201570
3.185721
3.181758
3.142135
3.118361
3.106474
3.070813
3.082700
3.058926
3.043076
3.031189
3.043076
3.054963
3.019302
3.027227
2.991566
2.967792
2.940056
2.947980
2.999491
2.991566
3.023265
3.094587
3.082700
3.102512
3.118361
3.110436
3.114399
3.102512
3.185721
3.142135
3.118361
3.134210
3.154022
3.161947
3.197608
3.249118
3.276854
3.268930
3.304591
3.348177
3.320440
3.320440
3.320440
3.336290
3.340252
3.292704
3.403649
3.431386
3.399687
3.387800
3.451197
3.443273
3.399687
3.411574
3.356101
3.360064
3.447235
3.471009
3.474971
3.435348
3.471009
3.407612
3.443273
3.471009
3.518557
3.558181
3.542331
3.463084
3.538369
3.482896
3.459122
3.482896
3.439310
3.451197
3.514595
3.546294
3.419499
3.490821
3.534407
3.486858
3.455160
3.459122
3.395725
3.371951
3.435348
3.443273
3.423461
3.427423
3.518557
3.570068
3.574030
3.570068
3.566105
3.577992
3.534407
3.562143
3.585917
3.498745
3.467047
3.546294
3.577992
3.546294
3.542331
3.550256
3.518557
3.566105
3.649314
3.653277
3.712712
3.780072
3.700825
3.811770
3.720636
3.665164
3.748373
3.823657
3.863281
3.867243
3.926678
3.891017
3.871205
3.879130
3.827620
3.934603
3.966301
4.025737
4.065360
4.128757
4.077247
4.057435
4.112908
4.144607
4.116870
4.116870
4.097059
4.045548
3.986113
3.894979
3.930640
3.891017
3.887055
3.823657
3.926678
3.930640
3.938565
3.918753
3.799883
3.787996
3.597804
3.629503
3.791959
3.752335
3.780072
3.902904
3.970264
4.005925
3.970264
3.926678
3.827620
3.871205
3.946490
4.037624
4.037624
4.156494
4.180268
4.116870
4.069322
3.994038
4.081209
4.219891
4.279326
4.101021
4.077247
3.982151
3.922716
3.942527
4.108946
4.128757
4.188192
4.231778
4.160456
4.188192
4.160456
4.148569
4.176305
4.180268
4.132720
4.021774
4.116870
4.120833
4.136682
4.188192
4.239703
4.318950
4.334799
4.243665
4.223854
4.104983
4.196117
4.291213
4.271402
4.330837
4.334799
4.311025
4.275364
4.140644
4.136682
4.243665
4.334799
4.318950
4.350648
4.517067
4.564615
4.536878
4.465556
4.536878
4.699334
4.731033
4.766694
4.679523
4.639899
4.667636
4.643861
4.509142
4.465556
4.532916
4.671598
4.544803
4.429895
4.394234
4.279326
4.279326
4.239703
4.291213
4.176305
4.148569
4.164418
4.235741
4.160456
4.104983
4.069322
4.097059
4.124795
4.077247
4.160456
4.219891
4.283289
4.263477
4.279326
4.275364
4.243665
4.204042
4.204042
4.255552
4.279326
4.311025
4.116870
4.164418
4.196117
4.136682
4.108946
4.140644
4.140644
4.104983
4.152531
4.164418
4.128757
4.089134
4.085172
4.065360
4.029699
4.021774
4.065360
4.112908
4.025737
4.101021
4.097059
4.128757
4.140644
4.132720
4.061398
4.085172
4.136682
4.081209
4.021774
4.009887
4.085172
4.120833
4.104983
4.053473
4.037624
4.085172
4.168381
4.215929
4.287251
4.231778
4.196117
4.231778
4.211967
4.271402
4.362535
4.314987
4.311025
4.231778
4.263477
4.326874
4.311025
4.303100
4.223854
4.215929
4.215929
4.073285
4.077247
3.978189
4.025737
4.089134
4.061398
4.025737
4.013850
4.033661
3.898942
3.891017
3.894979
3.970264
3.954414
4.053473
4.049511
3.994038
3.906866
3.946490
3.922716
3.914791
3.946490
3.863281
3.815733
3.827620
3.887055
3.851394
3.835544
3.879130
3.910829
3.946490
3.982151
3.958377
3.966301
3.942527
3.934603
3.942527
3.962339
3.938565
3.894979
3.879130
3.855356
3.803846
3.764222
3.807808
3.815733
3.867243
3.891017
3.827620
3.799883
3.760260
3.803846
3.795921
3.807808
3.756298
3.728561
3.696862
3.724599
3.748373
3.768185
3.799883
3.851394
3.835544
3.898942
3.859318
3.863281
3.875168
3.839507
3.898942
3.891017
3.835544
3.898942
3.926678
3.906866
3.950452
3.970264
3.918753
3.898942
3.819695
3.843469
3.871205
3.879130
3.863281
3.906866
3.918753
3.946490
3.934603
3.950452
3.938565
3.918753
3.867243
3.887055
3.835544
3.772147
3.772147
3.791959
3.756298
3.732523
3.720636
3.736486
3.748373
3.768185
3.712712
3.692900
3.736486
3.811770
3.855356
3.863281
3.887055
3.843469
3.879130
3.891017
3.883092
3.855356
3.871205
3.930640
3.918753
3.910829
3.875168
3.914791
3.974226
3.998000
3.970264
4.001963
4.037624
4.005925
3.942527
3.938565
3.906866
3.958377
4.021774
4.053473
4.081209
4.097059
4.085172
4.089134
4.093096
4.097059
4.108946
4.097059
3.966301
3.978189
3.998000
4.025737
3.974226
4.009887
4.069322
4.061398
4.061398
4.073285
4.101021
4.160456
4.176305
4.152531
4.128757
4.097059
4.120833
4.081209
4.049511
4.093096
4.045548
4.009887
3.950452
3.970264
3.978189
4.045548
4.097059
4.089134
4.089134
4.108946
4.085172
4.061398
4.073285
4.061398
4.073285
3.978189
4.029699
3.978189
3.966301
4.001963
3.998000
4.005925
3.990076
4.029699
4.085172
4.156494
4.172343
4.204042
4.204042
4.208004
4.279326
4.354611
4.465556
4.366498
4.445745
4.227816
4.421970
4.441782
4.473481
4.536878
4.564615
4.560652
4.560652
4.524991
4.398196
4.338761
4.322912
4.425933
4.505180
4.517067
4.457632
4.560652
4.655749
4.703297
4.695372
4.631974
4.651786
4.647824
4.723108
4.683485
4.786506
4.830091
4.608200
4.806317
4.960849
5.000472
4.956886
5.000472
5.008397
4.921225
4.861790
4.830091
4.802355
4.925188
4.921225
4.925188
4.834054
4.802355
4.909338
4.980660
5.020284
5.071794
5.131229
5.166890
5.055945
5.099530
5.194627
5.289723
5.178777
5.261986
5.234250
5.135192
5.234250
5.317459
5.329346
5.361045
5.452179
5.654258
5.650296
5.777090
5.785015
5.836526
6.038605
6.102002
6.165400
5.975207
6.090115
6.169362
6.201061
6.319931
6.339743
6.411065
6.553709
6.422952
6.359554
6.581445
6.617106
6.553709
6.296157
6.418989
6.418989
6.272383
6.522010
6.672579
6.759751
6.660692
6.668617
6.466537
6.609182
6.680504
6.739939
6.510123
6.545784
6.565596
6.886545
7.219382
7.326365
7.330327
7.334290
7.346177
7.631465
7.896942
8.170343
8.515067
8.562615
8.503180
8.764694
8.732995
8.134682
8.309025
8.736958
9.160928
9.339233
9.168853
9.101493
8.701297
8.701297
9.093568
9.224326
9.390744
9.046020
8.709221
9.034133
8.570540
8.071285
8.106946
8.138645
7.758260
7.092587
6.545784
6.890508
6.522010
6.169362
6.030680
5.769166
5.448216
5.166890
5.365007
5.590861
5.915772
6.094078
5.781053
5.876149
6.244647
6.399178
6.581445
6.617106
6.827110
6.672579
6.165400
6.002944
6.296157
6.054454
5.983132
5.662183
6.022756
5.959358
5.959358
6.197098
6.529935
6.549747
6.379366
6.518048
6.529935
6.522010
6.129739
6.268421
6.125776
5.800865
5.392744
5.048020
4.921225
5.115380
5.388781
5.206514
4.937075
4.897451
4.941037
5.147079
5.309534
5.218401
5.254062
4.941037
4.766694
5.063869
5.040095
5.123305
5.325384
5.325384
5.285760
5.357083
5.186702
5.317459
5.269911
5.293685
5.475953
5.543312
5.725580
5.773128
5.709731
5.840488
5.872187
5.832563
5.998981
5.709731
5.876149
5.995019
6.014831
6.054454
5.955396
5.979170
5.983132
5.943509
5.935584
6.145588
6.121814
6.236722
6.323893
6.351630
6.403140
6.399178
6.244647
6.319931
6.252571
6.189174
6.280308
6.280308
6.240684
6.276345
6.391253
6.319931
6.074266
6.117852
6.165400
6.145588
6.252571
6.208985
6.256534
6.169362
6.177287
6.169362
6.125776
6.181249
6.232759
6.260496
6.383328
6.367479
6.446726
6.466537
6.426914
6.399178
6.403140
6.284270
6.335780
6.363517
6.292195
5.840488
5.832563
5.947471
5.511614
5.582936
5.234250
5.258024
5.107455
5.281798
5.155003
5.222363
5.388781
5.303245
5.085128
5.145003
5.213432
4.849903
4.802858
4.623232
4.811412
4.828519
4.999591
5.008145
5.080851
5.038083
5.012422
5.217709
5.264754
5.230539
5.277584
5.354567
5.320352
5.298968
4.931163
4.995315
4.738706
4.819965
5.038083
5.046636
4.905502
5.008145
5.050913
4.965377
4.914055
4.926886
5.102235
5.072297
5.033806
5.200602
5.350290
5.444380
5.448657
5.474317
5.414442
5.435826
5.414442
5.298968
5.487148
5.499978
5.452933
5.589791
5.619729
5.512809
5.470041
5.602622
5.564130
5.602622
5.645390
5.636836
5.589791
5.606899
5.551300
5.534193
5.568524
5.561658
5.595989
5.609721
5.623454
5.623454
5.788244
5.795110
5.795110
5.657785
5.547925
5.575390
5.602855
5.602855
5.589123
5.685250
5.657785
5.513594
5.534193
5.589123
5.664651
5.609721
5.568524
5.616588
5.616588
5.568524
5.781378
5.788244
5.795110
5.863773
5.891237
5.891237
5.850040
5.657785
5.657785
5.808843
5.760779
5.808843
5.843174
5.801976
5.863773
5.836308
5.801976
5.898104
5.925569
5.953034
5.973632
5.980499
6.062894
6.090359
6.138422
6.117824
6.110957
6.076626
6.159021
6.179620
6.165887
6.193352
6.179620
6.159021
6.159021
6.165887
6.117824
6.138422
6.207085
6.110957
6.172754
6.186486
6.083492
6.110957
6.117824
6.152155
6.152155
6.193352
6.248282
6.234550
6.179620
6.186486
6.268881
6.282613
6.282613
6.255148
6.255148
6.262015
6.282613
6.282613
6.248282
6.268881
6.282613
6.275747
6.262015
6.248282
6.186486
6.213951
6.275747
6.255148
6.248282
6.207085
6.110957
6.138422
6.097225
6.124690
6.110957
6.117824
6.138422
6.124690
6.062894
6.117824
6.138422
6.172754
6.207085
6.289480
6.289480
6.296346
6.296346
6.255148
6.220817
6.255148
6.220817
6.234550
6.193352
6.227683
6.275747
6.262015
6.241416
6.234550
6.234550
6.296346
6.248282
6.248282
6.186486
6.165887
6.227683
6.193352
6.220817
6.186486
6.186486
6.227683
6.227683
6.220817
6.200218
6.200218
6.255148
6.213951
6.193352
6.220817
6.227683
6.262015
6.200218
6.220817
6.165887
6.165887
6.172754
6.193352
6.172754
6.152155
5.980499
6.028562
5.959900
5.911836
5.973632
5.966766
5.966766
6.001097
5.980499
5.925569
5.946167
5.946167
5.932435
5.946167
5.973632
6.014830
6.083492
6.062894
6.021696
6.028562
6.001097
5.946167
5.911836
5.891237
5.815709
5.843174
5.843174
5.843174
5.898104
5.904970
5.898104
5.925569
5.939301
5.918702
5.966766
5.953034
5.973632
5.994231
5.973632
6.035429
6.028562
5.980499
6.021696
6.028562
6.186486
6.220817
6.241416
6.255148
6.241416
6.159021
6.179620
6.193352
6.165887
6.207085
6.310078
6.378741
6.337543
6.289480
6.344410
6.426805
6.392473
6.426805
6.419938
6.385607
6.413072
6.502333
6.612193
6.612193
6.625926
6.543531
6.536664
6.557263
6.502333
6.591594
6.591594
6.591594
6.612193
6.570996
6.522932
6.522932
6.584728
6.516066
6.577862
6.687722
6.708321
6.831913
6.811314
6.749518
6.907442
6.866244
6.886843
6.818180
6.831913
6.825047
6.818180
6.797582
6.632792
6.660257
6.667123
6.783849
6.811314
6.825047
6.976104
6.900575
6.886843
6.934907
6.969238
7.065365
6.996703
6.982970
7.003569
6.989837
7.024168
6.969238
6.941773
7.058499
7.188958
7.278219
7.305684
7.374346
7.374346
7.257620
7.250754
7.223289
7.312550
7.291951
7.449875
7.394945
7.491072
7.600932
7.600932
7.470474
7.484206
7.546002
7.436142
7.319416
7.422410
7.388079
7.298818
7.319416
7.429276
7.374346
7.374346
7.381212
7.264486
7.250754
7.326283
7.415544
7.422410
7.539136
7.477340
7.381212
7.353748
7.422410
7.422410
7.443009
7.394945
7.285085
7.243888
7.394945
7.429276
7.566601
7.552869
7.443009
7.552869
7.532270
7.504805
7.491072
7.470474
7.532270
7.518537
7.532270
7.518537
7.552869
7.621531
7.552869
7.607799
7.600932
7.614665
7.559735
7.587200
7.566601
7.497939
7.456741
7.484206
7.463607
7.580334
7.587200
7.635264
7.731391
7.662728
7.690193
7.697060
7.731391
7.758856
7.731391
7.745123
7.772588
7.834385
8.019773
8.115901
8.239493
8.260092
8.260092
8.191429
8.260092
8.342487
8.369952
8.308155
8.411149
8.472945
8.610270
8.699531
8.802525
8.802525
8.802525
8.768194
8.836856
8.795659
9.049710
9.042844
8.946716
8.994780
9.180168
9.145837
9.001646
9.008512
9.228232
9.111506
9.200767
9.372423
9.187035
8.788793
8.788793
8.603404
8.754461
8.617136
8.479812
8.514143
8.713264
8.672066
8.658334
8.500410
8.665200
8.939850
8.912385
9.132105
9.132105
9.049710
9.132105
9.214500
9.344958
9.427353
9.351825
9.344958
9.290028
9.104640
9.310627
9.290028
9.344958
9.399888
9.502882
9.544079
9.660806
9.921723
9.990385
9.949188
10.065914
10.045315
10.134576
9.907990
9.962920
9.779337
10.160625
10.217112
10.111199
10.075895
10.146504
9.835824
9.786398
9.920555
9.680485
9.638119
9.398049
9.200344
8.868482
9.066187
8.819056
9.157978
9.235648
9.398049
9.645180
9.616937
9.631058
9.426292
9.341562
9.426292
9.390988
9.256831
9.341562
9.327440
9.496901
9.595754
9.588693
9.496901
9.511023
9.623997
9.518084
9.511023
9.496901
9.419232
9.228587
9.059126
9.080309
9.087370
8.819056
9.037943
9.087370
9.073248
9.115613
9.235648
9.165039
9.341562
9.426292
9.369805
9.249770
9.200344
9.002639
9.023821
9.157978
9.115613
9.016761
9.278014
9.376866
9.172100
9.129735
9.299196
9.369805
9.454536
9.673424
9.758154
9.772276
9.871129
9.779337
9.899372
9.969981
9.962920
9.842885
9.920555
9.871129
9.899372
9.751093
9.736972
9.786398
9.998225
9.913494
9.934677
10.210052
10.075895
10.245356
10.386574
10.407757
10.308904
10.231234
10.132382
10.464244
10.386574
10.188869
10.146504
9.800520
10.026468
9.948799
9.998225
9.991164
9.871129
9.595754
9.398049
9.701667
9.503962
9.313318
9.193283
9.030882
9.108552
9.454536
9.482780
9.383927
9.574571
9.772276
9.786398
9.666363
9.574571
9.503962
9.539267
9.475719
9.687545
9.623997
9.532206
9.496901
9.341562
9.398049
9.157978
8.896725
8.677838
8.437767
8.628411
8.381280
8.670777
8.727264
8.691960
8.677838
8.423646
8.225941
8.084723
8.120027
8.367158
8.268306
8.289489
8.268306
8.529559
8.487194
8.451889
8.409524
8.233001
8.240062
8.296549
8.105905
7.971748
8.084723
8.021175
8.014114
7.887018
7.865835
7.929383
7.872896
8.042357
8.268306
8.296549
8.508376
8.494255
8.691960
8.656655
8.720203
8.353037
8.367158
8.247123
7.978809
8.169453
7.999992
7.922322
7.950566
7.752861
8.028236
8.353037
8.042357
7.936444
7.802287
7.675191
7.322146
7.237416
7.449242
7.590460
7.929383
7.837591
7.788165
7.738739
7.717556
7.661069
7.703434
7.908200
7.830531
7.851713
7.844652
7.901139
7.717556
7.752861
7.745800
7.646947
7.618704
7.569277
7.689313
7.682252
7.781104
8.049418
8.084723
8.155332
7.957627
7.887018
7.809348
7.830531
7.894079
8.042357
7.908200
7.865835
7.844652
7.682252
7.689313
7.611643
7.710495
7.696374
7.646947
7.618704
7.731678
7.576338
7.470425
7.611643
7.682252
7.654008
7.781104
7.759922
7.851713
7.802287
8.028236
8.014114
7.992931
8.218880
8.275367
8.169453
8.247123
8.275367
8.303610
8.324793
8.402463
8.303610
8.388341
8.487194
8.868482
8.924969
8.960273
9.045004
8.974395
9.278014
9.249770
9.256831
9.292135
9.313318
9.511023
9.419232
9.398049
9.390988
9.645180
9.864068
9.941738
9.899372
9.694606
9.631058
9.864068
9.991164
9.779337
9.722850
10.033529
10.520731
10.492487
10.386574
10.358330
10.337148
10.139443
10.174747
10.407757
10.541914
10.993811
11.297429
11.142089
11.149150
11.389221
11.325673
11.346855
11.579865
11.297429
11.269186
11.212698
11.346855
11.466891
11.565743
11.699900
11.622230
11.699900
11.735204
11.622230
11.537499
11.615169
11.643413
10.909080
11.092663
10.923202
10.725497
11.092663
11.043237
10.958506
11.445708
11.558682
11.290368
11.036176
11.198577
11.142089
10.845532
10.880836
11.043237
11.283307
11.255064
11.240942
11.255064
11.205637
11.022054
10.972628
10.789045
10.951445
11.396282
11.290368
11.255064
11.212698
11.127968
11.198577
11.311551
11.657535
11.572804
11.699900
11.601048
11.564335
11.813978
11.843348
12.269209
12.349976
12.070963
11.850690
12.188442
12.063621
12.085648
12.137045
12.092991
12.232497
12.269209
12.144388
12.144388
12.034251
12.173757
12.129703
12.004881
12.019566
12.144388
12.137045
12.283894
12.298579
12.188442
12.115018
12.070963
11.880060
11.872718
11.784608
11.953484
11.718526
11.931457
11.865375
11.982854
11.953484
12.107676
12.122360
12.129703
12.070963
12.254524
12.305921
12.203127
12.533537
12.636331
12.673043
12.878631
12.915343
12.908001
12.797864
12.878631
12.731783
12.651016
12.614304
12.225154
12.357318
12.327949
12.298579
12.489482
12.533537
12.570249
12.394030
12.423400
12.408715
12.137045
12.283894
12.232497
12.474797
12.386688
12.584934
12.651016
12.665701
12.739125
12.562907
12.599619
12.533537
12.636331
12.695070
12.606961
12.533537
12.856604
12.974083
13.142959
13.047507
13.054850
13.157644
13.223726
13.275123
13.106247
13.157644
13.069535
12.893316
12.922686
12.952056
12.981425
12.819892
12.885974
13.040165
12.952056
12.922686
12.651016
12.570249
12.702413
12.636331
12.599619
12.357318
12.445428
12.474797
12.548222
12.577591
12.761152
12.695070
12.628988
12.540879
12.474797
12.651016
12.533537
12.680385
12.658358
12.606961
12.621646
12.518852
12.540879
12.474797
12.511509
12.673043
12.974083
13.069535
13.135616
13.010795
12.981425
13.231068
13.231068
13.429314
13.517423
13.620217
13.473368
13.488053
13.517423
13.421971
13.399944
13.098904
13.076877
12.577591
11.549650
11.813978
11.960827
12.225154
12.225154
12.327949
12.562907
12.562907
12.452770
12.599619
12.702413
12.592276
12.746467
13.054850
13.025480
12.856604
12.775837
12.621646
12.805207
12.357318
12.665701
12.805207
12.863946
13.488053
13.223726
12.841919
13.113589
13.047507
12.731783
12.606961
12.034251
11.843348
11.769924
11.490911
11.784608
11.476226
11.865375
12.203127
12.181100
12.195785
12.063621
12.386688
12.283894
12.394030
12.452770
12.761152
12.680385
12.768495
12.871289
12.819892
13.187013
13.032822
12.959398
13.091562
13.142959
12.981425
13.319177
13.377917
13.443999
13.546793
13.803778
13.546793
13.539450
13.605532
13.745039
13.847833
13.730354
13.855175
14.104818
13.950627
13.825805
14.090133
14.207612
14.126845
14.156215
13.803778
13.957969
14.126845
14.016709
14.009366
14.281036
14.589419
14.435227
14.398515
14.493967
14.648158
14.655501
14.758295
14.728925
14.560049
14.802349
14.486625
14.743610
14.684870
14.772979
15.103389
14.956540
15.191498
15.213526
15.316320
15.602675
16.241467
16.505794
16.593903
17.100531
17.482338
17.555762
17.856802
17.981624
18.392800
18.304691
18.715867
17.541078
17.959596
17.937569
18.260636
18.532306
18.811319
17.886172
18.003651
18.524964
18.848031
18.987537
19.347317
19.376686
19.215153
19.347317
19.053619
18.965510
18.906770
18.884743
18.569018
18.583703
19.024249
19.251865
19.523535
19.317947
18.972852
19.215153
19.530877
19.949396
19.949396
20.213724
20.896570
20.698325
20.801119
20.837831
20.925940
20.544133
19.956739
19.670384
19.200468
19.538220
19.912684
20.066875
20.257779
19.956739
19.560247
19.729123
19.464796
19.435426
19.618987
19.339974
19.442768
19.574932
19.663041
19.824575
19.868629
20.698325
20.837831
20.749722
20.624900
20.463367
20.235751
20.624900
20.558818
20.566161
20.030163
20.066875
20.338545
20.977337
21.513335
20.962652
21.175583
21.395856
21.594102
21.726266
21.564732
21.887799
21.777663
21.594102
21.770320
21.505992
21.821717
21.498650
21.102159
21.498650
21.572074
21.718923
21.579417
21.050762
21.102159
21.241665
20.801119
21.124186
21.182925
21.439911
21.807032
21.917169
21.990593
21.755635
22.027305
22.034648
22.570646
22.754206
22.923082
23.341601
23.172725
23.583902
23.605929
23.686696
23.752778
24.105215
24.420939
24.296118
24.773376
25.228607
25.720550
26.557588
26.851285
27.519447
26.858628
26.352000
27.093586
26.572273
25.882084
25.757262
25.649877
25.028573
25.465787
26.033397
26.501293
27.529129
26.754417
26.577997
25.926012
26.140783
26.332544
27.122597
27.122597
27.222312
27.874298
28.242478
28.779407
29.784232
28.610658
28.625999
26.869473
26.800439
25.603854
25.504139
24.959539
25.212663
24.553007
25.028573
23.847328
23.870340
22.251882
21.760975
22.597050
23.279718
23.433126
22.374608
22.666084
22.995912
23.532841
22.865515
22.903867
22.919208
22.965230
23.026594
23.831988
24.016078
24.468632
24.039089
24.645052
25.327719
25.327719