1.0000
0.9999
0.9999
0.9999
1.0007
1.0019
1.0010
1.0012
1.0026
1.0023
1.0037
1.0037
1.0034
1.0053
1.0073
1.0087
1.0096
1.0105
1.0100
1.0131
1.0164
1.0161
1.0159
1.0180
1.0215
1.0170
1.0170
1.0302
1.0412
1.0487
1.0510
1.0576
1.0598
1.0671
1.0666
1.0581
1.0638
1.0774
1.0851
1.0918
1.0940
1.0922
1.0953
1.1105
1.1087
1.1130
1.1051
1.1114
1.1120
1.1163
1.1146
1.1002
1.1002
1.1081
1.1197
1.1206
1.1249
1.1310
1.1476
1.1551
1.1530
1.1417
1.1394
1.1379
1.1195
1.1059
1.1049
1.1107
1.1194
1.1145
1.1225
1.1221
1.1187
1.1324
1.1323
1.1369
1.1342
1.1292
1.1381
1.1475
1.1645
1.1670
1.1882
1.2336
1.2447
1.2568
1.2684
1.2605
1.2640
1.2685
1.2559
1.2313
1.2612
1.2574
1.2729
1.2741
1.2713
1.2855
1.2726
1.2738
1.2870
1.2861
1.3156
1.3753
1.4084
1.4175
1.3995
1.4250
1.4760
1.4553
1.4527
1.4505
1.4893
1.5055
1.4745
1.4903
1.4939
1.5302
1.5688
1.5905
1.6163
1.6608
1.6389
1.6355
1.6359
1.5501
1.5583
1.5448
1.5638
1.5678
1.5601
1.5652
1.5931
1.6095
1.6208
1.6215
1.6252
1.6443
1.6754
1.6806
1.6809
1.7224
1.7040
1.7227
1.7072
1.6863
1.7192
1.7221
1.7260
1.7487
1.7610
1.6917
1.7106
1.7256
1.7268
1.6921
1.6954
1.7008
1.7055
1.7204
1.7146
1.6988
1.6884
1.6421
1.6336
1.6272
1.6286
1.6004
1.5938
1.6196
1.6235
1.6397
1.6387
1.6188
1.6392
1.6569
1.6514
1.6521
1.6626
1.6763
1.6775
1.6858
1.6871
1.7067
1.7090
1.7362
1.7370
1.7137
1.7417
1.7585
1.7578
1.7498
1.7614
1.7781
1.7827
1.7717
1.7675
1.7831
1.7856
1.7945
1.8091
1.8292
1.8245
1.8260
1.8112
1.8321
1.8550
1.8735
1.8734
1.9152
1.9248
1.9208
1.9020
1.9160
1.9120
1.8941
1.9221
1.9209
1.9395
1.9034
1.9457
1.9553
1.9608
1.9422
1.9325
1.9538
1.9608
1.9636
1.9761
1.9904
1.9992
1.9863
2.0156
1.9959
1.9599
1.9830
2.0267
2.0241
2.0604
2.0885
2.1018
2.1105
2.1288
2.1333
2.1660
2.1719
2.2060
2.2721
2.3142
2.3570
2.3572
2.3177
2.2882
2.2235
2.3206
2.3507
2.3539
2.3998
2.4577
2.5332
2.5216
2.5467
2.5029
2.4813
2.5448
2.5459
2.5873
2.5906
2.6477
2.6473
2.6680
2.6857
2.7420
2.8262
2.8715
2.8502
2.8060
2.9395
3.0535
3.0218
3.0418
3.1471
3.2644
3.2880
3.2914
3.2099
3.2830
3.3488
3.3424
3.1682
3.1773
3.0715
3.0740
3.1134
3.1758
3.2451
3.2329
3.3224
3.3670
3.4359
3.5087
3.5180
3.4939
3.2148
3.2775
3.1893
3.2265
3.2214
3.2670
3.3441
3.3902
3.3649
3.3686
3.3781
3.3413
3.3947
3.3750
3.4205
3.4302
3.4748
3.4967
3.4855
3.5183
3.5327
3.5259
3.5094
3.4987
3.4985
3.5530
3.6180
3.6570
3.6758
3.7059
3.7779
3.7984
3.8622
3.9303
3.9519
4.0536
4.0573
4.0764
3.9163
4.0337
4.1546
4.1667
4.1510
4.1750
4.1468
4.2937
4.3941
4.3988
4.3946
4.3907
4.4117
4.3437
4.4012
4.4679
4.4697
4.5101
4.5255
4.5667
4.5500
4.5940
4.6664
4.7503
4.5909
4.6998
4.6260
4.4486
4.5132
4.5500
4.6177
4.6343
4.7173
4.7907
4.8328
4.7950
4.8117
4.9140
4.9294
4.8565
4.9092
4.8451
4.7655
4.8028
4.9023
4.7983
4.7645
4.7645
4.7570
4.8058
4.7396
4.5967
4.7197
4.8307
4.8018
4.8098
4.8341
4.8396
4.7520
4.8307
4.8496
4.8451
5.0019
5.1432
5.1412
5.2010
5.2024
5.2039
5.2895
5.3378
5.2149
5.3318
5.4966
5.5976
5.6066
5.5921
5.7066
5.6852
5.6917
5.7245
5.7429
5.6379
5.5274
5.7748
5.8300
5.8738
5.9331
6.0321
6.0480
6.0490
5.9609
6.0341
6.1167
6.2496
6.2158
6.2197
6.2904
6.1884
6.2735
6.0455
6.1078
6.2307
6.3322
6.4338
6.3695
6.3342
6.4034
6.3924
6.4402
6.3860
6.3203
6.4133
6.5607
6.5607
6.6398
6.6552
6.6886
6.7891
6.7747
6.8926
6.9205
6.8568
6.6567
6.6707
6.5746
6.6602
6.7055
6.4940
6.5522
6.6761
6.7209
6.7806
6.7289
6.5577
6.5403
6.4945
6.5323
6.3158
6.2834
6.2352
6.1884
6.3666
6.3113
6.2471
6.2496
6.3198
6.2606
6.0874
6.1570
6.1192
6.0540
6.0157
6.1794
6.0963
6.1535
6.2133
6.3432
6.3616
6.4193
6.4965
6.4955
6.4507
6.2805
6.3606
6.2546
6.2387
6.3556
6.4397
6.4955
6.5811
6.6020
6.6333
6.7344
6.7045
6.7045
6.7040
6.7458
6.7906
6.8259
6.9180
6.9115
6.9822
7.0399
7.0718
7.0867
7.0509
6.8926
6.7956
6.8314
6.5995
6.2904
6.5174
6.5781
6.6055
6.3297
6.3407
6.2800
6.2272
6.2352
6.5577
6.5079
6.4034
6.4696
6.4248
6.5298
6.6084
6.4950
6.4775
6.3043
6.1550
6.1252
6.2277
6.2118
6.2436
6.3452
6.2372
6.1983
6.2481
6.1764
6.0032
6.0027
5.8913
5.8415
5.7937
5.6578
5.5434
5.6240
5.7176
5.7424
5.5911
5.6270
5.6509
5.5424
5.6857
5.5956
5.4662
5.4568
5.5488
5.7036
5.7151
5.5414
5.5931
5.6170
5.4115
5.4364
5.3697
5.2890
5.2034
5.2338
5.2821
5.4209
5.6972
5.7141
5.6479
5.6772
5.8544
5.9341
5.8808
5.7166
5.8116
5.7718
5.7902
5.7634
5.8813
5.8395
5.8330
5.8116
5.6320
5.6832
5.6086
5.5842
5.4682
5.4722
5.5648
5.4732
5.4881
5.4986
5.4851
5.4070
5.3652
5.3602
5.1134
5.0531
5.0039
4.9417
4.9392
4.8630
4.9944
4.8058
4.8740
4.8227
4.8675
4.9770
4.9874
4.8600
4.8401
4.7396
4.7436
4.7928
4.7694
4.8964
4.9078
5.0064
4.9835
4.9635
4.9815
4.8765
4.7983
4.7844
4.8590
4.9327
4.9302
4.9148
4.9944
4.9725
4.9899
4.9516
4.9327
4.8715
4.9018
4.8585
4.8152
4.8381
4.8317
4.7381
4.6560
4.6639
4.6609
4.6535
4.6545
4.5634
4.5913
4.7426
4.6600
4.6321
4.6366
4.5953
4.5828
4.5918
4.6316
4.5624
4.5310
4.4808
4.4758
4.4240
4.3892
4.3957
4.3912
4.3275
4.3305
4.2245
4.1583
4.1528
4.3051
4.4056
4.3131
4.3136
4.3947
4.4056
4.4061
4.2598
4.2289
4.1418
4.1170
4.0334
4.1010
4.0567
4.0383
3.9477
3.9562
4.0169
4.0110
3.9836
3.9736
3.9209
3.8019
3.8492
3.8099
3.8487
3.8089
3.8004
3.7755
3.8447
3.8009
3.8268
3.9502
3.9323
3.9428
4.0159
4.0811
4.1120
3.9706
4.0687
4.0388
4.0189
3.9487
3.9368
3.9363
3.9537
3.9079
3.9423
3.9492
4.0538
4.0851
4.1165
4.2135
4.1543
4.2185
4.1628
4.0617
4.0762
4.1030
4.1065
4.1772
4.1892
4.1552
4.0588
4.0352
4.0085
4.0069
3.9949
3.9812
3.9770
4.0530
4.1347
4.1180
4.0703
4.1164
4.1122
4.0588
4.1615
4.1557
4.2002
4.2233
4.2532
4.2563
4.3108
4.2987
4.3124
4.3658
4.4250
4.4025
4.5015
4.5722
4.6094
4.6031
4.5775
4.6760
4.7786
4.6644
4.5146
4.5314
4.5947
4.6780
4.5183
4.5434
4.4156
4.3763
4.4109
4.3757
4.5659
4.5932
4.5733
4.4617
4.5162
4.4868
4.4643
4.4517
4.4921
4.6042
4.6199
4.6938
4.6833
4.7561
4.7713
4.7095
4.8122
4.8310
4.8122
4.8473
4.9175
4.9573
4.9772
4.9887
4.8578
4.9107
5.0175
5.1019
5.1234
5.1559
5.1621
5.1103
5.1993
5.1632
5.0181
5.0333
5.0123
4.9536
4.9714
5.0846
5.0967
5.2229
5.2303
5.2895
5.3083
5.3555
5.2711
5.3785
5.4047
5.3838
5.3843
5.4304
5.4713
5.4257
5.3125
5.3125
5.3256
5.2863
5.3534
5.4912
5.5111
5.6394
5.6672
5.6483
5.6986
5.7123
5.7432
5.7275
5.6426
5.7568
5.7437
5.8301
5.8998
5.9339
5.9334
5.9512
5.9669
5.9643
5.9774
6.0444
6.0062
6.0916
6.1314
6.2047
6.2687
6.2519
6.2493
6.2938
6.2985
6.2440
6.3520
6.3708
6.3687
6.3740
6.4573
6.4038
6.5228
6.6260
6.6270
6.6957
6.7150
6.4630
6.5573
6.6836
6.7805
6.7900
6.7355
6.6385
6.4850
6.4845
6.5154
6.3132
6.3321
6.1707
5.8615
5.9325
5.7693
5.9491
6.0476
6.0882
5.9422
6.0092
6.0150
5.8478
5.5552
5.5947
5.6480
5.8438
5.8770
5.9113
5.9932
6.0047
5.9772
6.0848
6.1569
6.1713
6.0957
6.1907
6.0344
6.0711
5.9703
5.8713
5.8655
5.8512
5.7579
5.7373
5.7848
5.9943
5.9777
6.0442
6.0808
6.0842
6.0974
6.1965
6.2594
6.2297
6.2010
6.2972
6.3316
6.2131
6.2211
6.1192
6.1839
6.3556
6.4106
6.4512
6.4730
6.4741
6.5056
6.5274
6.5113
6.5153
6.5400
6.7008
6.7094
6.7134
6.7220
6.6997
6.7501
6.5611
6.6957
6.4695
6.3539
6.5623
6.6596
6.6974
6.7089
6.7529
6.7913
6.7260
6.6333
6.6602
6.6699
6.7186
6.6968
6.6591
6.5302
6.3865
6.3905
6.2898
6.3493
6.5090
6.5165
6.5875
6.6173
6.6923
6.7341
6.6951
6.7398
6.7043
6.5715
6.5863
6.5783
6.6888
6.5583
6.6602
6.6728
6.6963
6.6814
6.4839
6.5131
6.4381
6.3705
6.2594
6.1902
6.2142
6.2371
6.1770
6.1455
6.2297
6.2274
6.1409
6.1312
6.1444
6.2234
6.2365
6.2915
6.2503
6.2148
6.3052
6.3653
6.3545
6.4066
6.3877
6.4209
6.2789
6.2903
6.3310
6.3619
6.3316
6.3190
6.2531
6.1690
6.2010
6.3184
6.3098
6.3310
6.3505
6.3058
6.3201
6.2652
6.3390
6.4489
6.4644
6.4398
6.5148
6.5136
6.5136
6.4930
6.4438
6.5182
6.5102
6.5692
6.6041
6.5720
6.5182
6.2829
6.3356
6.4375
6.3808
6.3424
6.3339
6.2566
6.2394
6.1421
6.1048
6.0865
6.1283
5.9485
5.8884
5.8850
5.7928
5.7785
5.8890
5.9005
5.7115
5.7756
5.7808
5.7316
5.7842
5.9222
5.8443
5.8329
5.9079
5.9216
5.8220
5.7688
5.7911
5.7791
5.7928
5.7522
5.7545
5.8678
5.8403
5.8306
5.7699
5.6737
5.7716
5.7762
5.7464
5.7442
5.7087
5.6680
5.5003
5.4728
5.4075
5.4064
5.3657
5.4493
5.4814
5.4722
5.5947
5.6411
5.5896
5.6142
5.5466
5.5655
5.6617
5.7550
5.7625
5.8129
5.8506
5.8741
5.8564
5.9577
5.9560
5.9434
6.0316
5.9514
5.9491
5.9371
6.0047
6.0424
5.9085
5.9262
5.8730
5.9279
6.0304
6.0590
6.0373
6.0556
5.9640
5.9760
6.0012
5.9153
5.9274
5.9560
6.0699
6.0756
6.0527
6.1260
6.1449
6.1982
6.1959
6.1970
6.1255
6.1718
6.2010
6.2342
6.1512
6.0459
6.0768
6.0779
6.0934
6.1678
6.1226
6.0762
6.1604
6.3075
6.3436
6.3424
6.3980
6.3390
6.4415
6.4083
6.5251
6.6310
6.5731
6.5953
6.7431
6.7141
6.6088
6.6057
6.5860
6.6950
6.6538
6.6482
6.7277
6.7609
6.8354
6.8256
6.8323
6.8440
6.5399
6.6525
6.4672
6.3009
6.3705
6.4727
6.4918
6.4339
6.5743
6.6248
6.6020
6.6137
6.4998
6.4752
6.4931
6.5177
6.5534
6.6673
6.6513
6.5713
6.6057
6.7498
6.7498
6.7277
6.7117
6.7073
6.6051
6.6932
6.6408
6.5965
6.5682
6.4684
6.3878
6.4315
6.4401
6.5472
6.6224
6.5817
6.5534
6.5700
6.4555
6.4660
6.4807
6.4937
6.4352
6.2351
6.2535
6.3422
6.1784
6.1994
6.1205
6.1131
6.1581
6.2221
6.2400
6.3083
6.3188
6.2671
6.3699
6.4007
6.5202
6.5097
6.5368
6.5208
6.4894
6.5436
6.4093
6.4247
6.4370
6.4512
6.5005
6.5380
6.5399
6.5189
6.5633
6.6310
6.6187
6.6458
6.5990
6.5577
6.6298
6.5011
6.5460
6.4771
6.4450
6.4093
6.4223
6.4734
6.4610
6.5011
6.4481
6.4019
6.3921
6.3539
6.4161
6.4315
6.4389
6.4795
6.4561
6.4543
6.5423
6.5288
6.5300
6.5362
6.4764
6.4586
6.4789
6.4604
6.4149
6.3964
6.3594
6.2665
6.3016
6.3348
6.2104
6.2369
6.2757
6.2739
6.3139
6.3090
6.2603
6.2775
6.2505
6.2585
6.3034
6.2948
6.2936
6.1415
6.1335
6.0793
6.0645
6.0343
6.0417
6.0941
6.1156
6.0386
6.1008
6.1144
6.0910
6.0017
6.0300
5.9980
6.0546
6.0171
5.9789
5.9469
5.8872
5.9278
5.9333
6.0042
6.1205
6.1316
6.1304
6.0916
6.1606
6.1987
6.2979
6.3083
6.3114
6.3496
6.3551
6.3638
6.2899
6.3718
6.3742
6.4136
6.4173
6.3601
6.3644
6.3379
6.3693
6.2375
6.2652
6.3102
6.2929
6.2708
6.2671
6.2357
6.2178
6.2406
6.1556
5.9869
6.0177
6.0657
6.1840
6.1944
6.2480
6.2080
6.1957
6.1144
6.0799
6.0146
6.0731
6.0750
6.1889
6.1784
6.1088
6.0842
6.0916
6.0676
6.0035
5.9210
5.8638
5.9494
5.9260
5.9063
5.8465
5.8638
5.8668
5.8767
5.8053
5.8102
5.9143
5.7967
5.7486
5.6446
5.6729
5.6298
5.5793
5.5928
5.5682
5.5590
5.6772
5.7141
5.7086
5.7388
5.6359
5.6329
5.5411
5.5257
5.6199
5.6895
5.7277
5.7486
5.8200
5.8151
5.8311
5.9013
5.9173
5.9241
5.8933
5.8872
5.9216
5.8699
5.8607
5.9450
5.9487
5.8398
5.8336
5.7535
5.7535
5.7535
5.7388
5.7511
5.7289
5.7394
5.7862
5.6975
5.7776
5.7388
5.6600
5.6187
5.6353
5.6359
5.6008
5.5725
5.4931
5.4629
5.4001
5.4654
5.4605
5.4558
5.3998
5.3840
5.3946
5.3458
5.2760
5.2661
5.2957
5.3590
5.3590
5.2463
5.1949
5.2088
5.3214
5.4545
5.4348
5.4157
5.3201
5.2206
5.3603
5.2615
5.3425
5.4295
5.3597
5.3603
5.3313
5.4084
5.4486
5.4717
5.4077
5.4848
5.4881
5.4941
5.5184
5.4987
5.5362
5.5151
5.5204
5.5145
5.5309
5.5744
5.5856
5.6344
5.6581
5.6614
5.6179
5.5988
5.6588
5.6192
5.5718
5.5619
5.6028
5.6581
5.6568
5.7062
5.6087
5.6192
5.6990
5.6891
5.6212
5.5981
5.5962
5.5698
5.5837
5.5389
5.4315
5.4005
5.4084
5.4084
5.4848
5.5092
5.4822
5.5092
5.5138
5.5856
5.5935
5.5823
5.5395
5.5975
5.5757
5.6153
5.5856
5.5883
5.5968
5.5988
5.6047
5.6752
5.7009
5.7523
5.7694
5.7451
5.6713
5.6733
5.6654
5.6337
5.6416
5.5909
5.6390
5.5705
5.5830
5.6443
5.6291
5.5685
5.5316
5.5738
5.6113
5.5962
5.6067
5.6318
5.5593
5.5843
5.5810
5.5705
5.5375
5.5738
5.5645
5.6588
5.6495
5.6607
5.6864
5.6700
5.6555
5.5968
5.5382
5.5277
5.5257
5.5085
5.5738
5.5738
5.5955
5.6080
5.5968
5.5599
5.6350
5.5527
5.5389
5.5883
5.6337
5.6515
5.5560
5.5659
5.5580
5.5843
5.5547
5.5105
5.5270
5.5184
5.4875
5.4670
5.4367
5.4315
5.4697
5.4453
5.4802
5.5250
5.5329
5.5303
5.5823
5.5711
5.5013
5.5013
5.4578
5.4229
5.3946
5.3946
5.4288
5.4058
5.4117
5.3867
5.3135
5.3050
5.2562
5.2252
5.2226
5.2621
5.2384
5.2147
5.2325
5.3913
5.3873
5.3761
5.3860
5.3597
5.3853
5.3116
5.2747
5.2707
5.2048
5.2061
5.2299
5.2332
5.1936
5.2832
5.3478
5.3471
5.3162
5.3926
5.4012
5.3676
5.3583
5.3590
5.3728
5.3669
5.4137
5.3985
5.4137
5.3649
5.3597
5.3280
5.2720
5.2444
5.2496
5.2832
5.3405
5.3419
5.3366
5.3129
5.3063
5.2470
5.2437
5.2312
5.1725
5.1851
5.1548
5.1198
5.0823
5.0599
5.1001
5.0750
5.1146
5.0856
5.0315
4.9841
4.9729
4.9960
4.9242
4.9367
5.0507
5.0329
5.1205
5.1627
5.1515
5.1732
5.1277
5.3076
5.3208
5.3247
5.3465
5.3603
5.3452
5.3735
5.4894
5.5112
5.4921
5.5613
5.6522
5.6436
5.6818
5.6930
5.7128
5.7174
5.6416
5.8189
5.8505
5.8287
5.7879
5.8590
5.8452
5.8248
5.8353
5.7806
5.7727
5.9006
5.9276
5.9335
5.9434
6.0363
6.0119
6.0659
6.0817
6.0923
6.1272
6.0732
5.9987
6.0705
5.9368
5.9006
5.9124
5.8334
5.8399
5.9678
5.9717
5.8044
5.9750
6.0106
5.9309
5.9144
5.9111
5.8294
5.7767
5.8063
5.8156
5.7490
5.7629
5.8973
5.9256
5.9473
5.9295
5.9078
5.9295
5.8314
5.8399
5.8399
5.8215
5.7510
5.7161
5.7418
5.7273
5.7253
5.7319
5.7312
5.6924
5.7115
5.7490
5.7490
5.8676
5.8663
5.7464
5.7965
5.7477
5.7075
5.7148
5.8063
5.9045
5.9144
5.9473
5.9407
5.9612
5.9546
5.8940
5.9460
6.0112
6.0903
6.0666
6.0666
6.0626
5.9961
6.0191
6.0415
6.1061
6.1259
6.1634
6.1265
6.1239
6.0633
6.0508
5.9816
5.9111
5.7826
5.8525
5.8828
5.9157
5.8841
5.7299
5.7246
5.4572
5.4651
5.4980
5.4842
5.5507
5.5501
5.6291
5.7042
5.7075
5.7003
5.6851
5.5843
5.5889
5.6719
5.8202
5.7609
5.8656
5.8992
5.8024
5.7477
5.6495
5.6990
5.8103
5.8103
5.7806
5.7457
5.6825
5.6805
5.6667
5.7655
5.7596
5.8195
5.8347
5.8175
5.8327
5.8399
5.9157
5.9124
5.8815
5.8011
5.7253
5.7872
5.7694
5.7629
5.7648
5.7398
5.8024
5.8030
5.7550
5.7411
5.7181
5.7194
5.7951
5.8123
5.8287
5.8683
5.9941
6.0264
6.0251
6.0356
6.0455
6.0224
5.9269
5.9328
6.0356
6.0567
6.0185
6.0172
6.0257
6.0468
6.0719
6.0890
6.0336
6.1140
6.1318
6.1265
6.0455
6.0244
6.0310
6.1713
6.1239
6.0666
6.0126
5.9335
5.9223
5.8992
5.9592
5.8920
5.9276
5.8887
5.8821
5.8123
5.7615
5.7108
5.7747
5.8373
5.7253
5.7642
5.8406
5.9882
5.9414
5.9618
5.9487
5.9447
5.9276
5.9164
5.9631
6.0159
6.0251
5.9434
6.0152
6.0857
6.0956
6.0666
6.0765
6.0778
6.0020
6.0211
6.0310
5.9717
5.9882
5.9855
5.9421
5.8801
5.9309
5.9421
5.9954
5.9566
6.0297
6.0587
6.1041
6.0982
6.0574
5.9625
6.0007
6.0402
5.9954
5.9368
5.9091
5.9546
5.9849
6.0205
5.9612
5.9236
5.9678
6.0580
6.0422
6.0791
6.0165
6.0297
6.0435
6.0047
6.0165
6.1417
6.1680
6.1984
6.1654
6.2425
6.2985
6.2300
6.2366
6.2754
6.2135
6.1641
6.0323
6.0633
6.0126
6.1120
6.1825
6.1351
6.0883
6.0975
6.1246
6.0264
6.0791
6.0560
6.1213
6.0863
6.1344
6.1153
6.0686
5.9790
6.0804
6.0765
6.0600
6.0607
5.9967
5.9315
5.9447
6.0066
6.0040
6.0066
6.0666
6.1615
6.1806
6.2774
6.2748
6.2715
6.2056
6.1904
6.1832
6.2036
6.1331
6.1239
6.1101
6.0850
6.0099
5.8913
5.9519
5.9974
6.0093
6.0231
5.9612
5.9572
5.9487
6.0231
6.0238
6.0264
5.9585
5.9361
5.8841
5.8735
5.9401
5.9493
6.0099
6.0580
6.0488
6.0956
6.0817
6.0811
6.0600
6.0198
6.0910
6.0857
6.1068
6.1562
6.1694
6.1694
6.2320
6.2596
6.2030
6.1792
6.1015
6.1397
6.1628
6.2155
6.2016
6.2576
6.2629
6.2992
6.2873
6.2906
6.3453
6.3262
6.3229
6.3479
6.2405
6.2155
6.2530
6.3440
6.3650
6.3005
6.2814
6.3168
6.3188
6.4025
6.3835
6.4147
6.4474
6.5732
6.5848
6.5984
6.6678
6.6664
6.7419
6.7147
6.6977
6.6140
6.6365
6.7269
6.7630
6.7521
6.6868
6.7616
6.8160
6.8018
6.7861
6.7718
6.8024
6.7616
6.7263
6.7351
6.7147
6.7705
6.8317
6.8834
6.9541
6.9759
7.0106
7.0221
7.0113
6.9602
7.0133
6.9983
6.8494
6.8834
6.9398
6.9970
6.8868
6.9344
7.0283
7.0079
7.0072
7.0092
7.0330
7.1262
7.1500
7.0888
7.0929
7.0371
7.0840
7.0255
7.0153
7.0616
7.0262
6.9990
6.9494
6.9494
6.9126
6.9949
7.0677
7.1044
7.1487
7.1555
7.1378
7.1208
7.1439
7.1072
7.2017
7.1779
7.2364
7.2051
7.2139
7.1942
7.1262
7.1412
7.1500
7.2071
7.2772
7.3466
7.4398
7.4615
7.4962
7.5003
7.6567
7.6846
7.8934
7.7907
7.9363
7.6193
7.8520
7.8105
7.8438
7.9397
8.0669
8.0798
8.0982
8.0227
7.9104
7.8615
7.7520
7.9057
8.0614
8.1335
8.1771
8.3267
8.5301
8.5682
8.5471
8.4927
8.5219
8.5607
8.6407
8.6259
8.7778
8.8363
8.5162
8.6689
8.8970
8.9333
8.8911
8.9844
8.9830
8.8985
8.7866
8.7274
8.6718
8.8059
8.7318
8.6903
8.6229
8.6377
8.7066
8.8066
8.8474
8.9296
9.0852
9.1741
9.0822
9.1711
9.2482
9.3541
9.2007
9.3126
9.3178
9.1889
9.2630
9.3504
9.3252
9.3459
9.4215
9.6823
9.7393
9.9038
9.8912
9.9601
10.1090
10.1682
10.2053
10.2119
10.2564
10.3905
10.3905
10.6060
10.7305
10.8498
10.9764
10.8490
10.7750
11.1209
11.3076
11.1705
10.8594
11.0431
11.0046
10.7868
11.0668
11.2528
11.3491
11.2780
11.4106
11.1505
11.2994
11.3106
11.3861
11.1224
11.1142
10.9387
11.2431
11.5876
11.7247
11.7839
11.7491
11.6565
11.8469
12.0825
12.2321
12.5395
12.6188
12.7403
13.0914
13.2440
12.7136
12.8670
13.3707
13.7382
13.7441
13.6441
13.7604
13.4870
13.4915
13.7515
13.8078
13.9500
13.7989
13.4396
13.6530
13.2840
12.6581
12.6581
12.7707
12.3951
11.7743
11.3394
11.6847
11.4128
11.0653
10.8053
10.6283
10.2431
9.9467
10.1964
10.4942
10.9527
11.0853
10.7875
10.9231
11.2661
11.4202
11.5498
11.5809
11.7995
11.6758
11.1720
10.9883
11.3113
11.1313
11.1053
10.9639
11.2498
11.2943
11.2794
11.4461
11.7269
11.7580
11.6884
11.7847
11.8573
11.8750
11.5076
11.6098
11.4972
11.2535
10.8927
10.5942
10.4557
10.6268
10.9142
10.7461
10.4468
10.3860
10.4423
10.6312
10.7698
10.7112
10.7453
10.4823
10.2719
10.5231
10.4912
10.5646
10.7327
10.7638
10.7261
10.7705
10.6312
10.7653
10.7194
10.6875
10.8505
10.9379
11.0987
11.1291
11.0809
11.2128
11.2580
11.2802
11.4120
11.1209
11.3350
11.4846
11.4995
11.5328
11.4232
11.4669
11.4817
11.3706
11.3113
11.5417
11.4854
11.6002
11.7010
11.7239
11.7965
11.8210
11.7239
11.8306
11.7573
11.6506
11.7958
11.9180
11.8691
11.9447
12.0543
11.9958
11.7276
11.7284
11.7417
11.6995
11.8002
11.7691
11.8565
11.7632
11.8284
11.8032
11.7232
11.8158
11.8617
11.9187
12.0439
12.0484
12.0795
12.1254
12.0002
11.9995
12.0151
11.8950
11.9336
11.9558
11.9128
11.5269
11.4557
11.5735
11.1446
11.1654
10.7846
10.8446
10.6090
10.8520
10.6601
10.7512
10.9416
10.8757
10.6253
10.6957
10.7601
10.3683
10.2697
10.0756
10.2705
10.2312
10.4253
10.4764
10.5816
10.5216
10.5172
10.7394
10.8031
10.7750
10.7764
10.8876
10.8475
10.8498
10.3794
10.3431
10.0356
10.1334
10.3912
10.3727
10.1823
10.2942
10.4149
10.3001
10.1927
10.1675
10.3927
10.3942
10.3327
10.5512
10.7861
10.9172
10.8935
10.9490
10.8779
10.9090
10.8809
10.7698
10.9794
10.9816
10.9350
11.0928
11.1276
11.0231
10.9624
11.0757
11.0224
11.1135
11.1646
11.1676
11.1313
11.1772
10.9883
10.9342
10.9905
10.9646
11.0587
11.0416
11.0283
11.0765
11.2128
11.2046
11.2135
11.0016
10.7898
10.7801
10.7090
10.7601
10.7209
10.8313
10.8172
10.6268
10.6594
10.7342
10.8535
10.7912
10.7764
10.7853
10.7675
10.7624
11.0113
11.0713
11.1016
11.1209
11.1431
11.1787
11.1313
10.8253
10.8290
11.0387
11.0320
11.0690
11.1098
11.0683
11.1639
11.1491
11.0846
11.2743
11.3002
11.3172
11.3106
11.3291
11.4320
11.4520
11.4802
11.4920
11.4809
11.4424
11.5224
11.5669
11.5728
11.5758
11.5661
11.5669
11.5898
11.6113
11.5787
11.5661
11.6224
11.4595
11.4528
11.4113
11.3254
11.4009
11.4157
11.4787
11.4469
11.5091
11.5483
11.5343
11.4520
11.5824
11.7691
11.7810
11.7795
11.7743
11.7491
11.7024
11.7180
11.7024
11.6750
11.6935
11.6906
11.7091
11.7387
11.6587
11.6380
11.6772
11.7617
11.7661
11.7610
11.7824
11.6358
11.7447
11.6854
11.7580
11.7439
11.7639
11.8573
11.8550
11.6965
11.7461
11.7513
11.7617
11.8002
11.9973
12.0521
12.0343
12.0558
11.9832
11.9328
12.0447
11.9854
11.9965
11.9476
12.0099
12.0195
11.9788
11.9454
11.9387
11.9425
12.0313
11.9854
12.0032
11.9847
11.9943
12.0306
11.9825
12.0988
12.0877
12.0914
12.1143
12.1462
12.1217
12.0773
12.0921
12.1440
12.1477
12.1291
12.1765
12.1617
12.1188
12.0795
12.1506
12.0476
11.9906
11.9921
12.0291
12.0113
11.9884
11.7433
11.7230
11.6838
11.6992
11.7647
11.7171
11.6659
11.7290
11.7218
11.6338
11.6921
11.7111
11.6885
11.6695
11.7004
11.7004
11.7682
11.8444
11.8694
11.7992
11.8563
11.8242
11.7397
11.6385
11.5564
11.3994
11.4696
11.4779
11.4791
11.6136
11.6409
11.6064
11.6445
11.7004
11.6552
11.7373
11.7468
11.8182
11.8575
11.9027
11.9574
12.0312
11.8765
11.8801
11.8039
11.9598
12.0348
12.0645
12.0717
12.0622
12.0050
12.0538
12.0836
12.0657
12.0883
12.1728
12.2478
12.2014
12.1264
12.1252
12.2918
12.2168
12.2097
12.2502
12.1502
12.1145
12.1300
12.1014
12.1633
12.2335
12.2121
12.2287
12.2085
12.0836
12.1169
12.2954
12.3513
12.3941
12.3703
12.4905
12.4120
12.4417
12.3025
12.2026
12.1669
12.1026
12.1478
12.1181
11.9658
12.0039
12.0431
12.0265
12.0074
12.0039
11.9467
11.8718
11.7742
11.6992
11.7528
11.6576
11.6504
11.6612
11.7445
11.8575
11.8587
11.8170
11.7944
11.7433
11.6588
11.6992
11.8456
11.8575
11.8599
11.7825
11.8028
11.8575
11.9479
12.1871
12.2490
12.3144
12.2835
12.3727
12.2966
12.3144
12.3120
12.3573
12.3394
12.4013
12.3097
12.3644
12.5453
12.5726
12.4572
12.5429
12.5595
12.5893
12.5203
12.6654
12.6583
12.6678
12.6345
12.5774
12.5381
12.5560
12.6024
12.3894
12.4072
12.5381
12.5643
12.5167
12.5548
12.5298
12.4881
12.5655
12.5869
12.6321
12.6869
12.6333
12.5726
12.4917
12.5774
12.6071
12.6690
12.6012
12.4703
12.5786
12.6214
12.6416
12.6714
12.6690
12.6964
12.7273
12.7023
12.6381
12.6916
12.7549
12.7723
12.7818
12.7929
12.8626
12.8815
12.9591
12.9923
12.9480
12.9638
12.9496
12.9765
12.9686
12.9211
12.9053
12.9813
12.9765
13.0319
13.0256
13.0002
13.0018
13.0224
13.0335
13.0731
13.1554
13.1554
13.2851
13.3215
13.3975
13.4576
13.4909
13.4846
13.5083
13.5938
13.6175
13.6270
13.7409
13.7362
13.8391
13.9325
13.9673
13.9277
13.9863
13.9784
13.9704
14.0258
14.2553
14.3645
14.2664
14.3883
14.6193
14.7001
14.5576
14.4611
14.6605
14.5877
14.7111
14.9549
14.8457
14.4136
14.4009
14.1651
14.2775
14.2617
14.1145
14.2237
14.2822
14.2189
14.2363
14.1129
14.3202
14.5402
14.3851
14.5165
14.4832
14.3313
14.3645
14.5386
14.5829
14.7602
14.7001
14.5956
14.6811
14.4832
14.5861
14.6605
14.6589
14.8678
14.8789
14.9216
14.9675
14.9944
15.0942
15.0878
15.0213
15.0672
14.9739
15.0926
15.0657
15.0957
15.0213
15.3300
15.3869
15.5278
15.4740
15.5057
15.2667
15.2002
15.1828
14.9470
15.1575
15.1036
14.6146
14.4421
14.4088
13.9420
14.2917
14.4057
14.5355
14.8156
14.8219
15.0451
14.9691
14.9644
15.1369
14.9723
15.0277
15.1970
15.0657
15.1844
15.3711
15.4835
15.3426
15.2144
15.3031
15.1337
15.2049
15.1939
15.0878
14.9470
14.4294
14.5307
14.7428
14.4832
14.6162
14.7254
14.7254
14.8108
14.6811
14.5845
14.5639
14.6304
14.7175
14.6320
14.5576
14.4500
14.1936
14.3455
14.4199
14.2284
14.1509
14.4658
14.4057
14.1524
14.0939
14.0812
14.2031
14.1366
14.3471
14.4848
14.4911
14.5244
14.4168
14.5576
14.6288
14.5687
14.4437
14.5133
14.6352
14.6162
14.4690
14.3724
14.3582
14.3629
14.3202
14.1287
14.3851
14.2300
14.3661
14.5861
14.5829
14.5909
14.4753
14.4389
14.6668
14.5465
14.4358
14.3091
13.7774
13.8881
13.6586
13.8027
13.5890
13.5399
13.3041
13.1395
13.5463
13.5463
13.2566
13.3041
13.1300
12.9512
12.9607
13.2899
13.3516
13.1554
13.4466
13.5526
13.5748
13.6017
13.5304
13.5099
13.6080
13.7093
13.9293
13.9673
13.7853
13.7837
13.6492
13.6966
13.5463
13.3453
13.1823
13.0414
13.2883
13.1221
13.3753
13.4260
13.4181
13.3405
13.1316
13.0556
12.9401
13.0145
13.1411
13.0430
13.0968
13.0588
13.3358
13.3136
13.2408
13.1696
13.1031
13.0715
13.1918
13.0351
12.9069
12.9638
12.7818
12.7866
12.7328
12.7581
12.7185
12.6077
12.7708
12.9649
12.9281
13.1898
13.1244
13.2552
13.1121
13.3124
13.3104
12.8811
12.8607
12.7708
12.2434
12.3313
12.2311
12.0186
11.9940
11.7161
12.0431
12.5725
12.2741
12.2230
12.2352
12.1760
11.9307
11.9675
12.1085
12.2291
12.6808
12.6767
12.6461
12.5929
12.4969
12.4396
12.6829
12.7932
12.6992
12.8219
12.9261
12.9179
12.6563
12.7176
12.6624
12.3497
12.3293
12.3783
12.5807
12.3865
12.5071
12.8403
12.8157
12.8505
12.6686
12.6767
12.6175
12.6788
12.6808
12.8505
12.6215
12.5377
12.4274
12.2802
12.2598
12.2168
12.3456
12.3272
12.2884
12.1514
12.0758
12.0738
11.8775
11.8101
11.9920
12.1269
12.1106
12.2352
12.3129
12.3395
12.2516
12.4560
12.3804
12.2782
12.4539
12.6011
12.5459
12.5439
12.6215
12.7237
12.6522
12.6481
12.5643
12.5745
12.8484
13.0590
13.2266
13.4534
13.4841
13.3185
13.7927
13.8193
13.8459
13.8704
14.2424
14.8536
14.6246
14.3957
14.4754
14.6308
14.8904
15.1070
15.1193
14.9067
14.6226
14.9905
15.1602
15.0007
14.8679
15.0621
15.5056
15.4484
15.4504
15.4729
15.4300
15.1397
14.9149
15.0498
14.9762
15.4913
15.4892
15.9123
15.9144
16.0820
16.1127
16.0125
16.0145
16.0595
15.6487
15.5935
15.4565
15.7631
15.8653
15.9021
15.9594
15.6977
15.5547
15.6446
15.3625
15.2848
15.3973
15.3543
14.6573
14.8658
14.6860
14.5224
15.0702
14.8944
14.7759
15.0518
15.1132
14.7718
14.6798
14.8904
14.9619
14.8290
14.7493
14.9660
15.1111
15.1172
15.0212
15.0028
14.9190
14.7677
14.7718
14.5633
14.7616
15.1888
15.0845
15.0375
14.8822
14.7984
14.8781
15.0743
15.3973
15.4811
15.5056
15.3482
15.3564
15.4647
15.4177
15.4157
15.7713
15.6752
15.5955
15.5076
15.5322
15.2501
15.2215
15.2194
15.2501
15.3870
15.4320
15.4279
15.4627
15.3278
15.4708
15.3932
15.5710
15.6752
15.7345
15.8612
15.8592
15.8919
15.7938
15.6752
15.5219
15.2869
15.1418
15.0682
15.2460
15.1193
15.3278
15.1336
15.1520
15.3175
15.3543
15.6323
15.6936
15.7631
15.6793
15.7836
15.6793
15.7550
15.7590
15.7488
15.6630
15.8347
15.7856
15.9205
16.0472
16.0759
16.2578
16.2496
16.1699
16.3130
16.2884
16.0943
16.2046
16.2946
16.3416
16.2108
16.2739
16.1406
16.0283
16.0237
15.9207
15.9933
16.0985
16.2154
16.2646
16.3792
16.3885
16.3815
16.3581
16.1757
16.2388
16.3043
16.1125
15.9956
16.0798
16.1196
16.0400
16.0003
15.9582
16.1827
16.3020
16.3184
16.1991
16.2833
16.1804
15.8693
15.8857
15.9488
16.0143
15.8740
15.9605
16.1242
16.0213
15.9675
15.8950
15.9862
16.0400
15.9512
15.9091
15.8272
15.9512
16.0798
16.0283
16.1359
16.2061
16.2295
16.4470
16.4587
16.3885
16.5686
16.7019
16.8352
16.7791
16.7744
16.6902
16.6014
16.8048
16.8750
17.0060
17.0270
17.1604
17.2282
17.5720
17.5509
17.6234
17.6492
17.4597
17.6819
17.7053
17.8503
17.7848
17.7427
17.7217
17.8363
17.9065
17.6094
17.8503
17.4574
16.4844
17.0715
17.3381
17.7872
17.8597
18.0889
18.1310
18.1941
18.1778
18.3158
18.6713
18.7859
18.7414
19.0057
19.0525
19.1250
19.2045
18.9987
19.1086
18.5567
19.1554
19.1811
19.4127
19.6325
19.4641
18.7835
19.1273
18.9496
18.6502
18.5005
17.6772
17.5603
17.2633
17.2937
17.5954
17.0574
17.4667
17.8714
17.8433
17.8573
17.6866
17.6047
17.5486
17.8059
17.8527
18.3508
18.3579
18.3906
18.2362
18.3251
18.7040
18.4888
18.5309
18.6479
18.7251
18.5613
18.7110
18.7134
18.5239
18.5029
18.8163
18.8069
18.9473
19.0852
18.9753
19.1741
19.2115
19.3191
19.3074
19.0619
19.0034
19.1741
19.4431
19.1905
18.9964
18.6479
18.6736
18.9122
18.7835
18.7648
18.9285
19.3472
19.3028
19.4010
19.3355
19.2841
19.3659
19.4641
19.4057
19.2724
19.2841
19.1718
19.4267
19.5039
19.5577
19.7284
19.7051
19.7261
19.8430
19.7167
19.9506
20.3553
20.5915
20.7880
21.6580
21.7937
22.2731
22.8789
22.7666
23.3233
23.0450
22.9093
22.0252
22.3456
23.1549
23.1151
23.1806
23.1222
22.2147
22.3761
22.3831
22.8321
22.6450
22.7128
23.1947
23.1993
23.3256
23.5104
23.4169
23.3684
22.9124
22.5965
22.6806
23.0627
23.5697
23.6538
23.4270
23.1927
23.3277
23.6742
23.5748
23.4754
23.5162
23.9977