1.000000
0.999000
0.999000
0.999000
0.999000
0.999000
0.987900
0.987900
0.987900
0.987900
0.982500
0.982500
0.982500
0.982500
0.982500
0.972100
0.972100
0.972100
0.972100
0.972100
0.968800
0.986800
0.979100
0.978600
0.986900
0.985500
0.973200
0.966600
0.972800
0.968200
0.970200
0.969400
0.968600
0.980900
0.985700
0.984500
0.976200
0.954900
0.968700
0.969500
0.968300
0.968800
0.960500
0.954300
0.927100
0.922000
0.914800
0.912600
0.910800
0.922300
0.930700
0.928400
0.946200
0.952600
0.943100
0.945200
0.931900
0.935800
0.951800
0.969000
0.968600
0.977800
0.980000
0.984800
0.984500
1.002700
1.004500
1.003700
1.017300
1.004300
1.006500
1.003800
1.016900
1.024700
0.995900
1.000600
0.989800
1.003600
1.027200
1.032100
1.029000
1.032100
1.012200
1.014400
1.019500
1.002300
1.006800
1.011800
1.036000
1.041000
1.026600
1.036200
1.038700
1.032000
1.035300
1.041300
1.030000
1.040900
1.052100
1.054700
1.038200
1.023500
1.027800
1.018500
1.015500
1.034900
1.032900
1.022600
1.044100
1.067200
1.069400
1.083400
1.099600
1.087600
1.096900
1.079900
1.102500
1.086500
1.087100
1.089400
1.111100
1.111000
1.103000
1.107200
1.116900
1.142200
1.138600
1.114900
1.129000
1.141700
1.157300
1.161100
1.156000
1.147100
1.086900
1.116700
1.076100
1.052800
1.065000
1.085900
1.096200
1.084300
1.109700
1.120000
1.114900
1.120300
1.093300
1.087200
1.088400
1.086700
1.071300
1.089300
1.084600
1.064300
1.081100
1.112200
1.125900
1.114100
1.120800
1.127500
1.115300
1.143600
1.140000
1.120800
1.110100
1.081600
1.060300
1.071700
1.068800
1.084400
1.117000
1.120100
1.115800
1.108900
1.083400
1.088400
1.098500
1.090100
1.077800
1.038400
1.037300
1.064100
1.034200
1.044500
1.035000
1.019500
1.037200
1.041100
1.047100
1.067000
1.062200
1.057900
1.067200
1.076500
1.087500
1.091400
1.096400
1.094500
1.084300
1.107300
1.075600
1.091800
1.091700
1.090700
1.108300
1.103000
1.093500
1.075000
1.081200
1.085800
1.090700
1.098600
1.090500
1.080700
1.089600
1.070300
1.078100
1.065800
1.067100
1.065300
1.064300
1.080400
1.075300
1.091200
1.087200
1.079800
1.069900
1.061500
1.074600
1.071000
1.075100
1.089400
1.080700
1.081000
1.088200
1.093700
1.092300
1.093400
1.070900
1.075900
1.082100
1.078000
1.056300
1.045000
1.037600
1.009700
1.025800
1.033900
1.004200
1.006200
1.013600
1.017100
1.024000
1.026900
1.018200
1.024900
1.025300
1.022800
1.028300
1.021300
1.014700
0.991400
0.994200
0.982900
0.971200
0.960100
0.950700
0.959600
0.967500
0.952400
0.963800
0.971800
0.980100
0.958400
0.965800
0.966500
0.981000
0.976500
0.968300
0.960500
0.953500
0.961400
0.958700
0.974300
0.997400
1.001900
1.003900
0.998000
1.008600
1.018500
1.038100
1.042900
1.051100
1.056800
1.058400
1.068300
1.056300
1.072200
1.075400
1.081200
1.079800
1.071400
1.074500
1.069600
1.069900
1.041300
1.050500
1.061600
1.062600
1.054800
1.055800
1.045700
1.048800
1.054600
1.043200
1.013500
1.029600
1.039500
1.058400
1.058000
1.064500
1.055300
1.053600
1.038200
1.032800
1.018600
1.035200
1.035500
1.052000
1.057800
1.042700
1.033200
1.021800
1.017600
1.006700
0.987500
0.976200
0.994100
0.988400
0.979800
0.968200
0.974600
0.976900
0.978600
0.959000
0.961300
0.981700
0.953700
0.944800
0.932900
0.934800
0.920300
0.904300
0.905500
0.895500
0.891000
0.913500
0.925500
0.923700
0.923700
0.903300
0.900000
0.875900
0.863200
0.872500
0.899000
0.911700
0.910800
0.930500
0.941900
0.944100
0.955700
0.960900
0.962800
0.957100
0.954100
0.960100
0.953500
0.955000
0.974500
0.977700
0.952400
0.954800
0.934200
0.929700
0.931900
0.929100
0.932600
0.928500
0.934600
0.947900
0.923300
0.941300
0.926900
0.912800
0.914700
0.916700
0.911900
0.904800
0.891200
0.876200
0.866900
0.857900
0.877900
0.884600
0.879600
0.861900
0.863000
0.870500
0.864100
0.844900
0.835600
0.842900
0.857600
0.835000
0.808000
0.800800
0.822300
0.846900
0.842100
0.842600
0.814700
0.790100
0.816200
0.795700
0.805200
0.820000
0.809700
0.809700
0.804000
0.819300
0.828300
0.825400
0.811900
0.827600
0.834700
0.841500
0.840400
0.841500
0.854700
0.856700
0.854100
0.855400
0.868000
0.886300
0.885800
0.902400
0.904700
0.904000
0.887200
0.893000
0.913600
0.910800
0.903500
0.900900
0.910600
0.917200
0.915800
0.921600
0.894900
0.886600
0.902500
0.902500
0.888500
0.886600
0.889700
0.876100
0.874000
0.872300
0.852400
0.848800
0.856400
0.875100
0.878900
0.868000
0.877600
0.881900
0.894800
0.896300
0.902000
0.889000
0.901900
0.899400
0.909200
0.896200
0.898900
0.906800
0.905200
0.904400
0.916100
0.915600
0.922800
0.930700
0.925200
0.909700
0.911800
0.906300
0.908200
0.907000
0.895200
0.911800
0.898000
0.890400
0.906000
0.908700
0.900000
0.891000
0.904900
0.919000
0.925100
0.925000
0.925800
0.903000
0.896900
0.891800
0.889500
0.886000
0.903100
0.900600
0.915700
0.906800
0.903500
0.910600
0.901100
0.899600
0.889400
0.865900
0.865500
0.866000
0.857600
0.875800
0.887300
0.889200
0.880900
0.878200
0.892900
0.877000
0.860000
0.866900
0.875500
0.875100
0.844800
0.848800
0.847400
0.854900
0.846400
0.839300
0.846500
0.842700
0.838900
0.829500
0.818200
0.810900
0.822200
0.817400
0.828300
0.846400
0.848800
0.841100
0.853000
0.853700
0.836600
0.838300
0.832700
0.823800
0.829000
0.834000
0.848700
0.846000
0.846700
0.836100
0.818600
0.826100
0.828300
0.814800
0.817100
0.837100
0.832000
0.836900
0.842100
0.868500
0.873400
0.867400
0.869200
0.854500
0.854300
0.832800
0.829700
0.837100
0.812800
0.807400
0.815600
0.810100
0.794300
0.809800
0.822900
0.820100
0.842200
0.849700
0.841100
0.834200
0.830400
0.826900
0.829400
0.842800
0.844800
0.850700
0.836100
0.830100
0.820200
0.803700
0.807300
0.809100
0.813600
0.824900
0.826900
0.818700
0.816100
0.815700
0.797200
0.795500
0.800000
0.784700
0.784500
0.772100
0.768100
0.769300
0.769900
0.777000
0.774200
0.777400
0.768800
0.748400
0.738300
0.730100
0.738800
0.726300
0.733100
0.760300
0.759900
0.772900
0.787300
0.780800
0.782400
0.775400
0.803000
0.799400
0.799500
0.806300
0.811600
0.812800
0.822100
0.840100
0.852800
0.847500
0.863400
0.881600
0.874100
0.877700
0.883700
0.889300
0.893200
0.886800
0.928500
0.943700
0.944100
0.929000
0.946500
0.952400
0.946500
0.951100
0.936300
0.930900
0.961700
0.968400
0.964100
0.962300
0.974900
0.967300
0.968700
0.975300
0.971600
0.979100
0.978800
0.963200
0.976900
0.963800
0.958500
0.962900
0.954500
0.951300
0.970400
0.978700
0.964200
0.983000
0.994600
0.988600
0.983400
0.985300
0.972400
0.960400
0.966000
0.960600
0.954800
0.962200
0.981300
0.983600
0.986400
0.983800
0.984600
0.989200
0.975800
0.974200
0.972300
0.958000
0.955100
0.962600
0.969100
0.970200
0.968300
0.969700
0.959000
0.964600
0.975800
0.978900
0.994400
0.993474
0.979466
0.988109
0.984533
0.976585
0.983639
0.996156
1.007780
1.014536
1.022384
1.029338
1.030034
1.025265
1.021093
1.031226
1.040863
1.055665
1.056659
1.067289
1.070766
1.056361
1.066792
1.073647
1.079211
1.083085
1.082191
1.073349
1.076230
1.072058
1.068283
1.055268
1.036690
1.027252
1.041061
1.043247
1.048413
1.046824
1.023080
1.022682
0.985129
0.992580
1.005793
0.996554
1.006886
1.019205
1.032915
1.035001
1.039174
1.031623
1.015132
1.011953
1.031524
1.055964
1.050599
1.064110
1.074840
1.058348
1.053679
1.036591
1.048214
1.064805
1.065302
1.059341
1.055367
1.047519
1.036690
1.037584
1.053679
1.061030
1.069276
1.075038
1.078317
1.080304
1.082787
1.095305
1.096100
1.088251
1.079012
1.065004
1.081198
1.079410
1.079012
1.074442
1.068283
1.083681
1.084178
1.069971
1.066097
1.061726
1.064209
1.080105
1.083185
1.085966
1.085072
1.095603
1.102557
1.099279
1.103750
1.102756
1.101763
1.092027
1.088649
1.111697
1.111101
1.110307
1.106035
1.122030
1.129083
1.152728
1.152231
1.147164
1.163159
1.174187
1.174386
1.160477
1.162365
1.163358
1.208263
1.205779
1.186407
1.178260
1.165842
1.163855
1.152032
1.155609
1.132660
1.131368
1.139713
1.145972
1.136137
1.119148
1.103551
1.118652
1.133156
1.113287
1.126600
1.142594
1.165941
1.160676
1.163159
1.159782
1.155907
1.156106
1.158093
1.165146
1.177465
1.180943
1.143489
1.162762
1.172101
1.168623
1.167233
1.170412
1.166637
1.151138
1.151635
1.154715
1.139316
1.142892
1.143588
1.134547
1.122328
1.127096
1.138720
1.153125
1.135839
1.155808
1.158788
1.167531
1.165643
1.161073
1.137627
1.141005
1.149648
1.141899
1.132560
1.124215
1.133852
1.140111
1.146866
1.135640
1.132660
1.143091
1.164550
1.169220
1.172597
1.163755
1.163557
1.183724
1.181042
1.195050
1.227040
1.227536
1.247009
1.244624
1.259427
1.279495
1.276415
1.278700
1.279296
1.264295
1.251976
1.216310
1.220483
1.213131
1.227040
1.251181
1.252473
1.249095
1.248896
1.253466
1.217502
1.221178
1.220880
1.236478
1.234391
1.248797
1.249095
1.239160
1.210349
1.228033
1.228033
1.222966
1.226841
1.207270
1.185811
1.188990
1.208561
1.205084
1.210151
1.224258
1.239657
1.245816
1.263798
1.265388
1.269461
1.258632
1.252870
1.254261
1.257639
1.246611
1.235484
1.233795
1.230020
1.210945
1.184916
1.200613
1.206375
1.209257
1.216608
1.202402
1.200514
1.192566
1.210449
1.210250
1.207468
1.190281
1.184519
1.172399
1.167431
1.180645
1.181539
1.190778
1.200812
1.194752
1.203892
1.202799
1.201805
1.194752
1.191076
1.202302
1.200911
1.199819
1.212833
1.221874
1.222172
1.233497
1.240948
1.227338
1.221774
1.203494
1.214423
1.221178
1.232404
1.233299
1.248101
1.249095
1.257440
1.260818
1.262705
1.270057
1.261712
1.255652
1.261315
1.240452
1.230716
1.243929
1.267275
1.273534
1.261613
1.253069
1.260917
1.258831
1.279793
1.271945
1.268567
1.276316
1.299861
1.307809
1.305922
1.317545
1.310492
1.326785
1.328573
1.333043
1.323605
1.326785
1.348343
1.346257
1.345959
1.331454
1.342680
1.360066
1.357980
1.352516
1.353608
1.356390
1.348641
1.342382
1.350330
1.342481
1.356390
1.373279
1.385598
1.403183
1.404077
1.407653
1.408746
1.412919
1.402785
1.407653
1.405468
1.365629
1.370597
1.382121
1.394142
1.378545
1.390466
1.407157
1.405269
1.409541
1.416793
1.423549
1.439643
1.437557
1.430404
1.427026
1.418184
1.423946
1.412422
1.401196
1.415303
1.403779
1.391658
1.373577
1.376061
1.382916
1.402785
1.413415
1.413018
1.410236
1.406461
1.403580
1.400004
1.407554
1.401196
1.413217
1.388281
1.400004
1.383015
1.389771
1.389969
1.382518
1.383810
1.384009
1.396824
1.417091
1.425436
1.439047
1.454049
1.464679
1.454744
1.489714
1.502729
1.575352
1.559456
1.585187
1.499550
1.543660
1.533228
1.545249
1.565218
1.578332
1.573365
1.569590
1.557469
1.548230
1.532533
1.518922
1.548826
1.575948
1.583796
1.587770
1.614991
1.664764
1.671321
1.659896
1.644199
1.643405
1.638139
1.648968
1.642610
1.664069
1.673408
1.606646
1.645590
1.687118
1.692383
1.688111
1.705099
1.697648
1.680362
1.657810
1.644100
1.635060
1.662479
1.651949
1.639232
1.619661
1.629695
1.639331
1.656717
1.670527
1.692482
1.732420
1.758648
1.738182
1.750601
1.772457
1.792227
1.761926
1.785571
1.800274
1.759244
1.787856
1.821634
1.813289
1.807924
1.824813
1.876176
1.880050
1.913729
1.912636
1.925353
1.955356
1.979100
2.007712
1.994896
2.018739
2.038311
2.042583
2.092852
2.114808
2.155541
2.192895
2.168555
2.157329
2.228958
2.275354
2.251510
2.165078
2.199651
2.189617
2.136168
2.201638
2.263332
2.286580
2.282109
2.291448
2.211771
2.256179
2.275850
2.279129
2.226673
2.230548
2.195478
2.267406
2.335260
2.358507
2.367449
2.382351
2.386821
2.416526
2.451794
2.475042
2.548261
2.575283
2.620983
2.667279
2.682280
2.587900
2.604491
2.697977
2.764739
2.768713
2.748446
2.805471
2.811531
2.797126
2.842130
2.879684
2.937305
2.907700
2.827526
2.877498
2.812326
2.717549
2.746459
2.781131
2.694202
2.541903
2.449211
2.563958
2.465306
2.359699
2.276347
2.277142
2.202929
2.121564
2.212169
2.320060
2.435104
2.486268
2.376290
2.412850
2.521139
2.563759
2.586708
2.590682
2.661914
2.607174
2.423083
2.379370
2.462425
2.400432
2.401723
2.364468
2.461829
2.434011
2.412751
2.468286
2.569819
2.564454
2.526603
2.573396
2.580052
2.591378
2.456066
2.496302
2.449509
2.338538
2.202631
2.104079
2.084308
2.167164
2.256378
2.197763
2.096131
2.070499
2.077752
2.159912
2.237601
2.234522
2.242867
2.111430
2.037814
2.168058
2.150772
2.194385
2.267902
2.282010
2.255385
2.274360
2.206506
2.277738
2.254491
2.237601
2.330392
2.372217
2.470670
2.481897
2.448516
2.522232
2.542995
2.522629
2.567832
2.421394
2.498786
2.567137
2.594656
2.628732
2.565845
2.566640
2.595053
2.583927
2.597040
2.734835
2.719238
2.810538
2.861205
2.882366
2.921509
2.948333
2.884651
2.933828
2.918131
2.882267
2.972375
3.010723
2.972772
3.016088
3.080365
3.045793
2.895480
2.953797
2.913760
2.862695
2.940186
2.928960
2.966613
2.966811
2.986880
2.972276
2.922602
2.940186
2.974958
3.021751
3.091592
3.068444
3.102818
3.121098
3.080167
3.070232
3.096460
3.026917
3.041819
3.080564
3.025526
2.791761
2.727980
2.781032
2.561077
2.589192
2.454676
2.489149
2.408181
2.492030
2.414341
2.445337
2.536339
2.500177
2.424772
2.461332
2.508919
2.353639
2.353937
2.261942
2.332379
2.301681
2.375297
2.386027
2.425467
2.406293
2.428945
2.536538
2.562368
2.553228
2.559984
2.607671
2.625454
2.613433
2.442555
2.444145
2.349367
2.378873
2.470074
2.467094
2.430932
2.459842
2.460736
2.425666
2.410863
2.406194
2.467889
2.444641
2.432422
2.509217
2.583132
2.616214
2.627540
2.652576
2.642939
2.663702
2.652675
2.612638
2.694600
2.710296
2.669763
2.725397
2.742088
2.693109
2.665689
2.710594
2.686950
2.713575
2.737418
2.742982
2.726689
2.723212
2.609956
2.594967
2.627404
2.618841
2.639860
2.640638
2.636746
2.666848
2.742102
2.721342
2.726272
2.638303
2.583290
2.612094
2.622733
2.627404
2.622993
2.663993
2.658284
2.578878
2.581473
2.601714
2.664512
2.634151
2.613132
2.620657
2.621436
2.619879
2.710703
2.728089
2.736393
2.756893
2.765197
2.771165
2.745735
2.622474
2.636486
2.726272
2.708108
2.753519
2.762602
2.741842
2.773760
2.753779
2.731462
2.809052
2.824362
2.815020
2.824362
2.820729
2.857318
2.860951
2.889755
2.893388
2.890793
2.867179
2.889496
2.908180
2.908439
2.893129
2.875223
2.876780
2.882489
2.890534
2.863806
2.860173
2.899616
2.813204
2.815799
2.813204
2.777393
2.805678
2.808273
2.824362
2.815799
2.843305
2.872369
2.876002
2.857837
2.871850
2.921414
2.921933
2.932313
2.907401
2.909218
2.880673
2.893388
2.902471
2.912591
2.918559
2.929977
2.930237
2.925047
2.909996
2.888198
2.902471
2.952294
2.970199
2.961895
2.961636
2.883527
2.911812
2.891572
2.923749
2.928680
2.927382
2.958003
2.954110
2.904806
2.921673
2.926085
2.939060
2.961636
3.029883
3.041561
3.031440
3.041042
3.022618
3.009383
3.044156
3.028326
3.018206
2.995630
3.017947
3.023915
3.003415
3.003415
2.989921
2.979541
3.008864
2.986288
2.990440
2.983693
2.977206
2.990180
2.974611
3.009643
2.997706
2.987067
2.994332
3.001858
2.995370
2.980320
2.972016
2.980839
2.972794
2.975389
2.983174
2.980060
2.973054
2.951256
2.951515
2.919597
2.907661
2.916224
2.945028
2.928161
2.910774
2.809571
2.826957
2.805678
2.803343
2.831628
2.820729
2.807235
2.830331
2.829293
2.799710
2.811387
2.814501
2.802305
2.790109
2.798931
2.815280
2.838634
2.840710
2.820210
2.831887
2.822805
2.790109
2.755855
2.717190
2.655430
2.669443
2.678265
2.671778
2.702918
2.716411
2.710443
2.717449
2.731981
2.725753
2.744437
2.742621
2.749368
2.759488
2.771684
2.786995
2.778691
2.761564
2.775058
2.754557
2.777653
2.793741
2.802564
2.801786
2.807235
2.790887
2.796596
2.800748
2.805678
2.810609
2.832147
2.852907
2.840451
2.820729
2.826179
2.848495
2.837077
2.833185
2.849014
2.827476
2.832666
2.832406
2.822546
2.829033
2.849274
2.826438
2.821508
2.801267
2.759488
2.772982
2.809052
2.812425
2.814501
2.795298
2.807235
2.785438
2.793222
2.760526
2.736912
2.740804
2.731981
2.747292
2.744956
2.710962
2.726791
2.727310
2.725494
2.720563
2.709405
2.704734
2.687088
2.656987
2.622474
2.638562
2.611834
2.627145
2.632075
2.653354
2.694095
2.683715
2.677487
2.679044
2.679822
2.665291
2.662177
2.702139
2.704215
2.709146
2.686829
2.676708
2.674892
2.704994
2.756114
2.782324
2.799710
2.817875
2.835780
2.802045
2.791406
2.785697
2.812425
2.801526
2.850571
2.833963
2.865103
2.905844
2.908439
2.864844
2.893648
2.894945
2.874964
2.851609
2.902730
2.907661
2.900654
2.887160
2.896243
2.871331
2.874445
2.896762
2.851350
2.849793
2.867179
2.895205
2.883527
2.892091
2.877559
2.854983
2.870034
2.891053
2.908699
2.951256
2.943212
2.898059
2.866920
2.898059
2.902471
2.923490
2.912072
2.879375
2.913629
2.925306
2.932832
2.926344
2.935686
2.936984
2.948142
2.948402
2.924009
2.965009
2.999522
2.998484
2.997187
2.993554
3.003155
2.999782
3.034554
3.027289
3.001339
3.004193
3.007567
3.025732
3.035333
3.016649
3.013535
3.038447
3.033257
3.051422
3.050903
3.055833
3.064397
3.064656
3.060504
3.088530
3.111365
3.149252
3.144841
3.174423
3.188955
3.198297
3.186360
3.198556
3.240595
3.238778
3.221652
3.241114
3.246304
3.263690
3.309102
3.343096
3.353735
3.355811
3.336609
3.341539
3.357887
3.432882
3.454680
3.422242
3.465838
3.565485
3.562630
3.523187
3.511509
3.589358
3.569118
3.609599
3.678885
3.643853
3.499313
3.480110
3.410825
3.431844
3.389027
3.326229
3.335311
3.393179
3.391881
3.379166
3.343096
3.414458
3.493864
3.452604
3.513585
3.501129
3.471806
3.461426
3.536681
3.566263
3.621017
3.608821
3.588320
3.597662
3.520332
3.552250
3.575346
3.605966
3.611935
3.626726
3.615049
3.602852
3.658644
3.670062
3.665650
3.679404
3.669802
3.690303
3.661239
3.659941
3.645669
3.726892
3.742461
3.750765
3.721702
3.723259
3.626207
3.623352
3.631137
3.560554
3.603631
3.556921
3.454420
3.375793
3.373457
3.250196
3.344653
3.377869
3.415236
3.526560
3.524225
3.580535
3.547579
3.516180
3.546282
3.510212
3.534864
3.580276
3.544725
3.592472
3.620238
3.651119
3.596105
3.581833
3.618941
3.587282
3.596105
3.605188
3.575865
3.511509
3.393957
3.397590
3.432103
3.339982
3.392400
3.426913
3.426654
3.419388
3.418350
3.405894
3.451825
3.480370
3.443002
3.410825
3.396552
3.316627
3.316108
3.359444
3.300539
3.278741
3.380204
3.389805
3.312735
3.308064
3.342836
3.384356
3.379945
3.441445
3.484003
3.482705
3.491788
3.469990
3.522149
3.570415
3.555105
3.502946
3.515921
3.555105
3.562890
3.506319
3.472844
3.460129
3.489712
3.475439
3.420426
3.510731
3.443781
3.466357
3.501908
3.500610
3.486598
3.457794
3.428470
3.464021
3.433401
3.409008
3.385653
3.231512
3.279519
3.229955
3.245266
3.209715
3.212569
3.127454
3.078669
3.182208
3.106954
3.102024
3.057650
2.995370
3.020282
3.119929
3.141727
3.086454
3.165081
3.209715
3.198037
3.179094
3.163524
3.155999
3.181430
3.170271
3.237221
3.236443
3.181949
3.179094
3.144841
3.146916
3.092163
3.035852
2.966047
2.905325
2.990959
2.937503
3.027807
3.041561
3.041301
3.024694
2.946066
2.911553
2.845900
2.861211
2.920116
2.901173
2.913629
2.904806
2.990440
2.987326
2.951256
2.931794
2.909996
2.900654
2.935686
2.882749
2.845641
2.859654
2.804121
2.792963
2.769608
2.775577
2.776096
2.749887
2.805938
2.858875
2.855761
2.919338
2.911293
2.961895
2.943471
2.988623
2.863287
2.852388
2.825141
2.708367
2.759747
2.717968
2.674632
2.674892
2.615986
2.707589
2.828514
2.754038
2.726532
2.703437
2.673595
2.593929
2.590296
2.639081
2.677227
2.809052
2.822027
2.806457
2.782843
2.767792
2.758709
2.817615
2.839413
2.811906
2.835001
2.848236
2.854723
2.791147
2.812425
2.796855
2.736652
2.730684
2.739766
2.791147
2.762342
2.780507
2.857318
2.857318
2.872628
2.827736
2.818394
2.797374
2.804381
2.809830
2.853685
2.800748
2.774279
2.749368
2.703696
2.701361
2.690462
2.724196
2.721082
2.704994
2.672557
2.662436
2.633113
2.610277
2.650240
2.687867
2.680601
2.713816
2.744956
2.749108
2.738209
2.809830
2.801526
2.775317
2.832147
2.863027
2.842008
2.843565
2.866141
2.885084
2.878597
2.874185
2.852907
2.855242
2.912072
2.968642
3.002117
3.037409
3.063618
3.027548
3.140689
3.137575
3.146138
3.154442
3.238778
3.376052
3.319482
3.257203
3.282374
3.342317
3.376312
3.411344
3.414977
3.368786
3.308323
3.423799
3.483484
3.435996
3.418091
3.473104
3.591953
3.570675
3.550174
3.553548
3.547839
3.469211
3.429508
3.499572
3.498535
3.614530
3.733379
3.723259
3.752582
3.778272
3.769709
3.783981
3.804481
3.698347
3.663315
3.632694
3.700942
3.774120
3.815899
3.833285
3.803013
3.783618
3.790844
3.731136
3.696909
3.742165
3.751673
3.564945
3.630356
3.569508
3.514365
3.657358
3.614004
3.590045
3.720868
3.749011
3.656217
3.606398
3.662682
3.685120
3.612482
3.606017
3.649372
3.676373
3.662682
3.639103
3.643667
3.623131
3.587382
3.563423
3.508660
3.583579
3.703374
3.661541
3.651653
3.613243
3.598411
3.617426
3.687782
3.786280
3.802633
3.819747
3.774491
3.806436
3.856255
3.855115
3.958557
3.938781
3.894286
3.850931
3.876411
3.806056
3.797309
3.798450
3.787801
3.831916
3.835719
3.822028
3.825071
3.788942
3.815944
3.801492
3.846368
3.888201
3.909498
3.947148
3.949429
3.946767
3.926611
3.894286
3.863101
3.804535
3.766885
3.764223
3.818986
3.798450
3.854734
3.840663
3.844846
3.889342
3.904173
3.979093
3.987840
4.012179
4.000770
4.052111
3.998868
4.049068
4.058576
4.053632
4.040702
4.115621
4.127410
4.128171
4.154792
4.140721
4.172666
4.168863
4.120945
4.146806
4.157834
4.102310
4.125129
4.139960
4.150609
4.104973
4.136918
4.090141
4.045646
4.068083
4.032335
4.046406
4.055153
4.124748
4.134256
4.171145
4.138819
4.088239
4.104212
4.063139
4.049068
4.082154
4.043364
4.002291
4.058956
4.093564
4.066942
4.062759
4.051730
4.093564
4.140721
4.141481
4.128932
4.168103
4.177610
4.102310
4.081014
4.104212
4.125129
4.093944
4.121326
4.194343
4.182934
4.163919
4.108395
4.085197
4.124368
4.090521
4.106874
4.079873
4.102310
4.122847
4.133115
4.184075
4.223627
4.197386
4.227430
4.209936
4.214880
4.260516
4.305772
4.339618
4.332393
4.298546
4.271925
4.215260
4.265840
4.278390
4.273446
4.264699
4.309955
4.335815
4.442300
4.448765
4.452188
4.507331
4.467019
4.553728
4.553728
4.621422
4.609632
4.606970
4.614957
4.630929
4.680368
4.648043
4.682650
4.552968
4.246445
4.447244
4.500866
4.635493
4.656029
4.679228
4.676565
4.739695
4.707370
4.694059
4.805868
4.819178
4.787233
4.837813
4.864815
4.877365
4.889534
4.773162
4.822981
4.659452
4.795600
4.819178
4.829447
4.905507
4.848462
4.662114
4.744259
4.690256
4.575786
4.522163
4.302729
4.284475
4.235416
4.182934
4.275348
4.111057
4.205752
4.352549
4.345703
4.363197
4.310716
4.352168
4.333153
4.394382
4.381452
4.493260
4.470442
4.531290
4.461315
4.437356
4.556010
4.506951
4.540418
4.608872
4.642338
4.601646
4.654888
4.643860
4.598223
4.638535
4.695200
4.697862
4.732470
4.778867
4.808530
4.874322
4.856448
4.923761
4.993356
4.919578
4.907028
4.959129
5.041655
4.969397
4.931367
4.835531
4.874322
4.974722
4.912352
4.890675
5.007428
5.140913
5.064093
5.083108
5.090714
5.118095
5.113532
5.151182
5.190353
5.191493
5.216974
5.201762
5.275920
5.282766
5.263751
5.351220
5.329543
5.391532
5.423477
5.467973
5.566471
5.605642
5.635685
5.682843
5.814047
5.876416
5.953617
6.081399
6.066947
6.208039
6.149473
6.163544
5.878318
5.959322
6.074553
6.155938
6.185601
6.249872
5.953617
6.006479
6.062384
6.226674
6.237702
6.269648
6.395147
6.394387
6.463221
6.431276
6.436220
6.402753
6.314904
6.212603
6.232378
6.310720
6.363582
6.407697
6.282198
6.198912
6.282198
6.446868
6.427092
6.389062
6.500491
6.658316
6.591763
6.676570
6.668204
6.649569
6.594045
6.381076
6.395147
6.204616
6.212983
6.362822
6.424811
6.492504
6.477292
6.544225
6.588340
6.526731
6.451812
6.551071
6.381837
6.383358
6.378034
6.422529
6.448009
6.646907
6.826409
6.885356
6.842382
6.801689
6.736658
6.674669
6.790280
6.759476
6.711178
6.573128
6.655654
6.728671
6.869383
6.953810
6.881553
7.015799
7.030250
7.077027
7.190738
7.183892
7.269460
7.244740
7.117720
7.164497
7.106311
7.173244
7.140918
7.094902
7.160313
7.210133
7.250065
7.169821
7.057632
7.026447
7.092620
7.070562
7.228007
7.223443
7.235993
7.288855
7.266037
7.272122
7.185033
7.195301
7.154229
7.231049
7.283151
7.294560
7.316998
7.265657
7.390776
7.303687
7.378226
7.331829
7.398762
7.399143
7.382029
7.459991
7.594618
7.683228
7.886689
7.896957
8.046416
8.070375
8.061247
8.242271
8.179141
8.025119
8.036528
8.133124
8.026260
8.105743
8.257863
8.316049
8.392490
8.215650
8.286386
8.044134
8.004582
8.177619
8.293231
8.298175
8.285625
8.293992
8.404659
8.563625
8.643108
8.562484
8.521792
8.296274
8.401997
8.253680
8.271554
8.069994
8.221734
8.165830
8.251018
8.027020
8.028922
7.831165
7.638733
7.633028
7.797698
7.831545
7.636831
7.687411
7.755105
7.786670
7.632267
7.722779
7.683988
7.561531
7.612872
7.784768
7.820517
7.852082
7.852842
7.918254
7.933466
7.933466