1.000000
1.000000
1.003000
1.004000
1.003000
1.006000
1.013000
1.016000
1.016000
1.016000
1.016000
1.016000
1.011000
1.011000
1.011000
1.011000
1.011000
1.023000
1.023000
1.023000
1.023000
1.023000
1.018000
1.018000
1.018000
1.018000
1.040000
1.057000
1.060000
1.058000
1.067000
1.062000
1.075000
1.068000
1.045000
1.056000
1.027000
1.017000
1.029000
1.010000
1.013000
1.042000
1.040000
0.990000
1.026000
1.047000
1.038000
1.032000
1.020000
1.002000
0.988000
0.996000
1.008000
1.000000
1.010000
1.040000
1.045000
1.056000
1.049000
1.046000
1.047000
1.019000
1.019000
1.012000
0.994000
0.989000
0.992000
1.006000
1.004000
0.989000
0.990000
0.971000
0.981000
0.979000
0.985000
1.007000
0.995000
0.968000
0.984000
0.972000
0.958000
0.959000
0.970000
0.978000
0.976000
0.989000
0.984000
0.986000
0.985000
0.971000
0.977000
0.990000
1.006000
1.022000
1.023000
1.016000
1.003000
1.016000
1.029000
1.041000
1.047000
1.047000
1.035000
1.024000
1.011000
1.010000
0.994000
0.981000
0.961000
0.973000
0.973000
0.968000
0.958000
0.929000
0.930000
0.882000
0.882000
0.886000
0.884000
0.890000
0.900000
0.914000
0.912000
0.914000
0.910000
0.892000
0.886000
0.903000
0.936000
0.921000
0.935000
0.949000
0.940000
0.938000
0.931000
0.948000
0.969000
0.970000
0.959000
0.955000
0.934000
0.930000
0.935000
0.960000
0.965000
0.987000
0.993000
0.986000
0.985000
0.989000
1.006000
1.001000
1.002000
0.984000
0.972000
0.987000
0.990000
0.986000
0.989000
0.981000
0.997000
0.997000
0.988000
0.984000
0.973000
0.979000
0.999000
0.995000
0.994000
0.999000
1.021000
1.030000
1.024000
1.044000
1.052000
1.052000
1.027000
1.023000
1.035000
1.030000
1.025000
1.005000
1.017000
1.024000
1.034000
1.038000
1.024000
1.045000
1.052000
1.041000
1.016000
1.006000
1.006000
1.027000
1.017000
1.003000
0.999000
0.979000
0.972000
0.975000
0.989000
0.974000
0.979000
0.981000
0.986000
0.973000
0.964000
0.958000
0.967000
0.979000
0.957000
0.964000
0.985000
1.022000
1.018000
1.023000
1.020000
1.022000
1.018000
1.018000
1.031000
1.045000
1.051000
1.036000
1.050000
1.067000
1.063000
1.053000
1.057000
1.065000
1.051000
1.053000
1.055000
1.038000
1.034000
1.035000
1.022000
1.005000
1.009000
1.019000
1.028000
1.012000
1.037000
1.035000
1.043000
1.048000
1.035000
1.015000
1.017000
1.024000
1.009000
0.998000
0.991000
1.006000
1.011000
1.009000
0.993000
0.992000
1.001000
1.022000
1.025000
1.031000
1.023000
1.026000
1.034000
1.023000
1.029000
1.056000
1.059000
1.069000
1.055000
1.067000
1.080000
1.069000
1.073000
1.052000
1.046000
1.034000
1.005000
1.006000
0.997000
1.009000
1.025000
1.027000
1.011000
1.012000
1.008000
0.982000
0.993000
0.997000
1.012000
1.016000
1.030000
1.024000
1.014000
0.990000
1.019000
1.025000
1.023000
1.032000
1.024000
1.016000
1.025000
1.039000
1.041000
1.040000
1.054000
1.072000
1.077000
1.097000
1.093000
1.092000
1.074000
1.073000
1.070000
1.070000
1.061000
1.054000
1.053000
1.049000
1.033000
1.006000
1.020000
1.022000
1.021000
1.024000
1.012000
1.010000
1.001000
1.023000
1.022000
1.020000
1.004000
0.998000
0.988000
0.990000
1.000000
1.002000
1.016000
1.023000
1.018000
1.036000
1.036000
1.032000
1.029000
1.016000
1.029000
1.027000
1.027000
1.039000
1.040000
1.045000
1.060000
1.069000
1.060000
1.057000
1.049000
1.054000
1.053000
1.059000
1.059000
1.067000
1.068000
1.080000
1.085000
1.088000
1.102000
1.106000
1.105000
1.105000
1.090000
1.082000
1.087000
1.097000
1.095000
1.092000
1.085000
1.087000
1.092000
1.102000
1.097000
1.105000
1.110000
1.131000
1.135000
1.141000
1.152000
1.143000
1.159000
1.157000
1.150000
1.137000
1.141000
1.159000
1.161000
1.159000
1.151000
1.163000
1.171000
1.167000
1.162000
1.153000
1.156000
1.150000
1.140000
1.145000
1.142000
1.154000
1.167000
1.178000
1.193000
1.196000
1.206000
1.200000
1.197000
1.188000
1.197000
1.191000
1.162000
1.166000
1.173000
1.185000
1.173000
1.180000
1.205000
1.200000
1.199000
1.201000
1.202000
1.218000
1.212000
1.201000
1.197000
1.186000
1.202000
1.188000
1.183000
1.193000
1.183000
1.178000
1.169000
1.176000
1.172000
1.189000
1.204000
1.210000
1.230000
1.231000
1.220000
1.222000
1.223000
1.218000
1.245000
1.230000
1.244000
1.247000
1.249000
1.243000
1.233000
1.243000
1.244000
1.261000
1.288000
1.309000
1.333000
1.342000
1.354000
1.354000
1.392000
1.406000
1.469000
1.454000
1.484000
1.390000
1.426000
1.407000
1.414000
1.445000
1.489000
1.496000
1.514000
1.508000
1.488000
1.453000
1.427000
1.462000
1.501000
1.491000
1.483000
1.519000
1.563000
1.576000
1.573000
1.545000
1.554000
1.557000
1.574000
1.567000
1.597000
1.611000
1.522000
1.557000
1.622000
1.629000
1.640000
1.648000
1.640000
1.610000
1.591000
1.579000
1.556000
1.591000
1.576000
1.564000
1.551000
1.557000
1.564000
1.575000
1.579000
1.592000
1.610000
1.626000
1.608000
1.626000
1.630000
1.648000
1.624000
1.661000
1.655000
1.630000
1.668000
1.685000
1.686000
1.719000
1.742000
1.796000
1.808000
1.837000
1.821000
1.843000
1.881000
1.917000
1.907000
1.907000
1.906000
1.936000
1.937000
1.989000
2.015000
2.033000
2.064000
2.035000
1.997000
2.061000
2.100000
2.076000
2.013000
2.063000
2.053000
1.993000
2.055000
2.112000
2.118000
2.108000
2.140000
2.080000
2.110000
2.111000
2.127000
2.071000
2.083000
2.050000
2.111000
2.199000
2.224000
2.230000
2.276000
2.271000
2.304000
2.362000
2.412000
2.453000
2.461000
2.541000
2.587000
2.596000
2.466000
2.502000
2.641000
2.711000
2.705000
2.681000
2.704000
2.695000
2.667000
2.707000
2.724000
2.755000
2.671000
2.587000
2.641000
2.528000
2.404000
2.455000
2.477000
2.368000
2.197000
2.098000
2.245000
2.162000
2.064000
1.975000
1.995000
1.954000
1.820000
1.931000
2.044000
2.142000
2.200000
2.071000
2.091000
2.202000
2.231000
2.250000
2.246000
2.298000
2.247000
2.064000
1.994000
2.058000
1.988000
1.974000
1.940000
2.028000
2.069000
2.082000
2.140000
2.237000
2.225000
2.175000
2.206000
2.230000
2.261000
2.106000
2.137000
2.066000
1.955000
1.809000
1.716000
1.730000
1.827000
1.898000
1.862000
1.793000
1.772000
1.775000
1.782000
1.784000
1.783000
1.783000
1.780272
1.781636
1.819833
1.810284
1.828019
1.877130
1.886679
1.863488
1.878494
1.849846
1.881222
1.859395
1.860759
1.918055
1.972623
2.027191
2.024462
1.994450
2.047654
2.062660
2.051746
2.076302
1.993086
2.034012
2.077666
2.098129
2.107678
2.083123
2.096765
2.125413
2.114499
2.102221
2.209993
2.200443
2.252283
2.289116
2.293208
2.324585
2.324585
2.290480
2.324585
2.323221
2.286387
2.339591
2.369603
2.361418
2.361418
2.395523
2.379153
2.286387
2.298665
2.316400
2.325949
2.380517
2.350505
2.368239
2.330042
2.349140
2.336863
2.308215
2.338227
2.347776
2.355961
2.396887
2.390066
2.425535
2.437813
2.435085
2.424171
2.443270
2.391430
2.414622
2.418714
2.398251
2.229091
2.205900
2.244097
2.102221
2.115863
2.005364
2.031283
1.979444
2.044925
1.993086
2.031283
2.089944
2.065388
2.010820
2.021734
2.034012
1.919420
1.904413
1.858031
1.922148
1.930333
1.976716
1.984901
2.014913
1.988993
1.986265
2.054475
2.059931
2.057203
2.058567
2.092672
2.055839
2.050382
1.905778
1.911234
1.836204
1.867580
1.941247
1.941247
1.904413
1.919420
1.938518
1.913963
1.889407
1.896228
1.950796
1.958981
1.949432
2.008092
2.049018
2.076302
2.088579
2.103586
2.091308
2.107678
2.088579
2.058567
2.136326
2.143147
2.130869
2.177252
2.200443
2.163610
2.132234
2.189530
2.164974
2.185437
2.201808
2.200443
2.182709
2.185437
2.115863
2.099493
2.137690
2.128141
2.143147
2.134962
2.130869
2.141783
2.200443
2.199079
2.207264
2.137690
2.088579
2.094036
2.098129
2.111771
2.110407
2.137690
2.140419
2.073573
2.089944
2.107678
2.154061
2.137690
2.134962
2.143147
2.144511
2.137690
2.208628
2.235912
2.238641
2.253647
2.272746
2.272746
2.265925
2.182709
2.184073
2.260468
2.272746
2.301394
2.319128
2.304122
2.316400
2.297301
2.286387
2.345048
2.347776
2.350505
2.343684
2.342319
2.376424
2.376424
2.375060
2.402344
2.383245
2.365511
2.379153
2.402344
2.399615
2.395523
2.384609
2.388702
2.387338
2.388702
2.372332
2.379153
2.411893
2.366875
2.375060
2.365511
2.334134
2.362782
2.379153
2.387338
2.372332
2.390066
2.426899
2.420078
2.398251
2.409165
2.456912
2.452819
2.466461
2.450091
2.455547
2.447362
2.451455
2.456912
2.456912
2.467825
2.470554
2.482831
2.474646
2.467825
2.455547
2.455547
2.491016
2.507387
2.499202
2.500566
2.451455
2.462368
2.448726
2.477374
2.482831
2.480103
2.489652
2.488288
2.455547
2.473282
2.485560
2.497837
2.512844
2.567411
2.572868
2.571504
2.564683
2.553769
2.542856
2.574232
2.559226
2.560590
2.548313
2.570140
2.564683
2.548313
2.544220
2.533306
2.518300
2.529214
2.508568
2.513729
2.496524
2.479318
2.501686
2.489642
2.506847
2.499965
2.501686
2.506847
2.513729
2.498244
2.487921
2.477598
2.499965
2.491362
2.481039
2.494803
2.493083
2.489642
2.477598
2.477598
2.455231
2.450069
2.448348
2.462113
2.441466
2.420819
2.339953
2.339953
2.315866
2.314145
2.353718
2.350277
2.348556
2.367482
2.367482
2.355438
2.358880
2.355438
2.346836
2.345115
2.358880
2.367482
2.381247
2.379526
2.374365
2.372644
2.367482
2.336512
2.315866
2.281455
2.229838
2.245323
2.247044
2.243602
2.272852
2.283175
2.274572
2.284896
2.302101
2.298660
2.319307
2.303822
2.307263
2.317586
2.317586
2.334792
2.333071
2.317586
2.329630
2.315866
2.329630
2.346836
2.350277
2.369203
2.382967
2.374365
2.372644
2.376085
2.369203
2.379526
2.398452
2.420819
2.417378
2.400173
2.400173
2.417378
2.400173
2.393291
2.405334
2.382967
2.384688
2.388129
2.388129
2.386408
2.408776
2.389850
2.379526
2.353718
2.315866
2.308983
2.339953
2.351997
2.360600
2.341674
2.351997
2.348556
2.357159
2.333071
2.315866
2.305542
2.302101
2.310704
2.310704
2.298660
2.296940
2.279734
2.279734
2.288337
2.281455
2.269411
2.264249
2.247044
2.231559
2.233279
2.207471
2.205750
2.205750
2.224676
2.264249
2.257367
2.257367
2.238441
2.217794
2.191986
2.195427
2.235000
2.238441
2.202309
2.131766
2.131766
2.159295
2.164457
2.231559
2.236720
2.247044
2.228117
2.253926
2.238441
2.265970
2.264249
2.260808
2.259087
2.265970
2.241882
2.248764
2.286616
2.281455
2.278013
2.283175
2.278013
2.291778
2.284896
2.269411
2.253926
2.240161
2.216074
2.200589
2.195427
2.190265
2.198868
2.119723
2.118002
2.142090
2.155854
2.148972
2.135208
2.142090
2.140369
2.195427
2.205750
2.224676
2.222956
2.198868
2.200589
2.186824
2.207471
2.212632
2.226397
2.209191
2.185104
2.240161
2.247044
2.262529
2.288337
2.276293
2.272852
2.260808
2.243602
2.229838
2.248764
2.262529
2.248764
2.260808
2.260808
2.272852
2.293498
2.290057
2.308983
2.310704
2.307263
2.312425
2.324468
2.334792
2.322748
2.303822
2.319307
2.298660
2.314145
2.298660
2.295219
2.276293
2.269411
2.267690
2.269411
2.274572
2.305542
2.341674
2.343395
2.345115
2.345115
2.296940
2.291778
2.283175
2.281455
2.296940
2.312425
2.312425
2.334792
2.343395
2.350277
2.336512
2.327910
2.336512
2.329630
2.357159
2.410496
2.422540
2.417378
2.424261
2.467274
2.486201
2.460392
2.453510
2.467274
2.434584
2.458672
2.489642
2.460392
2.381247
2.372644
2.331351
2.360600
2.364041
2.329630
2.389850
2.391570
2.353718
2.389850
2.377806
2.403614
2.429422
2.425981
2.448348
2.444907
2.431143
2.420819
2.424261
2.419099
2.432863
2.408776
2.377806
2.379526
2.360600
2.377806
2.379526
2.415658
2.432863
2.451789
2.453510
2.432863
2.451789
2.465554
2.470716
2.455231
2.417378
2.427702
2.405334
2.408776
2.389850
2.458672
2.451789
2.503406
2.508568
2.501686
2.455231
2.436304
2.408776
2.331351
2.346836
2.333071
2.248764
2.222956
2.265970
2.193706
2.272852
2.283175
2.298660
2.353718
2.329630
2.400173
2.422540
2.415658
2.468995
2.427702
2.432863
2.443187
2.429422
2.465554
2.515450
2.555023
2.513729
2.487921
2.501686
2.472436
2.499965
2.510288
2.467274
2.429422
2.322748
2.396732
2.448348
2.403614
2.434584
2.499965
2.520612
2.501686
2.481039
2.501686
2.472436
2.496524
2.484480
2.498244
2.530935
2.470716
2.542979
2.539538
2.489642
2.403614
2.503406
2.520612
2.482759
2.513729
2.472436
2.529214
2.544699
2.634168
2.659976
2.661697
2.678903
2.635889
2.620404
2.659976
2.659976
2.634168
2.670300
2.716755
2.716755
2.685785
2.649653
2.622124
2.644491
2.639330
2.606639
2.625565
2.575669
2.629007
2.733960
2.754607
2.735681
2.718475
2.711593
2.754607
2.746004
2.706431
2.658256
2.524053
2.570508
2.537817
2.582552
2.575669
2.618683
2.567067
2.518891
2.641050
2.610080
2.627286
2.582552
2.537817
2.534376
2.613522
2.629007
2.568787
2.644491
2.699549
2.704711
2.690946
2.672020
2.665138
2.687505
2.694388
2.740843
2.742563
2.701270
2.685785
2.649653
2.654815
2.611801
2.568787
2.508568
2.462113
2.522332
2.463833
2.539538
2.555023
2.563625
2.555023
2.508568
2.477598
2.429422
2.438025
2.472436
2.453510
2.460392
2.446628
2.508568
2.517171
2.498244
2.470716
2.462113
2.444907
2.468995
2.427702
2.405334
2.407055
2.369203
2.362321
2.350277
2.364041
2.358880
2.322748
2.360600
2.396732
2.398452
2.441466
2.429422
2.450069
2.429422
2.448348
2.358880
2.339953
2.324468
2.241882
2.257367
2.236720
2.198868
2.217794
2.188545
2.245323
2.319307
2.264249
2.265970
2.262529
2.255646
2.210912
2.214353
2.236720
2.260808
2.346836
2.341674
2.336512
2.319307
2.305542
2.302101
2.355438
2.362321
2.355438
2.370923
2.393291
2.401893
2.353718
2.364041
2.360600
2.296940
2.308983
2.312425
2.351997
2.326189
2.346836
2.417378
2.429422
2.450069
2.412217
2.412217
2.412217
2.420819
2.425981
2.463833
2.425981
2.408776
2.382967
2.355438
2.350277
2.336512
2.369203
2.367482
2.358880
2.345115
2.341674
2.315866
2.283175
2.326189
2.362321
2.353718
2.374365
2.386408
2.384688
2.367482
2.420819
2.431143
2.417378
2.453510
2.468995
2.444907
2.453510
2.468995
2.489642
2.486201
2.489642
2.474157
2.467274
2.517171
2.556743
2.591154
2.629007
2.641050
2.608360
2.692667
2.675461
2.678903
2.670300
2.744284
2.861281
2.819988
2.775254
2.802782
2.838914
2.878487
2.904295
2.912898
2.875046
2.807944
2.928383
3.000646
2.971397
2.942147
2.997205
3.084953
3.074630
3.052263
3.059145
3.043660
2.985161
2.942147
2.978279
2.971397
3.069468
3.176143
3.164099
3.188187
3.195069
3.184745
3.179584
3.189907
3.114203
3.095277
3.062586
3.119364
3.164099
3.169260
3.183025
3.134849
3.115923
3.127967
3.078071
3.055704
3.093556
3.105600
2.954191
2.992043
2.954191
2.909457
3.026454
2.988602
2.964515
3.057424
3.074630
2.997205
2.962794
3.000646
3.010970
2.954191
2.949030
2.981720
3.010970
3.009249
2.990323
2.993764
2.971397
2.942147
2.936986
2.897413
2.938706
3.023013
3.002367
2.992043
2.964515
2.954191
2.973117
3.028175
3.096997
3.119364
3.134849
3.107321
3.126247
3.162378
3.155496
3.238083
3.222598
3.191628
3.160658
3.183025
3.121085
3.117644
3.117644
3.110762
3.138290
3.158937
3.155496
3.153775
3.117644
3.145173
3.145173
3.181304
3.224318
3.244965
3.262170
3.262170
3.263891
3.248406
3.224318
3.201951
3.162378
3.150334
3.148614
3.188187
3.167540
3.229480
3.207113
3.227759
3.269053
3.291420
3.360242
3.365404
3.384330
3.386050
3.415300
3.387771
3.425623
3.422182
3.420461
3.410138
3.472078
3.489284
3.496166
3.527136
3.509930
3.549503
3.547782
3.504768
3.525415
3.530577
3.482401
3.503048
3.535738
3.539180
3.504768
3.534018
3.478960
3.451431
3.473799
3.447990
3.456593
3.468637
3.521974
3.527136
3.558106
3.527136
3.497886
3.513371
3.477240
3.453152
3.487563
3.453152
3.420461
3.463475
3.506489
3.477240
3.468637
3.456593
3.492725
3.537459
3.534018
3.518533
3.554665
3.564988
3.494445
3.478960
3.496166
3.521974
3.508210
3.539180
3.595958
3.585635
3.559826
3.509930
3.484122
3.509930
3.491004
3.501327
3.487563
3.501327
3.515092
3.521974
3.564988
3.606281
3.604561
3.630369
3.611443
3.613163
3.652736
3.704353
3.733602
3.740484
3.714676
3.695750
3.638972
3.690588
3.709514
3.714676
3.697471
3.728441
3.749087
3.843718
3.859203
3.854041
3.897055
3.845438
3.905658
3.912540
3.967598
3.958995
3.957274
3.971039
3.986524
4.029537
3.979641
4.024376
3.917701
3.637251
3.800704
3.838556
3.945230
3.986524
4.024376
4.032979
4.091477
4.062228
4.051905
4.149976
4.191270
4.167182
4.223960
4.258371
4.275577
4.303106
4.184387
4.253209
4.082875
4.234283
4.254930
4.279018
4.349561
4.308267
4.112124
4.206755
4.146535
4.050184
4.012332
3.817909
3.805865
3.764572
3.747367
3.817909
3.675103
3.749087
3.864364
3.857482
3.879849
3.821350
3.857482
3.833394
3.883290
3.876408
3.983083
3.948671
3.989965
3.924584
3.914260
4.017494
3.993406
4.024376
4.050184
4.096639
4.065669
4.106962
4.110404
4.069110
4.091477
4.134491
4.151697
4.192990
4.227401
4.248048
4.303106
4.289341
4.335796
4.377089
4.330634
4.309988
4.347840
4.406339
4.340958
4.294503
4.215357
4.251489
4.330634
4.291062
4.294503
4.377089
4.504410
4.444191
4.454514
4.461397
4.468279
4.471720
4.494087
4.526778
4.531939
4.542263
4.513013
4.597320
4.590438
4.592159
4.647216
4.628290
4.664422
4.673025
4.671304
4.764214
4.851962
4.889814
4.956916
5.103163
5.185750
5.270057
5.392216
5.352643
5.473082
5.400819
5.361246
5.128971
5.201235
5.333717
5.399098
5.438671
5.438671
5.166824
5.211558
5.282101
5.450715
5.428348
5.479964
5.622770
5.607285
5.670946
5.695034
5.700195
5.681269
5.617609
5.522978
5.550507
5.643417
5.726004
5.762135
5.670946
5.590080
5.665784
5.798267
5.763856
5.693313
5.763856
5.882574
5.843001
5.906662
5.882574
5.822355
5.786223
5.638255
5.641697
5.461038
5.452436
5.553948
5.610727
5.658902
5.636535
5.667505
5.727724
5.669225
5.591801
5.634814
5.485126
5.479964
5.478244
5.519537
5.528140
5.676108
5.827516
5.855045
5.824075
5.789664
5.726004
5.686431
5.756974
5.734606
5.682990
5.590080
5.681269
5.738048
5.865369
5.932470
5.861927
6.004733
6.042586
6.099364
6.178509
6.164745
6.243890
6.218082
6.120011
6.157863
6.121731
6.169907
6.154422
6.126893
6.183671
6.212920
6.245611
6.200877
6.104526
6.070115
6.114849
6.104526
6.218082
6.221523
6.238729
6.281743
6.262817
6.255934
6.161304
6.181951
6.130334
6.197436
6.243890
6.245611
6.267978
6.226685
6.309272
6.190553
6.257655
6.252493
6.285184
6.288625
6.267978
6.335080
6.452078
6.548429
6.704999
6.720484
6.806512
6.821997
6.823717
6.964803
6.916627
6.803071
6.813394
6.877054
6.784144
6.859849
6.971685
7.012978
7.033625
6.858128
6.916627
6.710161
6.665426
6.772101
6.906304
6.859849
6.823717
6.821997
6.914907
7.064595
7.109329
7.062874
7.069756
6.868452
6.918348
6.847805
6.851246
6.696396
6.806512
6.782424
6.866731
6.698117
6.696396
6.553590
6.410784
6.386696
6.512297
6.510576
6.397020
6.426269
6.491650
6.514017
6.376373
6.472724
6.457239
6.355726
6.398740
6.527782
6.532944
6.536385
6.538105
6.589722
6.601766
6.601766