1.009000
1.027500
1.022100
1.006300
1.020700
1.022400
0.998900
1.028900
1.031600
1.023000
1.018100
1.030500
1.026300
1.045500
1.037200
1.049900
1.067100
1.077400
1.058800
1.082900
1.119600
1.135600
1.137100
1.145900
1.167500
1.183300
1.146800
1.116500
1.146600
1.170300
1.196800
1.159700
1.158400
1.093100
1.066100
1.099500
1.107800
1.164400
1.163800
1.145200
1.107700
1.121000
1.115600
1.110600
1.106400
1.115800
1.150100
1.158600
1.173200
1.164700
1.191000
1.191000
1.166300
1.183000
1.191600
1.182900
1.202000
1.211300
1.220600
1.211000
1.220600
1.190800
1.212100
1.245600
1.260500
1.276300
1.284400
1.275600
1.257500
1.277700
1.271500
1.227300
1.237400
1.235600
1.200300
1.204900
1.238100
1.256600
1.280000
1.286300
1.305200
1.292421
1.284840
1.245528
1.274010
1.270761
1.267729
1.274552
1.289930
1.300110
1.300652
1.287764
1.284515
1.295670
1.292313
1.300327
1.319928
1.320795
1.330108
1.332058
1.327184
1.314947
1.315055
1.321986
1.312131
1.294912
1.313214
1.308882
1.320253
1.332924
1.337581
1.329025
1.331408
1.340613
1.344187
1.347653
1.366821
1.358699
1.383174
1.395737
1.415555
1.426276
1.414364
1.419454
1.438189
1.439597
1.430825
1.461473
1.470678
1.470245
1.476093
1.499702
1.480425
1.504359
1.514322
1.526776
1.548436
1.547353
1.476093
1.503926
1.539556
1.566955
1.572232
1.554929
1.517010
1.467310
1.470500
1.474795
1.412333
1.425832
1.396257
1.323364
1.334900
1.291458
1.336250
1.357479
1.373064
1.339931
1.366315
1.361038
1.327537
1.260166
1.259184
1.270229
1.315388
1.323978
1.334409
1.356988
1.370242
1.355639
1.376868
1.399816
1.402516
1.390122
1.413928
1.374169
1.387422
1.366438
1.340422
1.340299
1.334654
1.307902
1.307411
1.316492
1.363370
1.368892
1.383495
1.384477
1.388281
1.392576
1.418224
1.432949
1.429268
1.425832
1.448534
1.453197
1.422887
1.426323
1.401657
1.419451
1.460929
1.476023
1.479213
1.479336
1.483631
1.489767
1.492344
1.494062
1.491976
1.494675
1.535908
1.531613
1.530263
1.534803
1.539589
1.552965
1.503020
1.532963
1.480072
1.446816
1.495657
1.521182
1.532104
1.535294
1.534926
1.543148
1.533822
1.520936
1.522409
1.520691
1.523882
1.519832
1.513574
1.481054
1.446571
1.451357
1.433686
1.452461
1.485717
1.490994
1.504370
1.512346
1.514187
1.516273
1.508297
1.516273
1.509769
1.481299
1.488540
1.490748
1.510751
1.488417
1.510874
1.514801
1.524372
1.522286
1.483631
1.483876
1.459579
1.446694
1.417365
1.405952
1.414297
1.418960
1.407425
1.402884
1.425218
1.427795
1.403252
1.400184
1.404111
1.419083
1.418224
1.428409
1.426568
1.426814
1.445712
1.459701
1.460070
1.469150
1.470500
1.478845
1.447430
1.446816
1.457124
1.459211
1.449639
1.445098
1.432949
1.419328
1.427673
1.450743
1.450130
1.457370
1.467187
1.462156
1.469150
1.452952
1.467310
1.488908
1.498725
1.498479
1.515169
1.518114
1.513328
1.504738
1.494553
1.510137
1.506824
1.507438
1.515414
1.512837
1.502161
1.455161
1.464365
1.493203
1.494553
1.485472
1.484122
1.464978
1.456511
1.436017
1.413192
1.411597
1.429022
1.410983
1.399693
1.368892
1.343367
1.330727
1.356375
1.357479
1.317351
1.333182
1.333918
1.320787
1.338949
1.374537
1.360302
1.356007
1.372573
1.374291
1.353798
1.333918
1.343367
1.342876
1.347539
1.347294
1.355639
1.377973
1.382759
1.373801
1.358093
1.331095
1.354534
1.359197
1.354902
1.353921
1.341649
1.329868
1.291213
1.288881
1.276364
1.273910
1.269738
1.287286
1.297962
1.293054
1.325082
1.336372
1.326432
1.327291
1.314652
1.321156
1.346312
1.366438
1.364106
1.371346
1.373310
1.384845
1.384722
1.405093
1.408038
1.403743
1.422028
1.408161
1.422028
1.424973
1.438349
1.446694
1.415647
1.421905
1.410738
1.427427
1.445589
1.457861
1.453320
1.450130
1.421046
1.427673
1.438226
1.424605
1.433686
1.450866
1.484981
1.496271
1.484735
1.507683
1.516519
1.510260
1.514923
1.530754
1.517010
1.526877
1.538858
1.544074
1.523353
1.500235
1.502209
1.487831
1.482615
1.514190
1.518701
1.504323
1.523353
1.560425
1.552813
1.561694
1.575649
1.555492
1.565923
1.542241
1.576072
1.586362
1.585234
1.598766
1.629214
1.620333
1.603418
1.603700
1.606096
1.652754
1.637806
1.601438
1.628406
1.643354
1.662154
1.672017
1.680955
1.669859
1.582791
1.610684
1.566302
1.514215
1.536098
1.580634
1.598972
1.601592
1.635032
1.629022
1.626556
1.632412
1.598201
1.598201
1.592345
1.582483
1.568305
1.585565
1.579555
1.556440
1.575240
1.614382
1.631179
1.634416
1.638576
1.636419
1.619776
1.631950
1.619776
1.594811
1.572951
1.551091
1.538623
1.551253
1.553358
1.577647
1.604527
1.600640
1.585743
1.581695
1.542185
1.545909
1.549472
1.553844
1.533765
1.488911
1.491340
1.519839
1.483892
1.491178
1.464137
1.450211
1.465918
1.480005
1.485835
1.500408
1.496684
1.472719
1.514496
1.521135
1.550281
1.545100
1.563721
1.564855
1.552225
1.567284
1.535222
1.535384
1.538137
1.540566
1.558702
1.565826
1.563883
1.546233
1.563721
1.584610
1.589144
1.593678
1.576837
1.565664
1.571656
1.552710
1.572465
1.555625
1.569065
1.560645
1.566960
1.581695
1.584286
1.593354
1.582667
1.561130
1.563559
1.546719
1.560159
1.553358
1.566960
1.579752
1.568579
1.564369
1.575542
1.571008
1.566150
1.560807
1.537165
1.541052
1.553196
1.549634
1.534737
1.524049
1.518058
1.494903
1.516115
1.525507
1.497817
1.501866
1.505914
1.513038
1.519030
1.518058
1.510286
1.512391
1.504780
1.499275
1.509152
1.502189
1.501866
1.462356
1.460898
1.443086
1.433371
1.417502
1.406815
1.424141
1.430456
1.421388
1.434018
1.439362
1.445839
1.423979
1.426570
1.428189
1.446487
1.432237
1.419931
1.412806
1.406167
1.422036
1.422198
1.439686
1.467537
1.475957
1.476605
1.469156
1.488102
1.495227
1.521297
1.522106
1.517087
1.521944
1.523726
1.529555
1.512067
1.537165
1.544938
1.546557
1.543804
1.535546
1.538137
1.525345
1.542185
1.508504
1.512067
1.525831
1.526316
1.517248
1.512391
1.501704
1.500570
1.500246
1.485025
1.463489
1.477739
1.497008
1.517572
1.520325
1.531336
1.525507
1.523402
1.502189
1.502837
1.491988
1.510124
1.511095
1.532146
1.537975
1.520325
1.503161
1.497817
1.495227
1.477900
1.458793
1.436123
1.458145
1.448754
1.440495
1.422522
1.429970
1.431104
1.431266
1.411349
1.416854
1.445677
1.415235
1.400014
1.375725
1.374592
1.365686
1.347226
1.346740
1.344635
1.333462
1.366171
1.383983
1.381392
1.395642
1.371677
1.369572
1.339292
1.334110
1.363581
1.385279
1.400500
1.398719
1.423331
1.432075
1.442924
1.463651
1.468185
1.473366
1.466242
1.459927
1.473043
1.463327
1.459765
1.487292
1.491502
1.467051
1.474500
1.456202
1.449239
1.454097
1.454583
1.458469
1.461546
1.459603
1.466728
1.445515
1.455393
1.439848
1.414587
1.414102
1.420740
1.417178
1.408110
1.394185
1.375563
1.368438
1.354189
1.384631
1.394994
1.392565
1.372648
1.364552
1.374430
1.360666
1.332815
1.329738
1.339615
1.357751
1.331681
1.296381
1.290390
1.319860
1.354837
1.355322
1.357265
1.320994
1.288123
1.332653
1.300915
1.314841
1.337187
1.329090
1.331519
1.330548
1.350465
1.368762
1.373296
1.352731
1.374753
1.386898
1.386574
1.397099
1.401471
1.411511
1.411673
1.407948
1.406167
1.417826
1.437743
1.442115
1.460574
1.466242
1.466080
1.455717
1.458145
1.478224
1.474986
1.460898
1.453288
1.469642
1.489235
1.492312
1.500570
1.458955
1.459117
1.482434
1.485835
1.464461
1.464461
1.465918
1.451668
1.449563
1.440010
1.406491
1.394670
1.399852
1.429808
1.436285
1.427865
1.437095
1.441305
1.460250
1.464461
1.467861
1.454583
1.479844
1.475633
1.477900
1.462194
1.458307
1.466889
1.468671
1.463165
1.482272
1.492798
1.502837
1.509314
1.505590
1.487292
1.486806
1.481139
1.472395
1.477253
1.454583
1.467375
1.446487
1.449239
1.477900
1.476119
1.467213
1.450697
1.474824
1.497008
1.502675
1.505266
1.506885
1.477253
1.476929
1.474500
1.473690
1.471423
1.491178
1.493283
1.511419
1.506723
1.502675
1.513686
1.506723
1.500732
1.488264
1.468509
1.472071
1.476281
1.463489
1.475310
1.488588
1.485511
1.476119
1.467699
1.492798
1.480329
1.471909
1.478548
1.496036
1.502027
1.474986
1.473852
1.473852
1.483730
1.469318
1.455717
1.464137
1.456202
1.444382
1.442924
1.431104
1.428513
1.447458
1.438390
1.445677
1.463327
1.461546
1.458955
1.473690
1.461870
1.436933
1.444706
1.437743
1.429970
1.424951
1.425922
1.433047
1.429970
1.432561
1.423655
1.404224
1.401795
1.395642
1.385764
1.389489
1.400824
1.396613
1.398233
1.404386
1.440172
1.447620
1.438714
1.437743
1.427865
1.428513
1.405034
1.404386
1.404548
1.380259
1.374430
1.382688
1.379287
1.365362
1.387546
1.406167
1.403576
1.419931
1.422036
1.417340
1.414587
1.413130
1.413454
1.409891
1.425274
1.428837
1.432075
1.415559
1.411835
1.404224
1.389975
1.389489
1.391918
1.393699
1.411835
1.416854
1.413292
1.406167
1.403576
1.384469
1.379935
1.383983
1.370543
1.371191
1.362609
1.357427
1.353865
1.353217
1.366657
1.362123
1.368600
1.359209
1.341882
1.326338
1.325366
1.337996
1.322613
1.331195
1.352246
1.355646
1.374268
1.389003
1.383821
1.392241
1.378964
1.430132
1.430294
1.423007
1.437095
1.445839
1.449887
1.449078
1.477900
1.488264
1.480005
1.490855
1.506885
1.511257
1.519839
1.528745
1.533603
1.535870
1.512229
1.564531
1.581695
1.578133
1.572465
1.595459
1.606632
1.586391
1.588172
1.559187
1.565826
1.606956
1.620557
1.629463
1.625577
1.647761
1.640150
1.651000
1.655210
1.656505
1.687433
1.686623
1.641122
1.662172
1.635455
1.622986
1.632702
1.616509
1.621529
1.649704
1.659420
1.596107
1.616995
1.644361
1.631568
1.621853
1.618452
1.593840
1.579590
1.582991
1.581047
1.567608
1.572789
1.612947
1.626225
1.636102
1.633835
1.627844
1.633673
1.593840
1.584448
1.593030
1.574732
1.563883
1.567446
1.580238
1.578457
1.576675
1.572627
1.554006
1.574570
1.583152
1.585743
1.620881
1.610680
1.572303
1.601612
1.576513
1.564369
1.571980
1.592382
1.621853
1.631568
1.636912
1.640312
1.643065
1.643389
1.616671
1.628006
1.641122
1.668326
1.688081
1.690348
1.665897
1.654562
1.669297
1.679660
1.680794
1.681442
1.676098
1.672698
1.670755
1.646304
1.651000
1.633997
1.623148
1.594973
1.615376
1.617481
1.617157
1.620881
1.586715
1.583152
1.530203
1.537975
1.569551
1.553196
1.545586
1.565503
1.591735
1.591573
1.589791
1.575866
1.537165
1.540080
1.573113
1.599507
1.595459
1.628816
1.633997
1.608575
1.606794
1.588982
1.611651
1.647761
1.651323
1.627520
1.624606
1.608737
1.602907
1.611651
1.649542
1.655048
1.688081
1.695367
1.687757
1.704435
1.702978
1.714313
1.716256
1.717389
1.694882
1.667192
1.701197
1.707674
1.702654
1.704597
1.706702
1.736497
1.726781
1.705407
1.700225
1.670916
1.679822
1.702816
1.699739
1.715284
1.725486
1.725162
1.726619
1.703787
1.703949
1.713341
1.715932
1.694234
1.705731
1.729696
1.728724
1.717875
1.697634
1.712046
1.732772
1.756090
1.771311
1.754308
1.762567
1.776168
1.759814
1.734230
1.731801
1.734715
1.772120
1.764186
1.731315
1.713017
1.687433
1.685328
1.677555
1.696177
1.678527
1.672536
1.684680
1.704921
1.693748
1.669459
1.643713
1.659744
1.676584
1.662011
1.691319
1.715284
1.740707
1.734392
1.741516
1.729696
1.724352
1.724838
1.727267
1.744431
1.755766
1.774711
1.694072
1.726781
1.744269
1.729372
1.724514
1.741678
1.747831
1.736173
1.736820
1.734392
1.712693
1.703787
1.707998
1.693262
1.679337
1.678851
1.687757
1.707350
1.689700
1.711074
1.722085
1.727267
1.735849
1.735849
1.704111
1.718037
1.732125
1.721923
1.690995
1.687109
1.729372
1.735525
1.738440
1.729858
1.709131
1.737144
1.765643
1.791551
1.813573
1.812278
1.808716
1.824746
1.818269
1.854703
1.898099
1.890326
1.909596
1.875267
1.894213
1.927084
1.920445
1.914777
1.886278
1.888221
1.898909
1.837377
1.832681
1.794628
1.815031
1.850007
1.839320
1.844987
1.854379
1.851464
1.794304
1.790418
1.789285
1.825232
1.832519
1.855188
1.868466
1.860046
1.820860
1.832195
1.827985
1.825556
1.837539
1.804020
1.773416
1.768396
1.795762
1.785560
1.784103
1.800781
1.809040
1.824422
1.839320
1.831871
1.836567
1.825232
1.820536
1.820212
1.821184
1.813088
1.799000
1.793980
1.773416
1.748317
1.718523
1.733420
1.741192
1.755118
1.768720
1.750746
1.741354
1.721761
1.739735
1.738764
1.744755
1.723219
1.717551
1.710912
1.719170
1.724028
1.733906
1.751070
1.774873
1.769368
1.792037
1.774549
1.777302
1.773254
1.767424
1.784751
1.794304
1.784913
1.803372
1.815193
1.805477
1.824261
1.834138
1.821346
1.806611
1.781998
1.799972
1.811306
1.818269
1.817784
1.839805
1.839967
1.855674
1.865714
1.874296
1.879477
1.873000
1.860370
1.873486
1.853407
1.841101
1.853245
1.865714
1.853083
1.837215
1.839482
1.843206
1.845473
1.863447
1.849845
1.844501
1.850169
1.872677
1.888059
1.889193
1.900528
1.880449
1.897613
1.909110
1.911701
1.906195
1.923036
1.942143
1.948458
1.939066
1.932427
1.945058
1.961736
1.962222
1.959307
1.969670
2.000274
1.985701
1.967226
1.966864
1.950743
1.966139
1.989867
2.000372
2.018123
2.021745
2.031164
2.033881
2.029534
2.029172
2.039496
2.048733
1.993671
2.013232
2.024643
2.036779
2.013776
2.024100
2.036236
2.038952
2.045473
2.058152
2.072099
2.083872
2.083691
2.071012
2.058514
2.050001
2.056703
2.040764
2.025368
2.042756
2.036054
2.026274
2.007255
2.009066
2.020115
2.051994
2.061050
2.060869
2.061775
2.059601
2.041307
2.046922
2.051088
2.045292
2.056884
2.023919
2.049096
2.041669
2.036236
2.055254
2.064129
2.075721
2.070106
2.076265
2.090574
2.106875
2.119011
2.124264
2.120822
2.096189
2.124626
2.134769
2.176247
2.138754
2.150165
2.074816
2.131871
2.137486
2.149984
2.176247
2.179145
2.170451
2.169183
2.153063
2.106875
2.078257
2.087314
2.118105
2.134226
2.124445
2.109773
2.143282
2.175885
2.178421
2.174798
2.158678
2.154150
2.135131
2.149984
2.148172
2.168278
2.181681
2.114664
2.168640
2.214465
2.230948
2.223159
2.250691
2.257211
2.236200
2.225333
2.212292
2.202692
2.227325
2.222797
2.222072
2.192911
2.180956
2.204865
2.228593
2.250328
2.278946
2.319700
2.328394
2.315896
2.340530
2.348681
2.397223
2.376755
2.411713
2.410988
2.378567
2.414249
2.432724
2.410083
2.406822
2.426746
2.489235
2.506080
2.550275
2.551000
2.566577
2.610229
2.635587
2.662031
2.639752
2.649533
2.672537
2.674710
2.739735
2.766723
2.793167
2.838993
2.820518
2.814178
2.883007
2.930643
2.947126
2.860185
2.885361
2.878297
2.823778
2.887354
2.944952
2.949843
2.924304
2.954733
2.908002
2.929013
2.941149
2.980816
2.915610
2.914523
2.871777
2.934447
3.024830
3.066127
3.063953
3.058700
3.057976
3.141295
3.197987
3.266635
3.353395
3.380383
3.453558
3.544666
3.571472
3.384005
3.405922
3.569661
3.708767
3.706775
3.636497
3.687756
3.663666
3.627260
3.707861
3.754411
3.828855
3.734487
3.625630
3.674534
3.587049
3.408095
3.461890
3.533979
3.478735
3.231677
3.086413
3.251601
3.084783
2.929375
2.793530
2.749516
2.628160
2.543936
2.635949
2.750784
2.926477
3.000015
2.882644
2.972846
3.114488
3.197625
3.276416
3.251420
3.339267
3.247254
3.066127
3.084602
3.208131
3.122095
3.100360
3.086775
3.205051
3.153973
3.118835
3.181686
3.293261
3.282574
3.224794
3.259390
3.246349
3.298332
3.138034
3.201429
3.107243
2.971216
2.789002
2.650439
2.651707
2.759659
2.862539
2.792986
2.679238
2.657684
2.658046
2.741365
2.796971
2.783930
2.778134
2.662393
2.585052
2.703690
2.665473
2.684672
2.743176
2.752957
2.731584
2.763281
2.707313
2.755312
2.735750
2.750059
2.839355
2.876124
2.980634
2.990234
2.938432
3.017222
3.039501
3.044754
3.085870
2.917421
3.014505
3.105612
3.130608
3.161762
3.112133
3.120646
3.111590
3.078624
3.117386
3.228055
3.204870
3.257035
3.288913
3.303404
3.370240
3.391069
3.297608
3.339629
3.311554
3.272793
3.347599
3.392518
3.394330
3.443053
3.494855
3.459717
3.314815
3.336007
3.343795
3.319162
3.381651
3.367342
3.388534
3.326769
3.301955
3.299238
3.267903
3.295434
3.316445
3.335826
3.385454
3.377123
3.400307
3.426570
3.401031
3.388715
3.390526
3.331841
3.354119
3.370783
3.332565
3.136404
3.123906
3.170818
2.988061
3.036965
2.914342
2.920138
2.846962
2.915610
2.841347
2.884818
2.968680
2.924304
2.833559
2.853483
2.883007
2.748429
2.751508
2.688114
2.768715
2.777228
2.844427
2.840804
2.874131
2.859279
2.856200
2.931911
2.940605
2.932817
2.950567
2.986249
2.994219
3.015954
2.855656
2.896048
2.803129
2.859460
2.944409
2.945315
2.911987
2.950748
2.953103
2.902931
2.887535
2.877573
2.952197
2.940424
2.913798
2.989691
3.060512
3.114307
3.123725
3.134593
3.111952
3.142019
3.111771
3.060331
3.140570
3.148721
3.126080
3.184041
3.203240
3.156872
3.121371
3.163030
3.144374
3.157958
3.174260
3.172267
3.163030
3.172992
3.068481
3.048014
3.065221
3.048014
3.063410
3.059787
3.057070
3.058519
3.131151
3.124631
3.132238
3.058882
2.996755
3.006536
3.023381
3.019758
3.015773
3.049825
3.045116
2.986431
2.984076
3.010702
3.031894
3.016135
3.004543
3.028271
3.016679
3.004362
3.073734
3.075545
3.077719
3.119378
3.111227
3.116299
3.098367
3.011970
3.013781
3.055259
3.042942
3.074096
3.083515
3.066670
3.100541
3.080436
3.067938
3.114307
3.132600
3.127891
3.138215
3.130970
3.180961
3.187120
3.220991
3.230409
3.216825
3.218817
3.275510
3.284385
3.274242
3.275148
3.285834
3.279857
3.272612
3.285291
3.254137
3.260114
3.285653
3.201791
3.213564
3.208312
3.194727
3.214108
3.236387
3.237654
3.242183
3.268627
3.288189
3.266816
3.228779
3.257760
3.295253
3.311373
3.302136
3.291630
3.290181
3.270620
3.272974
3.266635
3.267359
3.267903
3.275691
3.275872
3.278770
3.265729
3.250696
3.261382
3.288370
3.284929
3.282936
3.269714
3.230409
3.243088
3.228417
3.251963
3.256492
3.255586
3.273155
3.266997
3.211029
3.222983
3.223164
3.234937
3.243632
3.286740
3.302498
3.312279
3.311011
3.314271
3.288189
3.320973
3.313003
3.314090
3.304490
3.313366
3.322422
3.324052
3.325864
3.321335
3.324052
3.349772
3.333290
3.340716
3.335282
3.325501
3.341440
3.318981
3.345425
3.347055
3.343976
3.356293
3.346512
3.345425
3.344520
3.342527
3.345425
3.340354
3.335101
3.341444
3.348919
3.332609
3.320377
3.330118
3.302255
3.291835
3.320604
3.332156
3.327626
3.324454
3.210966
3.241547
3.226596
3.232486
3.248569
3.260348
3.242453
3.268503
3.268050
3.250608
3.261254
3.265558
3.249022
3.246983
3.258310
3.278017
3.314714
3.303841
3.293194
3.308598
3.304067
3.266238
3.245171
3.218442
3.161584
3.182877
3.195563
3.185596
3.208022
3.236790
3.230221
3.239055
3.254006
3.240867
3.266464
3.263067
3.278017
3.297498
3.307692
3.326720
3.322189
3.294780
3.323322
3.306106
3.344162
3.363643
3.372251
3.367494
3.361151
3.334195
3.345521
3.351864
3.340991
3.333062
3.354582
3.365455
3.343256
3.325361
3.324454
3.347560
3.338725
3.345295
3.361378
3.343256
3.350457
3.365660
3.377929
3.383263
3.389131
3.372861
3.368060
3.351791
3.324853
3.349390
3.383263
3.384330
3.387797
3.369927
3.378195
3.382196
3.400599
3.372861
3.367527
3.366460
3.376862
3.395265
3.388330
3.354725
3.389664
3.386197
3.385130
3.391798
3.383263
3.372861
3.354991
3.326186
3.291513
3.324319
3.304316
3.316318
3.327786
3.330720
3.373394
3.356592
3.350457
3.350190
3.328320
3.322986
3.324853
3.330720
3.321119
3.320585
3.314717
3.314717
3.321119
3.338188
3.382996
3.399532
3.409134
3.413668
3.433405
3.410734
3.414468
3.409934
3.432872
3.421936
3.445407
3.433939
3.453942
3.493949
3.495283
3.471812
3.487015
3.494749
3.489148
3.456609
3.495549
3.498483
3.489148
3.494216
3.491549
3.477413
3.493416
3.497150
3.459276
3.474479
3.508352
3.523554
3.502484
3.509952
3.499283
3.473946
3.494483
3.512886
3.535023
3.570229
3.555560
3.533689
3.515019
3.539290
3.551293
3.573163
3.569162
3.523821
3.563295
3.574763
3.576897
3.564628
3.580098
3.585432
3.588632
3.579564
3.563028
3.597967
3.632107
3.631040
3.639575
3.635574
3.645176
3.645176
3.664646
3.658245
3.635574
3.623305
3.620638
3.632640
3.634507
3.611837
3.599834
3.626239
3.619571
3.624372
3.634240
3.634507
3.638775
3.630240
3.635041
3.648910
3.664646
3.691050
3.700119
3.709454
3.731324
3.752928
3.741193
3.751328
3.786801
3.805737
3.793202
3.810805
3.815872
3.831342
3.854013
3.888419
3.884418
3.894286
3.889219
3.883351
3.875350
3.902821
3.927626
3.896953
3.936427
4.022309
4.035111
4.005506
3.972433
4.055915
4.022042
4.055115
4.082586
4.037245
3.906288
3.896153
3.836943
3.872149
3.856413
3.827875
3.847345
3.866281
3.854013
3.863614
3.819606
3.869749
3.938827
3.899887
3.932693
3.907089
3.879884
3.882284
3.948162
3.955897
3.984702
3.961765
3.921758
3.942828
3.867348
3.896687
3.900154
3.940428
3.943095
3.953763
3.954030
3.940961
3.989236
3.978568
3.978835
4.006573
3.998038
3.997238
3.976434
3.966299
3.959898
3.995104
4.015108
4.005506
3.972433
3.991370
3.896153
3.879350
3.877483
3.835343
3.867082
3.845744
3.736659
3.700652
3.686516
3.560361
3.625972
3.677448
3.711587
3.786534
3.791868
3.864948
3.840410
3.809738
3.847878
3.807871
3.829208
3.880951
3.843611
3.888685
3.917224
3.950563
3.905222
3.871882
3.883084
3.859347
3.898820
3.906822
3.881751
3.843077
3.744927
3.755062
3.783867
3.729191
3.754528
3.781733
3.779599
3.772932
3.749727
3.757996
3.791068
3.801203
3.786267
3.753461
3.732658
3.691851
3.658778
3.668913
3.646243
3.635841
3.678782
3.707053
3.657978
3.667313
3.680915
3.690250
3.703053
3.755862
3.764130
3.760396
3.787334
3.757729
3.774799
3.804137
3.790268
3.752928
3.764397
3.782000
3.809738
3.802270
3.798536
3.799336
3.804937
3.768131
3.728390
3.776132
3.712921
3.726523
3.768664
3.804671
3.794802
3.782800
3.754528
3.806537
3.788401
3.772131
3.747060
3.662245
3.692384
3.660645
3.662779
3.627821
3.610342
3.541362
3.522323
3.628133
3.607845
3.609718
3.584123
3.525132
3.534184
3.622827
3.636560
3.614712
3.707100
3.724267
3.723643
3.723019
3.710222
3.678073
3.700858
3.624700
3.634063
3.669958
3.616897
3.608781
3.549166
3.554472
3.520138
3.510150
3.434616
3.368758
3.445540
3.386861
3.474568
3.493920
3.520450
3.499538
3.434616
3.427125
3.357521
3.355024
3.427437
3.414640
3.456465
3.468013
3.543547
3.536368
3.520762
3.496417
3.462083
3.465516
3.488926
3.449910
3.425876
3.447725
3.387797
3.404964
3.367509
3.375000
3.357521
3.319130
3.355648
3.375000
3.362914
3.416630
3.418644
3.445502
3.436101
3.454566
3.338071
3.326656
3.307856
3.161482
3.199083
3.183975
3.145367
3.155775
3.069159
3.169203
3.289391
3.243062
3.214861
3.223254
3.180954
3.141674
3.170882
3.197068
3.214526
3.313228
3.299799
3.311885
3.317928
3.317256
3.286706
3.337399
3.371307
3.354521
3.388429
3.397158
3.405215
3.330349
3.361236
3.351164
3.298456
3.287713
3.302820
3.323635
3.284356
3.308528
3.398501
3.408908
3.410251
3.312556
3.298120
3.269248
3.288049
3.274955
3.309870
3.245076
3.216204
3.201433
3.162825
3.165846
3.139660
3.196061
3.205797
3.191025
3.175582
3.185654
3.136974
3.108774
3.167525
3.209826
3.213183
3.220904
3.207476
3.230305
3.204454
3.246755
3.265220
3.247091
3.306177
3.325314
3.290734
3.300806
3.322628
3.338071
3.338071
3.340085
3.300806
3.328671
3.378693
3.454566
3.473702
3.517010
3.520367
3.507610
3.627798
3.609333
3.627798
3.646934
3.737579
3.870524
3.859781
3.822180
3.835945
3.885967
3.964861
4.013877
4.017905
3.953111
3.930282
4.027641
4.059199
3.945725
3.936661
3.975269
4.084042
4.067928
4.037041
4.046442
4.033013
3.990376
3.943375
4.010184
4.051142
4.177708
4.322740
4.276746
4.287153
4.337847
4.302597
4.304275
4.327104
4.242838
4.248545
4.238810
4.329118
4.356312
4.341876
4.382834
4.397941
4.374105
4.410699
4.362691
4.326768
4.305954
4.334154
4.091092
4.105193
4.031334
3.998098
4.166965
4.128022
4.117279
4.211616
4.197852
4.105528
4.003805
4.073635
4.078671
3.982319
3.971240
4.062556
4.117614
4.113586
4.117614
4.138429
4.166965
4.115264
4.091092
3.992055
4.052820
4.158908
4.122650
4.136415
4.086057
4.073635
4.128022
4.170323
4.241495
4.220345
4.223702
4.193487
4.247874
4.326768
4.332476
4.462064
4.490936
4.415734
4.356312
4.426813
4.397605
4.394920
4.375448
4.382162
4.388877
4.461057
4.452664
4.453335
4.417413
4.446621
4.415399
4.432520
4.487243
4.534580
4.542637
4.578559
4.579902
4.544651
4.536258
4.521822
4.482207
4.471464
4.472471
4.539615
4.470121
4.570837
4.543980
4.554387
4.542973
4.563787
4.595345
4.593666
4.574530
4.582923
4.609445
4.592659
4.674239
4.710497
4.708483
4.694718
4.757834
4.785363
4.763205
4.805842
4.794092
4.863250
4.859221
4.787713
4.798456
4.800806
4.767234
4.792077
4.845793
4.858886
4.826657
4.854857
4.818935
4.706133
4.757834
4.743062
4.782341
4.804163
4.919315
4.952552
4.965645
4.910587
4.902529
4.929723
4.914951
4.892458
4.950202
4.901858
4.887422
4.956916
5.010296
5.023053
4.988474
4.978738
5.012310
5.063004
5.083819
5.038496
5.057632
5.026410
4.961616
4.983102
5.009960
5.043196
4.999217
5.020032
5.067033
5.032453
5.003917
4.930730
4.908237
4.913608
4.893465
4.888765
4.834042
4.834042
4.851164
4.843107
4.877350
4.904208
4.883729
4.893801
4.892793
4.885072
4.948859
4.963631
4.998546
4.976724
4.967659
4.932744
4.880708
4.918980
4.925694
4.953895
4.979074
5.025403
5.068711
5.132834
5.134177
5.154656
5.184199
5.143913
5.191921
5.208707
5.281222
5.238922
5.234557
5.251679
5.257050
5.300023
5.218107
5.271822
5.111012
4.783684
4.947852
4.987802
5.068375
5.089190
5.140891
5.170435
5.207028
5.159020
5.185878
5.333595
5.349709
5.355081
5.433975
5.475269
5.567928
5.632050
5.444383
5.487019
5.302708
5.485676
5.502127
5.505484
5.585721
5.547113
5.420546
5.528649
5.472583
5.380931
5.328223
5.075090
5.005596
4.927708
4.944830
4.988138
4.826992
4.921665
5.049911
5.024732
5.031782
4.963966
5.014996
5.001903
5.077440
5.025067
5.149620
5.156334
5.190578
5.139212
5.098255
5.201657
5.172449
5.188228
5.224486
5.286930
5.249665
5.277529
5.277865
5.220457
5.223814
5.268801
5.244293
5.324866
5.348702
5.349038
5.418532
5.404768
5.395032
5.438675
5.367503
5.367503
5.371867
5.422225
5.377238
5.328223
5.219785
5.207028
5.290958
5.251343
5.233886
5.291294
5.445054
5.446397
5.452776
5.461504
5.466204
5.500448
5.522941
5.533013
5.488362
5.486348
5.434647
5.563899
5.568935
5.609557
5.676366
5.672001
5.682744
5.705909
5.702216
5.814347
5.857655
5.895256
5.955014
6.152753
6.268241
6.376679
6.529096
6.451545
6.623434
6.518353
6.462288
6.175247
6.262198
6.355193
6.404880
6.465645
6.438452
6.148389
6.186325
6.259512
6.369293
6.357879
6.416294
6.481088
6.481424
6.558975
6.573411
6.511974
6.485117
6.426366
6.373322
6.353179
6.408572
6.534803
6.590533
6.537825
6.475381
6.498546
6.611348
6.631491
6.573076
6.605976
6.713071
6.747986
6.769472
6.756043
6.700314
6.634512
6.503581
6.462959
6.307185
6.315578
6.393465
6.421330
6.502574
6.461952
6.418308
6.522046
6.483774
6.406222
6.407901
6.262534
6.302149
6.308192
6.349486
6.343778
6.473031
6.601276
6.635184
6.601948
6.550582
6.535139
6.495524
6.552261
6.543532
6.527418
6.421666
6.442816
6.480752
6.573411
6.584490
6.435094
6.504589
6.581804
6.597583
6.703335
6.684535
6.795658
6.726836
6.652977
6.687892
6.651299
6.741943
6.711393
6.719450
6.767794
6.852060
6.933640
6.950090
6.798680
6.814123
6.825538
6.826545
6.888653
6.857767
6.820837
6.887982
6.844002
6.843331
6.771487
6.768465
6.710385
6.783908
6.767458
6.807073
6.899060
6.941697
7.023949
6.920547
6.977955
7.003805
7.095457
7.138094
7.061885
7.176701
7.236795
7.383841
7.562780
7.602395
7.745412
7.692704
7.659804
7.853850
7.780327
7.674911
7.746755
7.921666
7.790399
7.855864
7.996531
8.095905
8.164056
8.054275
8.037489
7.740041
7.687668
7.828671
7.961281
7.926701
7.871308
7.781670
7.931066
8.162377
8.356424
8.422561
8.369181
8.270144
8.170435
7.914280
7.933080
7.735005
7.844114
7.844114