0.775662
0.796283
0.790455
0.777007
0.786533
0.787542
0.772860
0.797180
0.796059
0.804016
0.808723
0.812198
0.810853
0.821612
0.819819
0.831362
0.848622
0.865433
0.854337
0.880899
0.900960
0.913736
0.915193
0.915418
0.944220
0.961816
0.935703
0.904546
0.914297
0.934470
0.959799
0.922478
0.917547
0.872493
0.855794
0.868010
0.865433
0.910598
0.913961
0.905219
0.877200
0.891434
0.886951
0.886054
0.884261
0.892891
0.919452
0.925168
0.937944
0.929651
0.949264
0.952850
0.937048
0.959911
0.964282
0.960023
0.973248
0.982326
0.990507
0.984791
0.986584
0.961032
0.975937
0.998688
1.011241
1.023681
1.025810
1.017517
1.008102
1.024129
1.014154
0.978291
0.986472
0.983895
0.961704
0.966299
0.993869
1.004964
1.025250
1.031974
1.047440
1.044975
1.047328
1.023569
1.042061
1.045087
1.040828
1.043069
1.061898
1.066381
1.056182
1.039483
1.039931
1.045087
1.043742
1.050803
1.071648
1.072657
1.089804
1.094623
1.085770
1.081062
1.085770
1.090477
1.082968
1.065484
1.085770
1.087002
1.098546
1.109641
1.115469
1.114124
1.112555
1.122306
1.119504
1.123202
1.135979
1.129702
1.148867
1.158281
1.177334
1.191455
1.183834
1.187084
1.203895
1.208826
1.209387
1.231465
1.238190
1.232250
1.232138
1.251190
1.230905
1.251302
1.261165
1.260941
1.280105
1.284476
1.229784
1.253656
1.282347
1.300278
1.303417
1.289183
1.260156
1.229448
1.235724
1.238750
1.189326
1.195041
1.166799
1.107176
1.118047
1.077924
1.114124
1.134970
1.147522
1.114348
1.138780
1.140910
1.107624
1.044751
1.044190
1.054725
1.090252
1.099442
1.104374
1.119167
1.127125
1.114572
1.132840
1.148643
1.151221
1.141582
1.159514
1.131159
1.139004
1.124435
1.102581
1.100003
1.094511
1.073217
1.071648
1.080726
1.119728
1.121633
1.134746
1.137660
1.140574
1.145169
1.166687
1.180023
1.175653
1.169376
1.184282
1.186075
1.162428
1.166463
1.141694
1.155591
1.191231
1.204568
1.204568
1.208042
1.209723
1.214654
1.216447
1.214542
1.212077
1.216896
1.253544
1.250966
1.250069
1.248949
1.245811
1.258251
1.216111
1.241664
1.193136
1.163324
1.207481
1.229336
1.238302
1.241888
1.249397
1.258139
1.245138
1.223956
1.228888
1.230681
1.233146
1.230681
1.224517
1.193136
1.157609
1.158729
1.128806
1.141246
1.177894
1.177446
1.191679
1.199636
1.210507
1.216335
1.206921
1.214542
1.208714
1.180808
1.182489
1.179911
1.196498
1.169713
1.187308
1.193584
1.202848
1.203679
1.166744
1.170306
1.149998
1.136340
1.108074
1.101185
1.110330
1.112468
1.099523
1.096672
1.119238
1.114012
1.089428
1.090259
1.095960
1.111993
1.111280
1.121732
1.118288
1.108430
1.123513
1.138359
1.134915
1.143941
1.139071
1.145366
1.122326
1.124701
1.132777
1.135033
1.127432
1.123394
1.112943
1.099760
1.105105
1.125295
1.123276
1.128858
1.133014
1.127076
1.129333
1.117219
1.131352
1.152848
1.158430
1.154748
1.167456
1.172563
1.169831
1.169119
1.161162
1.170663
1.167337
1.172207
1.174820
1.168644
1.157480
1.109499
1.119119
1.141090
1.137527
1.131827
1.125413
1.103204
1.102373
1.080639
1.072088
1.071019
1.087646
1.063300
1.049998
1.038953
1.018407
1.010093
1.032540
1.035034
1.002492
1.014725
1.015556
1.003561
1.018169
1.045366
1.033371
1.029689
1.043110
1.044416
1.031233
1.019000
1.022207
1.023038
1.025532
1.024820
1.026364
1.042397
1.045722
1.040734
1.021732
0.991209
1.011399
1.016031
1.011162
1.011756
0.998335
0.984084
0.950236
0.948454
0.935984
0.931352
0.927670
0.945248
0.956055
0.952730
0.973514
0.979808
0.971257
0.972445
0.959143
0.960449
0.976720
0.993585
0.993941
1.003917
1.006293
1.012706
1.013894
1.028977
1.029808
1.027908
1.039428
1.026245
1.030164
1.032540
1.044297
1.053561
1.028264
1.037053
1.029095
1.040022
1.056768
1.059737
1.056055
1.053442
1.034440
1.035746
1.044178
1.028502
1.032540
1.034202
1.054155
1.052136
1.042159
1.053561
1.057480
1.062825
1.064368
1.071969
1.055342
1.065556
1.073988
1.073870
1.058430
1.040497
1.048098
1.050235
1.051067
1.068288
1.072207
1.062706
1.070069
1.091328
1.082539
1.080283
1.081114
1.058787
1.066981
1.057836
1.074463
1.078383
1.077195
1.077314
1.108311
1.105223
1.091090
1.091090
1.083846
1.105580
1.103680
1.097266
1.109737
1.121375
1.134321
1.124582
1.124582
1.120900
1.054036
1.069950
1.029452
1.006293
1.017694
1.033252
1.031233
1.021376
1.040259
1.058311
1.053086
1.052848
1.037053
1.035627
1.036696
1.037528
1.026958
1.039072
1.031233
1.009262
1.017694
1.045366
1.053086
1.047385
1.049998
1.047504
1.035746
1.053442
1.043466
1.033252
1.024701
1.007243
0.991209
0.999761
1.001067
1.018407
1.033371
1.028739
1.022088
1.020188
1.000473
1.001898
1.003205
1.003917
0.995129
0.959618
0.961993
0.982183
0.956530
0.963656
0.951542
0.942516
0.956649
0.968050
0.972326
0.987409
0.983015
0.973751
0.991328
0.997385
1.015794
1.016744
1.026126
1.024226
1.011756
1.026126
0.998810
1.001780
1.003917
1.004630
1.018882
1.020307
1.014606
1.007005
1.017456
1.027908
1.028026
1.028264
1.014487
1.007480
1.014606
0.999523
1.009380
0.998692
1.005224
0.999167
1.004511
1.016625
1.013894
1.023513
1.018763
1.004392
1.003917
0.991328
1.002967
1.002967
1.011875
1.020426
1.012350
1.005818
1.011518
1.003680
0.996316
0.992991
0.979927
0.978027
0.989190
0.986459
0.972801
0.968288
0.964369
0.946673
0.959499
0.969594
0.946791
0.945604
0.948454
0.950473
0.951780
0.951898
0.941566
0.941328
0.932896
0.926958
0.934440
0.929096
0.925770
0.899523
0.897860
0.888953
0.887290
0.879689
0.882659
0.892041
0.895129
0.882659
0.890735
0.891803
0.891091
0.874820
0.877314
0.874583
0.886340
0.879689
0.870782
0.867813
0.863775
0.873989
0.877314
0.891447
0.905699
0.907124
0.908906
0.899404
0.911162
0.912825
0.929927
0.930640
0.929333
0.927433
0.927789
0.932183
0.919357
0.933727
0.936697
0.939072
0.935746
0.926364
0.924701
0.916507
0.922682
0.898573
0.902611
0.910568
0.906055
0.902374
0.904393
0.900117
0.901423
0.906649
0.896554
0.873395
0.877314
0.888003
0.901186
0.902255
0.908906
0.907955
0.902967
0.887647
0.880877
0.868526
0.877789
0.874939
0.891803
0.892041
0.885628
0.880046
0.877433
0.872682
0.865438
0.853086
0.845129
0.858549
0.852730
0.848929
0.840022
0.842160
0.841804
0.842279
0.828977
0.830640
0.847861
0.826602
0.818288
0.802730
0.806293
0.799048
0.789785
0.788478
0.784440
0.782065
0.802730
0.808787
0.804393
0.810093
0.797029
0.793941
0.776483
0.772920
0.788122
0.801424
0.808787
0.811400
0.825177
0.826245
0.826839
0.836934
0.836459
0.838834
0.833253
0.828621
0.834796
0.827908
0.826245
0.841091
0.840853
0.825177
0.825533
0.812469
0.809381
0.811875
0.811756
0.813538
0.813181
0.813775
0.820307
0.801067
0.811637
0.801305
0.784084
0.783490
0.786816
0.784915
0.778740
0.770426
0.756531
0.750117
0.742041
0.761400
0.766626
0.763775
0.751661
0.751661
0.757362
0.750830
0.736697
0.735628
0.737647
0.749286
0.732303
0.716388
0.715082
0.731115
0.749405
0.747861
0.747386
0.730046
0.711994
0.736934
0.721970
0.732184
0.744417
0.737172
0.739310
0.737409
0.750711
0.759975
0.761281
0.749523
0.762350
0.768763
0.770782
0.774227
0.775177
0.780521
0.779571
0.778383
0.779215
0.789072
0.801424
0.803443
0.812706
0.816388
0.817932
0.812587
0.814250
0.827433
0.826008
0.819001
0.814963
0.823870
0.833728
0.832777
0.838478
0.813894
0.811637
0.826958
0.827671
0.816625
0.815557
0.817576
0.808668
0.807481
0.801186
0.785153
0.783965
0.785747
0.802968
0.805818
0.801542
0.806768
0.808193
0.818644
0.821614
0.823633
0.814725
0.829690
0.827314
0.829927
0.821495
0.819238
0.825533
0.825177
0.823158
0.839310
0.843466
0.850948
0.855224
0.852492
0.840853
0.839310
0.835509
0.830521
0.833015
0.819120
0.828383
0.817219
0.819120
0.834084
0.834559
0.828977
0.819713
0.832777
0.845842
0.846198
0.846435
0.848336
0.830046
0.830283
0.828383
0.827196
0.826127
0.838003
0.840497
0.859856
0.856768
0.852255
0.859975
0.852492
0.850592
0.844654
0.828264
0.830996
0.834084
0.826364
0.837172
0.844891
0.845960
0.840735
0.835509
0.854749
0.842397
0.836578
0.839428
0.847861
0.852136
0.833965
0.833015
0.831709
0.836222
0.826602
0.817576
0.823870
0.819476
0.812350
0.810687
0.805937
0.803680
0.813538
0.804155
0.809025
0.818644
0.817457
0.815319
0.824464
0.816625
0.799523
0.803324
0.798217
0.794060
0.788122
0.785984
0.790616
0.787409
0.787766
0.781709
0.769001
0.766863
0.759500
0.751780
0.752730
0.766032
0.761281
0.762944
0.765319
0.788122
0.792041
0.786103
0.786578
0.780165
0.778740
0.760806
0.760569
0.761875
0.745010
0.744060
0.752611
0.751780
0.740497
0.757362
0.770545
0.767813
0.781352
0.784440
0.781115
0.779215
0.778621
0.780046
0.777077
0.789191
0.787172
0.789903
0.777314
0.775295
0.768170
0.761519
0.762944
0.765082
0.766032
0.776483
0.779808
0.776839
0.772801
0.771139
0.761519
0.756887
0.756649
0.747742
0.748455
0.741447
0.738360
0.733253
0.733015
0.739191
0.733847
0.738478
0.731709
0.718407
0.707362
0.707006
0.714963
0.705462
0.712706
0.726721
0.727314
0.738835
0.747742
0.746436
0.749761
0.742398
0.770782
0.771851
0.766863
0.776008
0.782896
0.786341
0.787884
0.806055
0.815438
0.810568
0.819476
0.829927
0.829452
0.836578
0.841922
0.846435
0.844773
0.829571
0.857362
0.865200
0.860093
0.858193
0.873751
0.879333
0.866507
0.871851
0.855343
0.857481
0.879927
0.888716
0.889547
0.887647
0.895129
0.886815
0.896673
0.900711
0.904036
0.918763
0.916982
0.894654
0.909381
0.892754
0.888003
0.894416
0.885390
0.887647
0.903561
0.909024
0.873157
0.886578
0.902255
0.892991
0.883490
0.878739
0.865438
0.857481
0.860331
0.858668
0.851780
0.853799
0.878146
0.883252
0.887884
0.886934
0.881233
0.886578
0.867100
0.862706
0.865200
0.854036
0.847386
0.849167
0.857481
0.856412
0.852730
0.849998
0.837053
0.850473
0.856412
0.857005
0.879689
0.882540
0.860925
0.876483
0.857599
0.851661
0.861637
0.872326
0.884678
0.889072
0.897148
0.898217
0.900355
0.896910
0.879214
0.884321
0.894654
0.907362
0.914369
0.916982
0.908668
0.900830
0.908312
0.915675
0.920069
0.913537
0.908906
0.902967
0.903799
0.888834
0.891210
0.882421
0.872326
0.848811
0.858431
0.859856
0.858668
0.858074
0.840378
0.836815
0.803680
0.804868
0.819357
0.812706
0.815319
0.826245
0.840022
0.839191
0.839666
0.833728
0.811756
0.811756
0.829333
0.845960
0.842279
0.858549
0.863419
0.855818
0.851542
0.836578
0.851067
0.868407
0.872801
0.860450
0.855818
0.843229
0.843466
0.844298
0.868051
0.870901
0.884203
0.889547
0.879096
0.882777
0.879096
0.888716
0.893229
0.893347
0.875414
0.855224
0.875058
0.878739
0.878383
0.882540
0.885509
0.897979
0.896554
0.883727
0.878027
0.863775
0.875058
0.891922
0.890022
0.897623
0.905343
0.907005
0.909262
0.892754
0.890853
0.895841
0.903680
0.889784
0.897148
0.908431
0.907005
0.902611
0.893941
0.897979
0.910450
0.920188
0.929452
0.917457
0.923989
0.924464
0.918050
0.902255
0.895604
0.897860
0.916507
0.905343
0.884678
0.874701
0.859856
0.857837
0.847742
0.857243
0.846198
0.846554
0.851186
0.857837
0.851899
0.841091
0.828621
0.836578
0.846554
0.833965
0.845842
0.859143
0.875414
0.871257
0.873751
0.869119
0.865319
0.865913
0.869476
0.879808
0.888122
0.899523
0.861043
0.877314
0.885509
0.878027
0.874820
0.884915
0.886934
0.881233
0.882896
0.882659
0.866863
0.860331
0.862706
0.857599
0.849048
0.849880
0.856887
0.869476
0.857243
0.871138
0.879571
0.885390
0.891091
0.887647
0.870188
0.877670
0.887172
0.877433
0.867694
0.867219
0.890378
0.893347
0.892397
0.886815
0.875414
0.893585
0.911043
0.921138
0.935390
0.934202
0.934321
0.943941
0.935509
0.959737
0.982183
0.976126
0.986221
0.966388
0.978383
0.996198
0.992516
0.987528
0.970426
0.970663
0.972682
0.942160
0.940616
0.919476
0.929689
0.949523
0.945485
0.946316
0.952967
0.952017
0.915675
0.914012
0.915319
0.936578
0.941091
0.957243
0.962112
0.956530
0.928858
0.937528
0.933965
0.931827
0.941803
0.915675
0.897504
0.891210
0.907955
0.901067
0.902730
0.918407
0.928264
0.938834
0.944060
0.941447
0.947385
0.941210
0.935865
0.936221
0.939428
0.932065
0.923039
0.919951
0.904155
0.891447
0.871138
0.881233
0.884678
0.894179
0.902611
0.892279
0.886459
0.873751
0.883490
0.883727
0.886934
0.873751
0.869713
0.866863
0.870901
0.876364
0.882184
0.893347
0.909262
0.906055
0.918407
0.907362
0.909024
0.907362
0.904155
0.915556
0.920782
0.914012
0.923870
0.933609
0.927314
0.937765
0.944535
0.938478
0.928858
0.913775
0.924939
0.931115
0.938003
0.938359
0.953442
0.953799
0.959974
0.964725
0.967813
0.971851
0.969238
0.963656
0.969594
0.957124
0.950117
0.958074
0.966269
0.959024
0.949998
0.951067
0.952255
0.951542
0.964725
0.954392
0.949523
0.952730
0.968288
0.977789
0.980046
0.986696
0.975770
0.986578
0.996198
0.998217
0.995366
1.006293
1.017694
1.021613
1.014844
1.009974
1.018050
1.029214
1.031114
1.027195
1.034321
1.053917
1.042516
1.030521
1.031827
1.021019
1.028858
1.043703
1.051304
1.063418
1.067100
1.071138
1.073870
1.072207
1.071019
1.078026
1.084083
1.046673
1.059143
1.066506
1.074226
1.058787
1.065675
1.073395
1.073276
1.076839
1.084321
1.093347
1.100829
1.101779
1.095366
1.089190
1.082777
1.085984
1.076720
1.068288
1.078026
1.074226
1.067694
1.056768
1.056886
1.063418
1.082539
1.088240
1.088478
1.086815
1.086340
1.073751
1.077314
1.080283
1.075295
1.079808
1.057955
1.071613
1.065556
1.062706
1.075651
1.082777
1.091090
1.087528
1.091328
1.098929
1.109261
1.115318
1.117337
1.116744
1.102136
1.116744
1.122563
1.141922
1.118050
1.119356
1.078977
1.112231
1.119950
1.128026
1.144178
1.145960
1.139903
1.140734
1.131470
1.102967
1.082658
1.088953
1.106649
1.115912
1.108668
1.097741
1.116387
1.136221
1.138953
1.135390
1.125413
1.123513
1.112112
1.121019
1.120782
1.135390
1.142753
1.101779
1.134321
1.162112
1.171613
1.167219
1.183727
1.186221
1.172563
1.166150
1.157599
1.149879
1.165200
1.161162
1.159736
1.140972
1.133371
1.147385
1.164368
1.181114
1.197979
1.225532
1.230283
1.220663
1.235508
1.241328
1.272563
1.260924
1.285152
1.286696
1.263774
1.287290
1.299522
1.285271
1.283014
1.295009
1.334083
1.344297
1.371969
1.374107
1.384677
1.412468
1.430757
1.448928
1.431826
1.438358
1.449878
1.454035
1.500710
1.521375
1.539902
1.569712
1.557242
1.551303
1.596078
1.628738
1.635270
1.581707
1.597622
1.593346
1.557360
1.600828
1.639070
1.639664
1.622443
1.643108
1.611517
1.627669
1.633251
1.659735
1.615318
1.613299
1.586458
1.626481
1.685270
1.711636
1.709854
1.707716
1.710092
1.766742
1.805816
1.847502
1.903203
1.920424
1.965436
2.028025
2.048333
1.918999
1.934200
2.045839
2.138357
2.139307
2.089307
2.122442
2.102727
2.082300
2.131469
2.159734
2.211160
2.140376
2.065435
2.099877
2.037526
1.917336
1.954390
2.000471
1.956291
1.789426
1.697621
1.806529
1.700709
1.597265
1.507598
1.479332
1.398691
1.344059
1.401541
1.474819
1.569593
1.621968
1.544059
1.602847
1.693108
1.743346
1.791683
1.776837
1.831469
1.774937
1.661517
1.671137
1.748215
1.691327
1.676600
1.665555
1.741564
1.707716
1.687051
1.727788
1.800234
1.797977
1.759735
1.780875
1.770543
1.803203
1.698453
1.737289
1.676719
1.591208
1.474581
1.386221
1.387883
1.456648
1.523275
1.477669
1.405579
1.392159
1.392871
1.446791
1.483608
1.474938
1.471494
1.394890
1.346909
1.422919
1.399285
1.411517
1.448216
1.453441
1.440140
1.459973
1.426007
1.455698
1.443346
1.452848
1.506648
1.528144
1.589783
1.594890
1.563536
1.609854
1.622918
1.625056
1.649403
1.552016
1.609261
1.662942
1.678025
1.698334
1.667811
1.673037
1.666624
1.647621
1.670306
1.736576
1.722799
1.752728
1.770662
1.778975
1.818761
1.830994
1.774937
1.799640
1.783488
1.759141
1.804272
1.831232
1.831944
1.861041
1.892277
1.871018
1.792039
1.804391
1.807597
1.794533
1.830044
1.821968
1.833844
1.799165
1.785270
1.782419
1.763298
1.781707
1.797384
1.804628
1.839070
1.836932
1.849165
1.864011
1.847265
1.840020
1.840852
1.802847
1.816861
1.826956
1.804510
1.687408
1.680519
1.706647
1.601422
1.629807
1.566268
1.569593
1.530163
1.564724
1.519706
1.547443
1.599140
1.573873
1.525805
1.536987
1.552525
1.474253
1.475560
1.436932
1.482240
1.487323
1.526822
1.525370
1.547588
1.536551
1.536551
1.583312
1.588685
1.583457
1.597398
1.617874
1.618600
1.629781
1.529291
1.553397
1.497633
1.535680
1.587668
1.587668
1.565305
1.584909
1.586506
1.557608
1.544393
1.537713
1.582150
1.575906
1.559786
1.604368
1.646046
1.678139
1.681915
1.689902
1.674073
1.688014
1.675670
1.645320
1.693532
1.697017
1.684383
1.719526
1.730708
1.703262
1.681915
1.707473
1.699050
1.711394
1.721850
1.722140
1.714008
1.718945
1.656937
1.644884
1.656066
1.646627
1.656647
1.654904
1.654904
1.656211
1.701229
1.696872
1.701083
1.655485
1.617728
1.625425
1.634428
1.631814
1.626732
1.647208
1.644594
1.608434
1.606982
1.623827
1.639075
1.629346
1.622230
1.636316
1.629055
1.620052
1.662310
1.664489
1.665505
1.690192
1.685109
1.687433
1.675525
1.620633
1.622230
1.648660
1.639656
1.659551
1.663617
1.653597
1.674363
1.663617
1.654033
1.683222
1.694694
1.692225
1.697453
1.694403
1.723883
1.728530
1.747989
1.752781
1.744794
1.746391
1.781534
1.788069
1.783132
1.783712
1.790247
1.785310
1.780808
1.788069
1.770207
1.774999
1.792716
1.736807
1.745085
1.740438
1.730998
1.743778
1.758590
1.758590
1.760913
1.777904
1.790973
1.777178
1.754378
1.772531
1.796782
1.806076
1.800848
1.795330
1.794749
1.781970
1.784003
1.779792
1.779066
1.779937
1.784003
1.784148
1.785746
1.778775
1.770062
1.776597
1.791554
1.789666
1.789812
1.782696
1.756992
1.764108
1.754378
1.767448
1.769626
1.769336
1.779066
1.774999
1.744358
1.750312
1.750458
1.757718
1.763527
1.789231
1.799251
1.803462
1.802736
1.803462
1.789086
1.808980
1.805931
1.805060
1.801139
1.807383
1.812030
1.812466
1.811159
1.806947
1.806512
1.822486
1.811594
1.815660
1.812175
1.805931
1.817984
1.803753
1.820888
1.826116
1.826116
1.833958
1.827859
1.826407
1.825680
1.824954
1.829021
1.823938
1.824664
1.826116
1.827568
1.816677
1.806076
1.812175
1.794313
1.789086
1.806802
1.813627
1.811740
1.810287
1.749441
1.764834
1.757428
1.760332
1.769477
1.776897
1.764646
1.779830
1.778450
1.769477
1.776379
1.778795
1.768960
1.768097
1.775689
1.787250
1.810026
1.803642
1.796222
1.806575
1.803297
1.780003
1.767752
1.751532
1.717713
1.732207
1.739454
1.732897
1.746529
1.765509
1.763438
1.768615
1.778277
1.771721
1.786732
1.786215
1.795532
1.805195
1.811234
1.822795
1.820206
1.804332
1.820897
1.810026
1.833493
1.845226
1.850057
1.845571
1.842638
1.826763
1.834183
1.839877
1.830732
1.825901
1.841602
1.848677
1.834700
1.822622
1.822967
1.837979
1.833320
1.837806
1.846606
1.835563
1.839187
1.849195
1.857994
1.861445
1.864206
1.852645
1.848849
1.838151
1.819689
1.834183
1.857649
1.859892
1.863516
1.856614
1.862826
1.864724
1.879563
1.860755
1.857822
1.858167
1.865932
1.880253
1.874386
1.850057
1.873869
1.870936
1.869728
1.875249
1.870245
1.863171
1.851093
1.831250
1.804160
1.826591
1.811061
1.819689
1.827971
1.828489
1.857822
1.845916
1.842983
1.842465
1.826763
1.822105
1.823140
1.827281
1.820206
1.820379
1.816065
1.815030
1.819344
1.832112
1.863689
1.875767
1.882669
1.887155
1.900959
1.884739
1.886982
1.883532
1.898716
1.891124
1.909241
1.900096
1.914418
1.941680
1.943060
1.926323
1.938574
1.944441
1.941508
1.916833
1.939782
1.938919
1.932017
1.937366
1.934261
1.924770
1.932708
1.933743
1.898543
1.907688
1.934951
1.946339
1.932017
1.937021
1.930119
1.911484
1.927014
1.942715
1.959625
1.976190
1.962041
1.948409
1.938402
1.953758
1.962558
1.980158
1.980503
1.952033
1.981884
1.987578
1.991719
1.983437
1.992754
1.995860
1.996205
1.988268
1.976190
1.996033
2.018291
2.016911
2.024330
2.021915
2.028299
2.029507
2.041068
2.038307
2.024503
2.016738
2.015876
2.024158
2.025538
2.010182
2.002417
2.022432
2.016738
2.020017
2.027091
2.025883
2.029334
2.023468
2.028644
2.039170
2.050385
2.069193
2.078338
2.085067
2.097146
2.113020
2.104393
2.111295
2.135796
2.148737
2.140455
2.151498
2.155122
2.168753
2.181004
2.203608
2.200329
2.204988
2.199639
2.194290
2.190149
2.208957
2.224141
2.201882
2.227937
2.286258
2.296438
2.271246
2.248298
2.305411
2.276595
2.297819
2.311277
2.279874
2.195670
2.187906
2.148392
2.173412
2.160643
2.145804
2.158400
2.172031
2.162714
2.170996
2.143043
2.175482
2.220345
2.199812
2.219655
2.202227
2.182729
2.184627
2.226211
2.232251
2.250541
2.236219
2.208957
2.218274
2.178933
2.197568
2.199121
2.215686
2.215859
2.221380
2.219137
2.212925
2.241568
2.236909
2.239257
2.253343
2.252169
2.250604
2.231236
2.223215
2.224389
2.243561
2.250604
2.241996
2.218911
2.230453
2.173719
2.164328
2.165111
2.137526
2.152981
2.131461
2.063575
2.041664
2.039316
1.964192
2.004493
2.035795
2.052815
2.097812
2.105442
2.150047
2.132244
2.113463
2.138113
2.115419
2.127940
2.159242
2.135961
2.164133
2.180566
2.199543
2.171762
2.153177
2.160807
2.144764
2.171371
2.177045
2.161002
2.134787
2.077857
2.084313
2.101724
2.069444
2.085682
2.102703
2.098203
2.091160
2.078835
2.087443
2.110137
2.116984
2.110137
2.086660
2.074140
2.046751
2.029926
2.037947
2.022687
2.016231
2.049685
2.073357
2.043229
2.053793
2.065140
2.072183
2.082552
2.118940
2.121484
2.117767
2.136743
2.114636
2.126570
2.150242
2.141634
2.115615
2.125005
2.134396
2.149460
2.146525
2.146916
2.147112
2.151807
2.118940
2.085487
2.127157
2.073553
2.089399
2.120310
2.143199
2.129700
2.125396
2.099181
2.136352
2.121875
2.109159
2.091356
2.027383
2.046555
2.018383
2.021318
2.002537
1.991190
1.949519
1.941498
2.011340
1.997254
1.996472
1.978278
1.940129
1.948541
2.008406
2.016427
2.003710
2.060641
2.074922
2.074531
2.070031
2.061619
2.043425
2.056532
2.002928
2.010558
2.039512
2.005276
2.001950
1.960670
1.963214
1.936607
1.937585
1.879090
1.833507
1.887894
1.845440
1.906479
1.918804
1.940324
1.928782
1.879677
1.877525
1.825290
1.820790
1.874982
1.868330
1.893958
1.902371
1.955584
1.948932
1.933868
1.918022
1.892393
1.894741
1.910001
1.880655
1.865591
1.883198
1.846614
1.853266
1.828029
1.828420
1.819421
1.789097
1.815117
1.825681
1.819225
1.853070
1.854831
1.875373
1.867352
1.878307
1.804161
1.798292
1.786163
1.694213
1.712212
1.701256
1.674650
1.681497
1.623588
1.690496
1.766599
1.734514
1.709864
1.713386
1.687562
1.664672
1.684236
1.704191
1.714755
1.780880
1.773055
1.781076
1.785380
1.784989
1.766208
1.796923
1.817269
1.806900
1.823920
1.822160
1.825485
1.778533
1.801813
1.798879
1.767186
1.763273
1.772077
1.785184
1.762490
1.777946
1.837028
1.843680
1.844462
1.778141
1.761512
1.738623
1.751144
1.741753
1.765229
1.723754
1.705169
1.697148
1.672106
1.674454
1.657434
1.693822
1.699691
1.689127
1.678562
1.684236
1.654303
1.635914
1.667998
1.692257
1.693822
1.698322
1.689909
1.702626
1.685605
1.713777
1.725320
1.716125
1.752317
1.762490
1.739014
1.745470
1.755252
1.761708
1.761121
1.762490
1.739014
1.753491
1.784793
1.825877
1.838398
1.864026
1.864417
1.855614
1.920369
1.907066
1.915283
1.924282
1.982973
2.062206
2.056532
2.037360
2.045185
2.070031
2.115028
2.143786
2.148090
2.112093
2.107789
2.166480
2.181349
2.113658
2.113463
2.135374
2.199347
2.186239
2.167654
2.171762
2.163154
2.138504
2.111506
2.150438
2.174110
2.248648
2.329837
2.302252
2.306752
2.332771
2.314186
2.318685
2.332771
2.280536
2.284645
2.277993
2.331793
2.347248
2.339032
2.359574
2.371899
2.356835
2.378355
2.350770
2.328859
2.312425
2.324163
2.194261
2.203260
2.164133
2.143395
2.234170
2.214411
2.208151
2.257451
2.249234
2.193869
2.133613
2.174110
2.175675
2.118549
2.112680
2.167067
2.197782
2.194456
2.196608
2.208738
2.226932
2.199738
2.185653
2.130483
2.162372
2.223997
2.202869
2.210107
2.182522
2.177827
2.207759
2.229084
2.261364
2.247865
2.248843
2.234170
2.259212
2.298339
2.297752
2.358400
2.380311
2.340792
2.315947
2.352531
2.340792
2.342553
2.331011
2.334923
2.334532
2.375811
2.371507
2.374833
2.357226
2.372290
2.350379
2.361726
2.394006
2.419830
2.422960
2.441154
2.439785
2.419047
2.417091
2.410048
2.387158
2.371507
2.363682
2.394984
2.352335
2.405548
2.392440
2.396353
2.388136
2.396940
2.415330
2.415134
2.403396
2.405353
2.411417
2.405744
2.446632
2.465022
2.457783
2.444284
2.475586
2.487911
2.479499
2.496715
2.496715
2.536625
2.532125
2.498084
2.508257
2.505323
2.487911
2.488889
2.511388
2.511974
2.491237
2.503562
2.485368
2.421590
2.448197
2.433329
2.448393
2.458174
2.513735
2.526647
2.536233
2.503758
2.498476
2.509236
2.499454
2.496128
2.524886
2.503562
2.502193
2.538972
2.570470
2.572622
2.555993
2.547385
2.563623
2.586708
2.594533
2.572231
2.581817
2.566557
2.529582
2.537603
2.547776
2.567927
2.545037
2.553449
2.576143
2.555601
2.541516
2.506692
2.497497
2.499062
2.487129
2.485564
2.460913
2.459935
2.468739
2.467956
2.486542
2.500236
2.492020
2.498084
2.497302
2.496519
2.531147
2.539559
2.554819
2.541907
2.537603
2.517452
2.487716
2.512998
2.517793
2.533704
2.553101
2.581653
2.607372
2.646603
2.647911
2.659898
2.679514
2.655975
2.686489
2.701745
2.738361
2.719400
2.716130
2.734002
2.739233
2.763644
2.716784
2.749041
2.658591
2.469190
2.567486
2.594730
2.652270
2.660988
2.695207
2.708938
2.726156
2.700874
2.719182
2.797863
2.804401
2.798952
2.839056
2.857800
2.908583
2.943673
2.833171
2.863249
2.760811
2.861069
2.875018
2.878941
2.927545
2.902044
2.828812
2.892236
2.859107
2.805055
2.774324
2.637449
2.595384
2.550268
2.562691
2.589282
2.502754
2.565961
2.636795
2.628295
2.644424
2.603449
2.639847
2.630911
2.673847
2.641590
2.722015
2.725284
2.752964
2.727028
2.711989
2.776067
2.757977
2.772362
2.786529
2.825325
2.805927
2.829466
2.827068
2.792632
2.794375
2.820966
2.803529
2.847120
2.865864
2.869569
2.910980
2.902480
2.904878
2.940840
2.909455
2.905096
2.917301
2.951084
2.929506
2.903570
2.839056
2.841671
2.893980
2.857582
2.849953
2.882210
2.969392
2.962635
2.970917
2.977674
2.990751
3.009931
3.021700
3.033470
3.014508
3.022572
2.990751
3.062458
3.062240
3.083599
3.121959
3.124574
3.138305
3.156177
3.149421
3.216332
3.239871
3.259923
3.284116
3.390259
3.463055
3.523210
3.598840
3.557865
3.665316
3.607340
3.585763
3.414016
3.496184
3.555467
3.587724
3.624340
3.605814
3.428619
3.456735
3.508825
3.569634
3.564839
3.599930
3.641777
3.638943
3.676649
3.688855
3.658559
3.644610
3.612135
3.581622
3.573339
3.607776
3.678611
3.701714
3.664444
3.633494
3.646572
3.715009
3.727650
3.691688
3.710868
3.781267
3.795216
3.815049
3.809383
3.788459
3.751407
3.669239
3.645046
3.541082
3.554378
3.603853
3.628264
3.680136
3.660957
3.647443
3.708906
3.683406
3.631315
3.632405
3.540429
3.559826
3.568326
3.587288
3.579224
3.657905
3.742253
3.766664
3.745958
3.722419
3.703239
3.684277
3.725253
3.723291
3.708470
3.652456
3.660739
3.687983
3.761433
3.773420
3.690162
3.738548
3.783882
3.814831
3.879127
3.878474
3.949526
3.913782
3.862127
3.886320
3.854717
3.913346
3.902884
3.895474
3.927731
3.974809
4.020579
4.019925
3.924680
3.925551
3.939718
3.929475
3.966745
3.949744
3.925769
3.965655
3.936231
3.936885
3.887846
3.885666
3.853191
3.892859
3.897871
3.926423
3.971975
3.995296
4.048695
3.982219
4.016220
4.035836
4.097080
4.118876
4.078554
4.140671
4.178595
4.274058
4.380637
4.406792
4.484601
4.463242
4.455613
4.573671
4.526207
4.463564
4.496090
4.598488
4.522834
4.565961
4.642579
4.692211
4.728111
4.652216
4.659444
4.500909
4.478984
4.547409
4.622099
4.586682
4.570539
4.515606
4.597524
4.736303
4.848096
4.862553
4.835568
4.748590
4.694621
4.537049
4.560179
4.560179