1.279466
1.300428
1.295994
1.271807
1.287730
1.288133
1.258504
1.297807
1.293575
1.306071
1.312319
1.316552
1.318366
1.330459
1.323405
1.340940
1.363514
1.394957
1.379437
1.431841
1.459656
1.466508
1.474772
1.475981
1.523347
1.545719
1.498152
1.448368
1.463687
1.487268
1.525564
1.467516
1.471547
1.407251
1.386088
1.406445
1.399391
1.480416
1.488679
1.480214
1.432043
1.450384
1.437283
1.442927
1.435671
1.453407
1.495734
1.501579
1.527378
1.507625
1.544107
1.554588
1.528385
1.557812
1.557006
1.549146
1.569099
1.586030
1.603767
1.597519
1.593689
1.544711
1.574541
1.617069
1.639643
1.659194
1.667256
1.660202
1.657783
1.682373
1.669877
1.606589
1.623721
1.618883
1.579580
1.579177
1.623519
1.647504
1.692451
1.703335
1.720668
1.716234
1.724901
1.676125
1.718653
1.728529
1.723692
1.730141
1.740622
1.748080
1.732963
1.692249
1.687412
1.686606
1.672900
1.691241
1.742436
1.746266
1.773475
1.770452
1.761181
1.759568
1.780127
1.794235
1.778111
1.748684
1.781941
1.777103
1.812375
1.832531
1.843415
1.835756
1.829104
1.854702
1.861353
1.871028
1.904284
1.904284
1.941370
1.959913
1.995790
2.014534
2.002239
2.017961
2.068752
2.083869
2.064923
2.116319
2.132645
2.129219
2.135870
2.176181
2.148568
2.183437
2.207220
2.201778
2.232213
2.221530
2.119141
2.140707
2.193917
2.220321
2.227174
2.200770
2.162475
2.097373
2.097171
2.107451
2.027434
2.053031
1.997201
1.889369
1.905695
1.843415
1.915168
1.953866
1.983092
1.939355
1.985712
1.969386
1.903478
1.791615
1.794840
1.815600
1.898641
1.918393
1.933913
1.973417
1.995588
1.977247
2.004255
2.032271
2.039527
2.025620
2.054039
1.995387
2.022395
1.993976
1.950037
1.941169
1.933308
1.887354
1.888764
1.909121
1.995588
2.009697
2.033682
2.038116
2.047992
2.053837
2.098381
2.127405
2.114707
2.102815
2.143932
2.162273
2.122567
2.135668
2.102613
2.131637
2.213267
2.236647
2.235639
2.238461
2.243298
2.252771
2.262043
2.261640
2.271717
2.290059
2.345688
2.342664
2.339440
2.338432
2.333191
2.361812
2.277966
2.343471
2.246926
2.207422
2.310617
2.354153
2.379549
2.382774
2.366045
2.378138
2.362618
2.341858
2.361207
2.362417
2.361611
2.365642
2.352339
2.291671
2.234027
2.247329
2.221329
2.263051
2.339440
2.353145
2.381766
2.391239
2.391844
2.401317
2.402728
2.404743
2.397487
2.338633
2.341455
2.337827
2.387409
2.358184
2.416635
2.438201
2.465814
2.454729
2.378340
2.375115
2.315858
2.302152
2.249748
2.244911
2.270911
2.281594
2.267082
2.260027
2.271717
2.270508
2.247329
2.238864
2.230399
2.259423
2.263655
2.282803
2.283408
2.303563
2.346091
2.364634
2.372293
2.374107
2.369270
2.387208
2.328757
2.332385
2.347300
2.341657
2.316059
2.303966
2.279981
2.261237
2.264260
2.313036
2.311020
2.324121
2.335610
2.339641
2.352138
2.348106
2.363425
2.386200
2.394867
2.400712
2.428527
2.431751
2.429131
2.442031
2.448077
2.479520
2.500481
2.465008
2.484962
2.455938
2.465613
2.404542
2.431147
2.487380
2.492016
2.465613
2.452310
2.416836
2.410185
2.360804
2.328556
2.333393
2.374712
2.328354
2.293082
2.254384
2.212057
2.189685
2.238058
2.248539
2.174971
2.195933
2.219716
2.213468
2.248136
2.310214
2.287036
2.279981
2.306385
2.304168
2.271314
2.246523
2.265166
2.267214
2.277662
2.284423
2.299787
2.333385
2.352437
2.345472
2.303270
2.227676
2.271926
2.278687
2.277048
2.279916
2.250825
2.221940
2.146755
2.142658
2.109060
2.086116
2.084682
2.128317
2.158022
2.151877
2.198380
2.202887
2.187932
2.190186
2.165398
2.161505
2.194488
2.244474
2.247957
2.265370
2.273565
2.292412
2.299583
2.331131
2.330722
2.330107
2.375382
2.343628
2.352642
2.367187
2.404062
2.427417
2.361246
2.383371
2.363090
2.397507
2.449747
2.464907
2.467570
2.456712
2.401809
2.413486
2.440733
2.414510
2.436021
2.459170
2.528619
2.543779
2.515713
2.557914
2.569796
2.555456
2.559553
2.588644
2.567748
2.595814
2.641088
2.654814
2.622651
2.579220
2.593151
2.583522
2.584546
2.638630
2.636786
2.606876
2.629411
2.667721
2.630231
2.622651
2.639040
2.576966
2.578605
2.530463
2.622446
2.670998
2.665672
2.689436
2.761343
2.742905
2.700908
2.702752
2.732662
2.799857
2.763391
2.728975
2.779985
2.817065
2.872993
2.873607
2.903313
2.897986
2.780805
2.879344
2.817065
2.715454
2.752534
2.830381
2.865413
2.849843
2.903722
2.903313
2.888153
2.902698
2.849434
2.843288
2.841444
2.823211
2.788794
2.837142
2.827309
2.783058
2.820753
2.889382
2.901674
2.887948
2.885285
2.890816
2.868486
2.882212
2.862135
2.821163
2.782853
2.714634
2.673662
2.718936
2.728155
2.777732
2.805388
2.798013
2.771381
2.747412
2.678373
2.660346
2.657682
2.671408
2.633918
2.550539
2.568362
2.613022
2.551564
2.552793
2.497685
2.480066
2.515303
2.547671
2.572255
2.594994
2.597862
2.580654
2.649898
2.680832
2.708898
2.699065
2.719346
2.719551
2.688207
2.724058
2.671408
2.688412
2.688821
2.687387
2.719551
2.734096
2.722214
2.681856
2.702547
2.727336
2.727950
2.734096
2.722419
2.716888
2.733481
2.707874
2.730613
2.679603
2.684110
2.668540
2.675505
2.695172
2.689231
2.700499
2.665262
2.622036
2.603394
2.584751
2.606672
2.591717
2.616710
2.640474
2.613227
2.611179
2.639245
2.634738
2.627158
2.624904
2.614661
2.634738
2.645391
2.639450
2.600935
2.567953
2.546647
2.483139
2.515303
2.541730
2.503216
2.511820
2.535584
2.544393
2.545008
2.545827
2.522883
2.524522
2.514483
2.504240
2.514688
2.510386
2.506084
2.428236
2.428646
2.399965
2.363909
2.324166
2.320683
2.358173
2.369441
2.340145
2.373743
2.393000
2.397917
2.355305
2.354486
2.347111
2.373128
2.354281
2.322527
2.305319
2.274999
2.299378
2.299378
2.338302
2.380708
2.397712
2.399555
2.382552
2.411028
2.414101
2.452410
2.457532
2.459580
2.468594
2.462858
2.479452
2.465521
2.503831
2.514893
2.529643
2.535789
2.504650
2.509772
2.488261
2.500962
2.446059
2.455073
2.485393
2.483754
2.464702
2.464497
2.460195
2.457532
2.463882
2.446879
2.385830
2.398736
2.424754
2.459580
2.467980
2.492153
2.477403
2.467570
2.426188
2.415535
2.384396
2.416764
2.420656
2.466341
2.472487
2.453844
2.437865
2.430490
2.417788
2.394229
2.351413
2.329288
2.375382
2.359198
2.342809
2.306753
2.314947
2.321093
2.318840
2.286266
2.284423
2.338506
2.283398
2.260249
2.221530
2.229724
2.202887
2.174616
2.170519
2.152696
2.138356
2.199814
2.220506
2.208419
2.226856
2.186908
2.166012
2.118279
2.101685
2.137331
2.177894
2.199405
2.199405
2.234231
2.247343
2.254103
2.291798
2.301221
2.303270
2.290159
2.277867
2.299787
2.284218
2.276228
2.312489
2.308596
2.260863
2.258405
2.218867
2.207599
2.209648
2.203092
2.211287
2.208419
2.217433
2.240992
2.186089
2.215589
2.181787
2.133234
2.130981
2.132210
2.122581
2.099842
2.078536
2.045553
2.029779
2.010521
2.056001
2.054362
2.046168
2.012980
2.007244
2.006014
1.989421
1.951521
1.944965
1.954184
1.987782
1.952136
1.900715
1.883302
1.928576
1.981226
1.978153
1.962993
1.904607
1.855850
1.914851
1.863020
1.893955
1.939844
1.919972
1.920177
1.918538
1.942917
1.959715
1.972827
1.947014
1.979997
1.986962
1.987782
1.996386
1.995157
2.008678
2.000278
1.997000
2.000483
2.010317
2.040226
2.048216
2.067678
2.070751
2.063786
2.048011
2.050470
2.075258
2.063991
2.044119
2.037154
2.054977
2.080380
2.084887
2.103939
2.047806
2.052518
2.093900
2.101071
2.063991
2.052928
2.054772
2.034285
2.044529
2.029574
1.972212
1.955004
1.959715
2.007039
2.011751
1.995771
2.009292
2.014414
2.046372
2.052109
2.045348
2.022813
2.062352
2.059484
2.071775
2.047192
2.039202
2.053952
2.052723
2.051289
2.087755
2.097998
2.117460
2.128522
2.122786
2.083452
2.083862
2.067473
2.062966
2.070546
2.036744
2.057025
2.029164
2.040841
2.076897
2.082633
2.063171
2.044119
2.081814
2.107217
2.107012
2.113977
2.117255
2.065015
2.059893
2.051084
2.047192
2.037154
2.083452
2.087755
2.120123
2.112133
2.103939
2.124630
2.101685
2.094925
2.067473
2.021379
2.026910
2.032442
2.015643
2.045143
2.065220
2.075463
2.060713
2.038792
2.091032
2.063171
2.038178
2.058050
2.088574
2.086321
2.041456
2.039202
2.026501
2.031827
2.011136
1.991879
2.005400
1.992084
1.970163
1.962174
1.948653
1.943941
1.961150
1.931649
1.956643
1.989011
1.993313
1.989216
2.019945
2.007244
1.963198
1.973236
1.953570
1.942507
1.926733
1.920996
1.932674
1.919153
1.918538
1.893135
1.861791
1.865274
1.851753
1.835569
1.837003
1.877770
1.864454
1.872034
1.887809
1.956438
1.961150
1.953570
1.961969
1.944556
1.941278
1.893545
1.882687
1.893135
1.855236
1.853802
1.869371
1.871420
1.845402
1.885760
1.916694
1.905427
1.941483
1.948653
1.932059
1.932264
1.925708
1.932674
1.930215
1.958281
1.955618
1.968320
1.941278
1.930420
1.909114
1.886989
1.891701
1.893340
1.905222
1.931240
1.934927
1.927347
1.918128
1.907066
1.881253
1.872034
1.869986
1.849704
1.854006
1.835159
1.822253
1.817951
1.814673
1.829218
1.812419
1.817951
1.801766
1.776159
1.760179
1.753624
1.770013
1.748092
1.764277
1.810576
1.798489
1.824096
1.833520
1.823482
1.822253
1.815902
1.876336
1.869781
1.867732
1.876132
1.879819
1.883711
1.906246
1.943531
1.959306
1.949268
1.973032
1.995976
1.978973
1.997205
1.996181
1.999664
2.008678
1.980611
2.065425
2.079355
2.062557
2.061327
2.097588
2.104144
2.081609
2.085296
2.053747
2.067678
2.144092
2.159866
2.167446
2.150238
2.185269
2.165807
2.191210
2.206165
2.227471
2.251645
2.227676
2.179123
2.228905
2.181377
2.166422
2.182811
2.164168
2.167036
2.220915
2.237714
2.153311
2.209033
2.235051
2.194898
2.183630
2.185679
2.145731
2.118689
2.142453
2.140199
2.108241
2.114387
2.192235
2.212721
2.225422
2.218252
2.210262
2.222144
2.177689
2.170929
2.171953
2.135897
2.122172
2.137126
2.153516
2.153311
2.170314
2.159047
2.140404
2.158842
2.188547
2.208419
2.248981
2.262298
2.206780
2.263117
2.228290
2.209648
2.208009
2.245089
2.270082
2.272541
2.271311
2.250620
2.265575
2.255127
2.220301
2.226242
2.254513
2.286676
2.301017
2.312899
2.303680
2.294051
2.311260
2.321298
2.330107
2.348954
2.337482
2.315972
2.303270
2.275204
2.273975
2.249596
2.211082
2.155359
2.185064
2.188342
2.190186
2.184450
2.123196
2.127908
2.033466
2.039612
2.077307
2.056206
2.062557
2.088369
2.117050
2.118689
2.124835
2.115206
2.069727
2.062147
2.097793
2.132824
2.119918
2.158022
2.178099
2.148599
2.134668
2.092262
2.106192
2.150033
2.163554
2.136307
2.139995
2.105578
2.086730
2.097998
2.149213
2.159047
2.193259
2.222554
2.203707
2.205960
2.208828
2.222554
2.221940
2.222554
2.180557
2.141838
2.175641
2.163349
2.163349
2.166832
2.154950
2.188752
2.192235
2.158022
2.152081
2.120942
2.149418
2.185884
2.173182
2.171543
2.170519
2.179123
2.183630
2.168266
2.162325
2.185474
2.199200
2.172568
2.185679
2.230544
2.238124
2.214565
2.185474
2.196332
2.214360
2.236280
2.248367
2.255127
2.276843
2.283808
2.263322
2.217023
2.218252
2.224603
2.280121
2.273360
2.233617
2.231158
2.190596
2.195512
2.166627
2.196742
2.176665
2.177689
2.171953
2.176870
2.167446
2.132415
2.108241
2.128727
2.137536
2.110289
2.128113
2.148599
2.175026
2.170109
2.164988
2.148394
2.147165
2.139790
2.135897
2.150033
2.172363
2.172977
2.102300
2.148394
2.173592
2.158022
2.152901
2.156384
2.161095
2.145116
2.157203
2.159661
2.138151
2.122786
2.125449
2.113362
2.083452
2.096359
2.106397
2.130366
2.093696
2.129137
2.145321
2.172977
2.168880
2.158637
2.111314
2.126474
2.136102
2.114387
2.077102
2.057435
2.101685
2.130571
2.133029
2.100866
2.072390
2.106602
2.157818
2.177894
2.210467
2.176665
2.171339
2.177484
2.157613
2.190186
2.251850
2.239763
2.260863
2.214565
2.246933
2.296100
2.277457
2.281759
2.248572
2.231773
2.188342
2.104348
2.106807
2.082633
2.116845
2.144706
2.124015
2.110904
2.114796
2.104348
2.033466
2.022813
2.027320
2.059279
2.052313
2.094720
2.095335
2.065834
2.012365
2.052928
2.052313
2.055796
2.059688
2.024452
1.998435
1.998639
2.024862
2.017896
2.010112
2.029369
2.068498
2.088574
2.108651
2.089189
2.092262
2.075258
2.073414
2.065015
2.062966
2.032851
2.021174
2.026296
2.017896
1.974466
1.933493
1.963403
1.973032
1.979587
1.983684
1.952340
1.944761
1.924069
1.958281
1.961150
1.956438
1.929601
1.930420
1.907885
1.903583
1.919767
1.924684
1.942917
1.954799
1.942302
1.967910
1.952545
1.952136
1.951521
1.938205
1.960535
1.954594
1.946604
1.979792
1.991879
1.978563
2.001098
2.023018
2.009907
1.992289
1.955413
1.970368
1.979177
1.989421
1.984914
1.998639
2.005195
2.020765
2.024452
2.033056
2.045348
2.042275
2.033056
2.041251
2.005400
1.997000
2.008678
2.038178
2.024862
2.005605
1.996591
2.004785
2.009087
2.033466
2.013799
2.018716
2.051904
2.084887
2.113567
2.126064
2.136307
2.119508
2.147779
2.156588
2.154540
2.140199
2.141633
2.172773
2.169085
2.161915
2.145526
2.161915
2.191210
2.196537
2.193669
2.188137
2.198995
2.196742
2.164373
2.168470
2.155769
2.184655
2.208009
2.232183
2.261683
2.269058
2.279916
2.280530
2.284423
2.288520
2.297329
2.293642
2.225627
2.230749
2.243655
2.259020
2.223988
2.240377
2.267419
2.273565
2.265780
2.271926
2.278072
2.297944
2.299787
2.269673
2.251440
2.241197
2.238738
2.225832
2.229929
2.241606
2.224808
2.215794
2.191825
2.199405
2.197151
2.228700
2.241606
2.234846
2.258200
2.253284
2.238124
2.232797
2.237099
2.230544
2.267829
2.237099
2.262298
2.235665
2.234641
2.245909
2.224808
2.231978
2.229929
2.249801
2.287496
2.323961
2.336868
2.348750
2.326215
2.325600
2.367392
2.405701
2.464292
2.446469
2.463677
2.371080
2.457532
2.463268
2.469414
2.511820
2.506699
2.500758
2.517556
2.511615
2.488671
2.466546
2.470438
2.510181
2.526161
2.494612
2.465726
2.522883
2.628592
2.679603
2.656863
2.671203
2.689231
2.700294
2.732457
2.723443
2.755607
2.782239
2.664238
2.757655
2.825875
2.836323
2.811739
2.854146
2.841034
2.817270
2.787565
2.772815
2.756631
2.803340
2.781010
2.745978
2.700499
2.710537
2.755402
2.782034
2.791253
2.821777
2.856809
2.844517
2.836937
2.874632
2.884670
2.919497
2.868281
2.900240
2.889792
2.853121
2.882417
2.897986
2.920931
2.934452
2.946743
3.014963
3.036473
3.087074
3.073144
3.097317
3.162669
3.158571
3.165127
3.188481
3.204051
3.261208
3.260593
3.336597
3.373062
3.395188
3.452959
3.470167
3.426941
3.512779
3.562356
3.542074
3.446608
3.553751
3.586120
3.496390
3.625043
3.710676
3.685888
3.640613
3.680766
3.642252
3.656797
3.639179
3.692648
3.542484
3.544942
3.496185
3.586734
3.687322
3.714978
3.716207
3.681995
3.619102
3.590012
3.709447
3.753083
3.837691
3.922709
4.047060
4.133512
4.099300
3.825399
3.829906
3.989084
4.064474
4.041119
4.052797
4.092335
4.207878
4.077585
4.127367
4.163217
4.219350
4.150311
4.052592
4.111182
4.010595
3.773569
3.966345
4.099710
3.985602
3.712725
3.683634
3.846910
3.680151
3.502740
3.287020
3.294395
3.181516
3.018855
3.198315
3.384945
3.548015
3.525275
3.376135
3.451320
3.594519
3.601484
3.632419
3.628936
3.718256
3.654544
3.327788
3.313447
3.459924
3.351347
3.332090
3.297058
3.457056
3.392524
3.378389
3.469553
3.625248
3.621561
3.570140
3.613161
3.614595
3.644505
3.448452
3.519334
3.437799
3.268173
2.984438
2.789204
2.782649
2.934861
3.075192
3.016602
2.913351
2.915604
2.853121
2.949202
3.041390
2.984028
2.985258
2.851687
2.771176
2.931788
2.875451
2.896552
2.985053
3.014963
2.961903
2.985258
2.927281
2.941827
2.920111
2.939368
3.035449
3.061057
3.155908
3.156523
3.114526
3.178648
3.209172
3.211631
3.238673
3.103258
3.168610
3.238058
3.258749
3.250760
3.203027
3.230683
3.245023
3.226381
3.210402
3.336597
3.367326
3.430219
3.446198
3.431858
3.443330
3.413625
3.360566
3.385559
3.384330
3.348069
3.401743
3.406250
3.377365
3.391910
3.428171
3.396007
3.210606
3.227815
3.273909
3.391090
3.411372
3.360361
3.367736
3.302795
3.310579
3.289274
3.288454
3.384945
3.385354
3.383510
3.453369
3.484508
3.607016
3.614186
3.603533
3.595543
3.594519
3.508477
3.554366
3.561741
3.534494
3.276982
3.284562
3.343153
3.102029
3.174346
3.000417
3.007588
2.952684
3.017421
2.913761
2.923594
3.023362
2.982390
2.902903
2.930764
2.972351
2.810100
2.811124
2.720165
2.810100
2.781419
2.847590
2.837757
2.865618
2.840215
2.827718
2.909049
2.919906
2.912941
2.915399
2.991608
3.017216
3.026230
2.822187
2.880778
2.813788
2.872788
3.017421
3.020494
3.004515
3.054706
3.028893
2.949202
2.919497
2.916629
2.981570
2.962723
2.929535
2.996935
3.061262
3.106127
3.106741
3.110429
3.103258
3.122925
3.139109
3.084001
3.158776
3.157752
3.151196
3.206509
3.233961
3.177009
3.145665
3.206304
3.194217
3.260593
3.287430
3.280055
3.241131
3.249530
3.152425
3.171478
3.199544
3.214909
3.231502
3.206714
3.219620
3.236829
3.372243
3.352781
3.366917
3.259364
3.159186
3.177828
3.230273
3.231912
3.218596
3.256086
3.229249
3.158571
3.157547
3.173117
3.202822
3.154269
3.143412
3.160825
3.160210
3.147099
3.265100
3.283742
3.298697
3.359951
3.350118
3.371219
3.334753
3.221054
3.263051
3.352986
3.357698
3.408913
3.415469
3.388427
3.445789
3.426122
3.409323
3.496595
3.510320
3.500077
3.520564
3.531216
3.606606
3.615415
3.723992
3.729114
3.707398
3.776232
3.869445
3.838305
3.819868
3.823760
3.801635
3.746322
3.730957
3.747142
3.696336
3.724197
3.809215
3.698589
3.754926
3.747551
3.674210
3.688141
3.699818
3.694697
3.673391
3.748985
3.797743
3.806961
3.771110
3.790163
3.862069
3.855719
3.860840
3.825194
3.811264
3.798152
3.799586
3.779305
3.749395
3.751444
3.754107
3.755541
3.776437
3.748166
3.710676
3.727065
3.758204
3.731982
3.739152
3.708832
3.603123
3.617464
3.592880
3.621561
3.628116
3.627502
3.662943
3.652700
3.588578
3.604967
3.605172
3.639998
3.683839
3.723378
3.731367
3.724197
3.708832
3.712520
3.692034
3.753697
3.750010
3.738128
3.726246
3.771520
3.838715
3.860635
3.843632
3.827243
3.813722
3.841788
3.792006
3.804708
3.792826
3.798972
3.820482
3.793645
3.835642
3.846090
3.849163
3.876410
3.854694
3.842812
3.814746
3.807166
3.824580
3.837896
3.850597
3.856538
3.861045
3.886448
3.836257
3.845680
3.812698
3.800611
3.816180
3.831955
3.856948
3.862479
3.759433
3.812698
3.800816
3.774388
3.788934
3.800611
3.778076
3.792416
3.772545
3.740176
3.750214
3.755541
3.741201
3.754107
3.798152
3.811673
3.884604
3.880507
3.868010
3.860431
3.862479
3.826014
3.802250
3.783197
3.773569
3.802250
3.843632
3.817000
3.842403
3.847934
3.864938
3.864323
3.863504
3.845271
3.851826
3.850392
3.875181
3.898740
3.912875
3.995845
4.006498
3.976383
3.995025
4.010390
4.150926
4.146419
4.186982
4.178172
4.163627
4.100530
4.108519
4.131873
4.130439
4.140887
4.169158
4.216482
4.196610
4.171822
4.201117
4.262371
4.240656
4.263395
4.264420
4.255406
4.274663
4.361524
4.384264
4.350462
4.356608
4.298017
4.299451
4.315021
4.281013
4.307850
4.362344
4.361320
4.362549
4.320552
4.309284
4.321781
4.375660
4.329361
4.334892
4.410077
4.397171
4.482598
4.437119
4.354969
4.435890
4.416428
4.435070
4.351691
4.328132
4.346365
4.327312
4.273229
4.197634
4.235739
4.207058
4.236763
4.258274
4.295968
4.390000
4.346979
4.331205
4.349233
4.333868
4.383854
4.359476
4.392254
4.388566
4.380167
4.371358
4.352511
4.342472
4.406389
4.508206
4.559627
4.592405
4.638499
4.655912
4.612481
4.567821
4.543852
4.597731
4.568641
4.653249
4.613710
4.654273
4.760392
4.761006
4.693402
4.717780
4.733350
4.676603
4.623749
4.668818
4.668818
4.649766
4.674145
4.689714
4.638499
4.654068
4.678242
4.596707
4.646488
4.731506
4.783541
4.810993
4.858726
4.834142
4.781288
4.801569
4.917931
4.974268
5.001515
4.960748
4.923053
4.885358
5.008276
4.981848
5.118697
5.110912
5.002130
5.057443
5.044946
5.020772
5.014217
5.001515
5.014831
4.968123
4.988814
4.942105
5.007046
5.071373
5.084894
5.094523
5.073627
5.096571
5.056623
5.067276
5.037776
5.010734
4.977137
4.990862
5.059901
5.133242
5.121974
5.097391
5.218055
5.186301
5.217645
5.196954
5.186711
5.238951
5.237107
5.229732
5.295493
5.296108
5.334827
5.390959
5.497897
5.483762
5.502814
5.439307
5.432136
5.506706
5.548293
5.500151
5.530061
5.554030
5.564887
5.632082
5.715461
5.688010
5.685756
5.710954
5.703374
5.703784
5.804577
5.812976
5.784090
5.818712
5.940810
5.923397
5.846983
5.847393
5.933230
5.838379
5.819531
5.916227
5.800479
5.593158
5.588037
5.526578
5.585169
5.567550
5.506911
5.518179
5.604835
5.573082
5.552800
5.459793
5.521047
5.649700
5.592544
5.688624
5.685551
5.640277
5.735743
5.799865
5.838584
5.846983
5.792490
5.760326
5.803962
5.716486
5.846164
5.814820
5.892053
5.928314
6.004318
6.003498
6.032179
6.116582
6.149975
6.078273
6.120884
6.141985
6.245031
6.117607
6.220038
6.152023
6.262854
6.300549
6.210409
6.193815
6.222906
6.015175
5.994074
6.061884
5.947775
5.941220
5.843500
5.685142
5.549523
5.579228
5.401817
5.519203
5.572467
5.619790
5.752541
5.747830
5.784910
5.696204
5.579842
5.627780
5.581686
5.533748
5.612415
5.593978
5.665475
5.703989
5.679405
5.589266
5.600329
5.684732
5.641506
5.672235
5.640686
5.597870
5.514491
5.386042
5.351625
5.350191
5.192037
5.322535
5.309014
5.295698
5.297337
5.382355
5.416976
5.476592
5.468397
5.463071
5.408782
5.347528
5.264149
5.266198
5.326632
5.281153
5.258208
5.399973
5.425786
5.311472
5.329500
5.370882
5.461637
5.478435
5.657075
5.705218
5.717305
5.788392
5.738816
5.807035
5.867879
5.853129
5.757868
5.790031
5.785524
5.799045
5.702350
5.666089
5.690673
5.836330
5.804167
5.767087
5.902706
5.832233
5.972154
6.032793
6.039144
5.985470
5.924216
5.895535
6.097940
6.042012
5.996328
5.963960
5.748649
5.833052
5.803552
5.845959
5.821785
5.759916
5.618152
5.504658
5.664860
5.552391
5.501790
5.428859
5.373136
5.378257
5.528627
5.524529
5.444633
5.572467
5.654003
5.634541
5.605655
5.571648
5.559561
5.625936
5.617537
5.749059
5.777944
5.684322
5.704604
5.650110
5.683708
5.555668
5.406733
5.269271
5.206378
5.364737
5.234444
5.379896
5.375799
5.342611
5.323969
5.181385
5.100669
5.041259
5.083255
5.216006
5.170322
5.176673
5.165815
5.313931
5.292215
5.274187
5.214982
5.170527
5.160693
5.220308
5.085919
5.007456
5.055189
5.021797
5.009710
4.958289
4.969966
5.001105
4.982873
5.078339
5.181385
5.168888
5.321511
5.267632
5.382150
5.365966
5.400997
5.148811
5.155982
5.088991
4.885973
4.980414
4.901542
4.843156
4.837011
4.696475
4.852375
5.072398
4.860775
4.824924
4.800955
4.727614
4.462317
4.459449
4.571304
4.624978
4.818778
4.741545
4.713069
4.697909
4.683568
4.634401
4.655912
4.720853
4.670457
4.717985
4.729048
4.788253
4.682134
4.697909
4.683568
4.578269
4.571509
4.564543
4.638089
4.613710
4.695246
4.850327
4.849917
4.848483
4.747690
4.756500
4.691763
4.727409
4.767972
4.853809
4.800545
4.786819
4.739291
4.688895
4.652634
4.573557
4.595887
4.554915
4.508821
4.478911
4.509230
4.435685
4.396761
4.484237
4.480754
4.468463
4.519064
4.497553
4.542418
4.502470
4.655502
4.635631
4.622519
4.705694
4.744822
4.686232
4.698114
4.718600
4.745437
4.765104
4.790097
4.751993
4.791941
4.843361
4.948661
4.974473
5.020772
5.062155
4.982873
5.123204
5.088582
5.088787
5.064818
5.117263
5.288118
5.199003
5.219489
5.259027
5.404480
5.478435
5.473928
5.452008
5.335441
5.235059
5.341382
5.336875
5.326018
5.379896
5.492981
5.760326
5.693746
5.710749
5.678586
5.715256
5.556283
5.567960
5.689239
5.749264
5.960682
6.024189
5.980963
5.980553
6.087697
6.098349
6.147721
6.228642
6.029925
6.004932
5.967852
6.094662
6.117607
6.122523
6.187465
6.087901
6.152433
6.128874
6.057377
6.051231
6.155711
6.178041
5.831004
5.947571
5.896970
5.695999
5.950439
5.952078
5.901681
6.167388
6.235198
6.093638
5.964779
6.018453
5.994894
5.854563
5.902501
5.940605
6.029925
6.035457
6.013946
5.989567
5.991821
5.863167
5.837764
5.793514
5.923397
6.159808
6.119860
6.105929
6.063728
6.065162
6.089336
6.188079
6.430637
6.413838
6.476936
6.450918
6.437602
6.590839
6.613784
6.835240
6.839542
6.708021
6.610096
6.769070
6.639187
6.625461
6.640006
6.603131
6.672989
6.623003
6.550686
6.543106
6.493325
6.559495
6.552735
6.497422
6.510123
6.558676
6.587561
6.604770
6.589610
6.513196
6.452147
6.427768
6.330254
6.373480
6.359959
6.471609
6.420189
6.537575
6.536141
6.631197
6.617676
6.713552
6.758622
6.790375
6.765382
6.856546
6.994828
6.896904
6.987248
6.977825
7.007734
7.158308
7.211368
7.162815
7.091728
7.105659
7.135569
7.117131
7.088245
6.889938
6.990116
6.977620
6.948324
7.120409
7.084353
7.132701
7.056697
7.177361
7.166708
7.088245
7.084148
7.030884
7.059155
7.026992
7.164864
7.196823
7.193135
7.281636
7.254799
7.261149
7.199691
7.150319
7.212187
7.140895
7.072266
7.190267
7.302532
7.344119
7.310317
7.376897
7.489776
7.544679
7.548572
7.476870
7.495103
7.478099
7.407012
7.461915
7.576228
7.640555
7.601631
7.587496
7.689107
7.687059
7.603475
7.336949
7.259101
7.313389
7.295771
7.280407
7.121023
7.080256
7.093777
7.143354
7.194774
7.289011
7.186375
7.221406
7.207680
7.198052
7.323633
7.293108
7.338997
7.281226
7.238410
7.190062
7.155031
7.176951
7.143149
7.187194
7.207476
7.287986
7.343914
7.331417
7.232674
7.153597
7.231854
7.232469
7.408241
7.477689
7.594461
7.515179
7.595690
7.711233
7.808133
7.790514
7.682347
7.746264
7.491415
6.993189
7.165684
7.236771
7.396564
7.488752
7.466627
7.569468
7.645472
7.627854
7.641170
7.736636
7.670670
7.656125
7.768184
7.748108
7.696482
7.720451
7.589134
7.661451
7.414592
7.600197
7.740938
7.748108
8.016888
7.927363
7.664729
7.802601
7.725983
7.534231
7.433849
7.101562
7.052804
6.927019
6.745920
6.955085
6.827251
7.067964
7.292493
7.375053
7.394720
7.271188
7.426678
7.386525
7.492849
7.520710
7.750566
7.697507
7.862421
7.815098
7.813869
7.945186
7.859348
7.885571
7.946620
8.022419
7.929616
8.080600
8.064211
8.018731
8.103135
8.290174
8.143902
8.132840
8.241827
8.328893
8.381543
8.298778
8.469224
8.635982
8.618979
8.527610
8.732268
8.814213
8.696007
8.764431
8.564690
8.721410
8.834494
8.702972
8.670809
8.836953
8.994902
8.894314
8.922380
9.036284
9.106347
8.961099
9.066808
9.134003
9.084836
9.162274
9.119663
9.269213
9.294616
9.248112
9.538607
9.558683
9.812508
9.813942
9.921290
10.053017
10.051173
10.012044
10.024541
10.060597
10.339415
10.340439
10.580333
10.721688
11.065038
10.993746
11.189799
10.429554
10.523791
10.433652
10.816130
10.956051
11.135716
10.593854
10.734390
10.940686
11.162757
11.167674
11.303908
11.348568
11.325213
11.430923
11.188980
11.073437
11.017305
10.976947
10.711650
10.638924
10.791342
10.987805
11.158250
11.051517
10.919790
11.056024
11.179351
11.382370
11.491767
11.660983
11.932631
11.944513
11.911940
12.031375
11.923822
11.592354
11.228518
11.193077
10.825758
10.962607
11.175254
11.204345
11.310463
11.144730
10.924502
11.040454
10.937409
10.925936
11.118712
11.022017
11.079788
11.073028
11.194306
11.323575
11.566951
11.963360
12.081976
12.065587
11.985895
11.922593
11.681060
11.894117
11.867690
11.774272
11.444648
11.439732
11.641726
11.882849
12.065792
11.862773
11.872606
11.930582
12.092629
12.178876
12.018468
12.188504
12.220463
11.986715
12.095292
12.024000
12.227633
11.949635
11.692327
11.806436
11.900058
11.875065
11.824259
11.478451
11.467183
11.515941
11.409002
11.693352
11.711175
11.908048
12.217595
12.240335
12.290526
12.242793
12.387836
12.367554
12.597000
12.596386
12.804321
13.026597
12.980708
13.059990
13.112844
13.103011
13.035406
13.244366
13.388589
13.358065
13.571737
13.790530
13.947045
14.451007
14.568598
14.912152
14.706470
14.475385
14.735766
14.603834
14.279947
14.038823
14.072216
13.864280
14.288346
14.664678
14.952510
15.378420
14.834714
14.574539
14.373159
14.548112
14.740887
15.193019
15.296270
15.259395
15.439059
15.676700
16.161609
16.781114
16.177794
16.126373
14.928132
14.771002
14.037389
13.823103
13.823103