1316.4550
1302.0840
1292.7140
1272.6450
1281.2610
1249.8140
1205.1460
1186.4330
1201.8770
1152.1480
1149.4830
1108.6100
1109.9940
1183.1540
1189.5830
1189.4280
1112.8350
1140.3770
1145.8550
1221.7600
1215.7430
1236.9690
1246.8420
1216.7880
1241.0230
1235.0920
1254.6110
1253.1210
1255.9970
1244.6030
1227.2290
1245.8670
1275.6140
1288.4440
1328.3880
1351.8540
1377.0370
1362.4040
1343.1380
1376.3290
1338.7020
1341.9070
1368.3780
1382.4170
1385.7900
1369.9010
1373.0120
1350.0090
1354.0980
1352.5330
1313.4660
1317.5790
1296.5740
1302.2480
1337.7280
1332.2010
1333.7050
1357.7420
1366.7160
1344.7340
1350.6890
1344.5810
1341.5020
1341.7660
1326.5460
1330.6420
1324.8670
1318.6610
1309.7270
1312.4830
1331.7140
1349.7850
1353.6070
1342.2920
1344.7830
1335.4510
1319.8140
1311.6800
1300.1190
1261.5220
1277.2350
1258.8290
1298.8780
1280.1600
1284.8360
1265.9660
1270.3360
1270.3820
1246.0190
1245.8860
1238.5770
1213.3880
1219.5230
1196.6230
1245.6130
1252.5140
1243.7430
1252.8510
1246.8430
1235.5720
1222.1190
1224.6540
1248.8370
1236.0490
1245.0810
1288.5220
1409.5050
1409.2260
1417.3070
1422.5120
1431.1750
1415.3300
1425.8140
1427.3900
1412.6170
1415.4030
1423.6960
1419.4710
1392.9010
1390.9290
1389.4500
1379.3800
1382.4120
1393.0220
1397.4110
1403.2530
1380.2820
1375.6130
1372.8920
1364.9960
1361.4090
1368.7970
1371.9090
1358.1600
1355.3030
1359.9930
1353.4790
1368.9940
1366.7950
1359.6770
1350.3110
1340.2160
1342.3570
1351.5070
1340.9680
1349.6220
1347.1600
1370.0460
1370.9570
1381.5490
1379.4190
1366.1810
1369.7600
1368.3970
1362.6700
1361.2980
1362.1520
1366.7100
1358.7800
1341.4680
1334.3430
1323.1320
1324.2100
1319.0340
1322.2320
1321.8090
1302.6170
1304.3760
1295.5610
1319.8170
1305.7470
1304.9240
1299.1850
1299.5230
1291.3780
1285.6520
1272.9390
1247.5330
1241.5520
1237.1400
1243.7440
1238.9670
1247.7200
1228.2630
1233.6680
1237.3620
1254.7390
1255.6350
1244.5590
1233.5780
1219.4250
1226.7750
1225.9400
1225.3380
1227.8490
1246.8040
1265.7300
1260.0540
1259.8700
1232.9450
1218.3560
1200.9200
1206.4190
1183.6350
1186.9230
1174.8250
1182.6360
1154.8980
1125.3800
1128.0720
1133.1700
1111.0530
1118.9640
1150.5850
1164.6180
1132.9290
1144.6290
1147.5350
1139.7510
1139.8030
1136.2460
1122.9070
1117.4370
1122.2290
1132.0790
1141.5230
1148.5990
1143.9410
1145.0690
1157.3370
1159.4300
1159.0600
1151.1600
1119.3590
1120.2760
1108.9400
1103.6410
1074.9840
1073.5240
1084.8840
1081.6220
1111.8320
1132.1700
1121.5760
1124.3300
1185.8650
1177.9710
1196.3860
1190.8950
1194.7220
1172.1310
1174.5670
1167.6350
1187.6940
1203.3190
1206.8590
1207.5970
1190.4590
1201.2940
1214.8040
1208.8410
1213.6990
1204.6970
1204.9360
1216.5780
1215.1510
1191.6280
1192.9940
1214.8530
1214.3960
1215.4570
1213.8620
1223.4080
1222.3800
1217.8880
1202.4400
1198.7440
1178.1530
1177.8020
1182.4170
1175.1570
1177.6100
1179.2340
1173.7890
1180.2280
1175.8610
1185.4220
1187.6410
1176.0950
1171.1990
1201.3710
1199.2640
1215.1680
1223.5590
1222.9710
1215.3400
1223.5580
1217.9240
1221.5670
1243.0570
1255.2370
1274.9980
1306.5130
1317.2880
1304.1000
1307.7150
1300.4110
1274.6100
1274.6850
1254.1310
1218.6850
1205.3810
1250.6810
1231.5650
1239.9520
1251.3090
1216.4260
1243.1030
1273.3700
1274.2580
1275.8610
1261.3270
1259.0150
1270.4320
1283.6680
1292.6900
1293.6810
1277.6920
1294.7720
1300.8650
1300.4860
1285.6520
1296.4440
1279.5390
1262.0640
1249.1650
1255.9280
1278.2650
1273.5130
1277.3230
1273.5580
1268.9240
1266.7210
1253.6810
1244.6560
1231.9380
1235.1230
1226.6430
1238.4800
1220.7360
1214.5470
1215.1990
1227.9520
1231.1660
1229.9750
1232.0760
1239.8480
1231.7980
1257.8150
1255.9340
1251.0890
1254.3640
1259.8960
1269.3980
1241.5740
1232.1450
1235.2990
1239.4450
1231.0230
1218.6660
1213.1480
1219.7620
1221.7570
1222.7370
1226.2390
1240.0700
1239.0460
1232.9360
1232.9740
1218.1120
1222.2010
1225.8550
1210.5610
1203.2440
1201.3230
1197.9860
1201.6640
1195.6810
1194.6290
1191.4320
1177.2970
1179.3290
1178.4010
1169.3800
1178.5740
1199.8140
1197.2980
1198.4410
1196.5010
1183.9130
1177.8290
1172.0510
1176.0360
1176.9270
1164.1800
1152.3570
1159.7160
1147.3040
1148.0820
1149.2870
1141.1390
1147.2890
1150.4920
1136.6920
1131.2950
1116.5470
1127.1440
1131.2700
1128.7670
1155.4200
1151.7780
1142.3000
1139.0150
1124.3710
1128.0990
1120.3590
1124.5430
1152.8300
1143.7130
1140.0340
1130.4560
1130.7050
1123.2230
1110.7990
1111.6170
1123.4800
1145.1680
1138.9130
1118.9190
1103.7770
1108.0270
1108.8900
1089.3060
1091.7080
1100.0160
1095.9450
1080.9970
1098.0510
1129.1320
1115.4690
1147.5890
1151.5430
1155.2650
1136.0180
1142.9750
1168.5070
1168.4020
1172.4690
1178.6530
1176.6610
1164.4270
1169.2770
1184.6760
1184.6340
1183.1070
1184.6740
1178.3500
1169.4120
1173.3970
1163.6400
1195.4370
1201.0810
1212.3330
1209.0600
1208.5230
1199.2540
1207.0980
1194.7440
1204.6130
1240.4670
1251.1350
1266.2680
1284.3380
1266.4060
1294.6840
1293.1840
1277.9610
1273.6160
1284.2960
1311.9470
1281.3340
1307.2670
1320.9960
1348.8640
1353.8510
1347.2210
1368.8410
1363.0620
1354.7490
1345.6580
1342.3350
1373.3000
1380.3650
1391.3550
1385.9780
1391.0950
1359.2390
1356.3140
1329.4420
1335.8630
1351.6100
1366.9140
1363.1940
1341.2150
1349.8480
1341.7580
1317.2960
1314.1670
1344.9890
1357.8430
1358.5140
1389.6760
1395.3650
1398.0170
1372.1630
1393.5710
1399.5500
1389.5200
1385.3740
1385.8620
1386.4770
1371.7000
1372.0490
1384.9540
1396.6320
1405.9180
1401.9700
1410.4280
1408.7740
1402.7710
1370.2760
1364.6810
1353.8300
1332.0750
1318.8520
1331.0820
1312.0020
1301.0860
1289.6540
1296.4350
1276.3070
1276.9490
1264.3440
1258.1120
1233.6000
1239.7200
1206.5860
1212.5750
1240.0160
1234.5780
1207.2610
1195.1890
1209.6090
1209.5790
1201.7130
1209.2130
1200.7890
1177.7120
1183.0130
1208.6820
1201.7210
1206.8410
1224.1050
1211.9320
1193.5540
1192.7760
1176.2630
1160.3310
1137.5460
1139.5100
1140.5280
1115.4060
1134.8980
1141.0930
1116.5040
1103.4030
1109.3910
1119.8820
1110.3190
1099.9030
1081.9580
1069.5060
1084.6170
1078.4850
1112.3890
1114.9450
1116.4160
1121.2840
1110.6240
1113.0270
1106.9150
1083.1780
1086.8150
1088.7790
1104.0070
1132.7990
1134.5010
1125.8760
1125.6620
1097.8590
1101.5990
1087.2680
1083.3980
1089.5200
1104.1670
1088.6770
1080.5500
1073.5830
1103.5510
1088.8140
1088.2410
1093.4790
1098.5860
1086.0770
1074.8170
1077.2450
1067.5960
1072.5100
1071.8270
1059.1980
1060.2290
1047.2120
1059.4200
1055.5260
1050.9950
1039.2380
1038.3440
1055.9700
1040.0550
1045.3690
1043.5370
1039.6680
1041.4850
1031.6060
1012.5560
1015.1510
993.2630
1023.4060
1066.2820
1077.9150
1112.7670
1152.1260
1143.4580
1120.1080
1157.9280
1135.9730
1128.0480
1136.3390
1124.0080
1109.3240
1131.9150
1126.3320
1103.5470
1104.1780
1060.1270
1061.6420
1063.4720
1066.6360
1062.9020
1049.9680
1063.1430
1049.1900
1059.2540
1069.6850
1068.6780
1050.2990
1038.4280
1035.7330
1054.6930
1032.7230
1033.8040
1034.8050
1037.2100
1076.2810
1070.2710
1072.6190
1084.7060
1084.6520
1074.3940
1085.0340
1091.3710
1094.3510
1084.8790
1077.6710
1076.3430
1074.9860
1061.3520
1062.8140
1058.1500
1056.0610
1058.3340
1060.2540
1048.1810
1049.1760
1059.5310
1043.5540
1037.4520
1034.2930
1037.8830
1033.2720
1022.9960
1009.3730
1008.1190
1034.0330
1015.5100
1016.3980
1012.4450
1010.6970
1005.5270
1003.9890
1000.0000
982.7940
992.5640
983.1740
983.9580
993.8790
997.1350
996.7480
996.8770
988.3060
967.4520
974.6890
967.2100
956.2450
982.6040
998.1330
997.7750
989.9280
974.6310
969.2090
954.8790
955.9510
1006.9130
993.2150
1016.8580
1023.5840
1020.6060
1006.0550
1025.6330
1046.7440
1043.9440
1045.4600
1046.7610
1039.9890
1035.9340
1021.3200
1027.7100
1023.6670
1029.8710
1048.9870
1046.5440
1022.4130
1027.4290
1031.0260
1013.5230
1003.0650
992.8630
978.6650
981.8930
964.0240
959.0100
964.8010
962.9550
960.6960
955.1900
937.0340
942.2030
978.1450
962.1680
955.5980
973.6680
984.7330
1003.4450
995.4210
978.6970
1000.9000
986.9750
974.0820
963.7720
965.8860
950.8670
943.9810
939.1010
930.0700
937.0830
926.6040
942.0730
932.3950
909.1740
913.0760
901.8510
885.8200
887.5430
875.2710
881.4620
883.1960
884.1710
882.7630
863.3410
868.4560
868.4510
857.3310
849.5080
855.6120
855.9460
837.5320
818.3790
818.0330
838.9970
837.2820
905.7730
912.6040
894.5560
892.9590
883.5370
866.8340
879.2370
880.3450
906.2550
896.1660
900.6460
893.5720
898.3010
916.0430
903.7160
898.8980
878.6860
859.4940
855.9320
849.6790
842.5560
844.7290
829.4890
824.0970
851.8160
846.2310
849.5900
841.0010
832.9950
835.6080
842.6410
843.9870
859.6930
856.8600
876.4800
894.0120
890.8850
888.1640
891.6070
903.5980
909.5700
904.1500
923.8030
927.4710
933.0890
940.3700
953.9920
938.3160
954.5020
945.0580
953.0120
920.6710
923.0380
931.6730
923.4140
930.6510
930.1180
928.2580
917.3710
914.8800
927.9160
944.5590
947.8710
952.7170
936.6100
952.7580
955.2820
949.0650
949.5060
963.7740
970.1930
969.5980
967.4950
971.1360
961.9190
944.4080
923.2740
916.1540
918.4850
904.2140
903.7190
915.9750
917.3920
907.3210
919.7200
923.4850
916.4990
904.8280
897.6230
902.3660
898.7440
899.9150
904.4140
906.6520
894.2720
875.8200
875.8490
867.7290
876.2820
872.8650
882.4780
874.5750
878.3610
877.2780
881.5240
879.2520
862.9680
864.7900
862.1490
856.6350
863.1190
862.6580
882.2410
883.8710
869.6170
876.2290
881.4930
884.1050
880.1670
871.3100
873.8250
873.0670
869.9360
859.6100
866.0750
873.8380
874.0560
887.3580
888.5180
889.1010
898.1530
896.4340
902.5610
902.9100
907.3180
903.1440
908.7540
915.8900
922.3780
919.3600
920.9190
932.0310
923.4510
941.4280
959.1340
970.0320
975.2530
978.1540
973.4770
983.7160
978.8090
961.4390
964.2900
983.6220
991.2220
993.3400
996.1620
999.0930
1009.5970
1033.2340
1029.9370
1033.0720
1019.5990
1032.3370
1031.6140
1038.5310
1041.6600
1020.1210
1020.3680
1021.6390
1038.8160
1037.8850
1041.3730
1049.4440
1047.8450
1053.0100
1056.6190
1038.6660
1041.6770
1038.8730
1014.9730
1009.2710
1004.3440
1008.8970
1019.8640
1018.2720
1028.9580
1027.6160
1024.0150
1037.6590
1040.7570
1047.6660
1048.5370
1042.6010
1050.7070
1055.9820
1065.2940
1055.6340
1061.0880
1079.3220
1089.3710
1099.9700
1103.2370
1103.1540
1117.9100
1123.3080
1117.0730
1093.9250
1118.6070
1124.4140
1131.2810
1138.2410
1134.3810
1149.1580
1142.6980
1141.9300
1155.7260
1155.2680
1172.3470
1218.4450
1251.6110
1265.9330
1255.0350
1296.2570
1352.1550
1331.1270
1335.5230
1331.2010
1366.0970
1373.6740
1317.6540
1308.2420
1307.6970
1331.0200
1366.2920
1378.7560
1365.4510
1402.8790
1390.1160
1403.1630
1399.1420
1320.2330
1325.9790
1294.1850
1297.6700
1298.2760
1283.8800
1285.3850
1318.0100
1334.8930
1338.2230
1333.5320
1331.5530
1339.4460
1363.4130
1363.8960
1362.8850
1395.1240
1393.9630
1420.3280
1411.0130
1393.0090
1418.6750
1410.4290
1412.1240
1418.5750
1419.1990
1346.0880
1357.1290
1372.2540
1373.4160
1336.6440
1345.1940
1356.0330
1358.1220
1374.1700
1371.2950
1355.5450
1341.3930
1294.3280
1282.0570
1275.0880
1271.7440
1241.9080
1224.1020
1252.3860
1251.2980
1271.4730
1275.6540
1245.7210
1265.8630
1283.5670
1271.6270
1267.8660
1270.5620
1285.2680
1285.6800
1292.4010
1295.4370
1325.8940
1330.1550
1334.6710
1338.6940
1318.0990
1337.2430
1340.6820
1346.3670
1328.3770
1332.1530
1338.7550
1347.6390
1338.3860
1338.2780
1362.3220
1375.5630
1378.3090
1378.4590
1387.3700
1374.8520
1372.3990
1357.6460
1371.1170
1387.0020
1403.2650
1436.0740
1437.2450
1435.9060
1426.5000
1430.8820
1418.5170
1414.4480
1437.5930
1439.3770
1440.1820
1408.7150
1440.0540
1446.8250
1456.0950
1439.0500
1446.2390
1464.4730
1479.4090
1479.6560
1488.2910
1507.8910
1516.1040
1498.1730
1524.7140
1504.0620
1475.7790
1493.7760
1534.7620
1533.2880
1562.0840
1593.1580
1612.2490
1624.0280
1634.9140
1636.5800
1651.8010
1644.0140
1667.1420
1714.3580
1729.2240
1780.7360
1794.2310
1779.4110
1775.7140
1711.5840
1789.9240
1802.7880
1803.8560
1836.1430
1867.6360
1916.1080
1921.4440
1936.5470
1908.9850
1895.6440
1939.1040
1938.2380
1982.8770
1979.9330
2041.0470
2067.0920
2072.8830
2131.5560
2200.0860
2255.9660
2231.6290
2173.7470
2287.3420
2353.8740
2308.9310
2317.0950
2396.0930
2491.3130
2508.1300
2536.4280
2452.8310
2512.9220
2576.9170
2551.8840
2385.3350
2395.1720
2298.0030
2271.7970
2316.0400
2369.7870
2410.6010
2397.2450
2485.3920
2522.6300
2588.3490
2668.6330
2676.7350
2707.6760
2457.4920
2544.5710
2473.5440
2508.7290
2475.6060
2520.2930
2589.4360
2627.6300
2611.3930
2616.1720
2640.1690
2597.3570
2645.5460
2604.2260
2659.4130
2672.7710
2702.5970
2711.3220
2716.2660
2764.0340
2784.0230
2797.6490
2783.3050
2781.7840
2850.1070
2888.1150
2911.8210
2945.0450
2972.0080
3038.1720
3081.5680
3121.3190
3176.4370
3169.2330
3255.9980
3283.6040
3304.5010
3150.3030
3289.2820
3431.3180
3445.1960
3448.2810
3493.5810
3470.5230
3558.7090
3686.0300
3701.2770
3724.5100
3702.6120
3734.4200
3604.6360
3700.2870
3778.6050
3776.6290
3831.4430
3870.4890
3938.9450
3919.7480
3985.2520
4072.5780
4168.2890
3886.4590
3927.9520
3803.9540
3511.4310
3634.6330
3677.5800
3802.3040
3837.8670
3931.8620
4036.1090
4118.2680
4075.8210
4099.3810
4227.5690
4253.0000
4157.5990
4197.2800
4051.4260
3877.5900
3928.2130
4040.4840
3858.5220
3764.0780
3757.6550
3832.2270
3743.5820
3537.4350
3710.2830
3821.3020
3775.6210
3789.8740
3816.9210
3820.1240
3697.9660
3789.6510
3807.5740
3806.9970
3971.8840
4156.7230
4161.3520
4255.4630
4303.1850
4307.1430
4410.2970
4460.5640
4290.4770
4436.1920
4598.3790
4703.9840
4724.5470
4668.0870
4777.2860
4726.6830
4721.1920
4795.5680
4798.7500
4721.9420
4626.5830
4885.4270
4972.7110
5051.6880
5135.9300
5217.5810
5243.1470
5251.7700
5171.8220
5241.2280
5296.8130
5419.1690
5360.3330
5363.2510
5412.0370
5294.7950
5377.2220
5124.0920
5202.8560
5349.9700
5397.2780
5498.9080
5476.8390
5419.2680
5494.9150
5468.0980
5513.8950
5454.6150
5361.0210
5427.6570
5580.8130
5653.1360
5675.9270
5685.7590
5760.0780
5737.2210
5821.4470
5877.2020
5824.1170
5615.7470
5614.0600
5472.6770
5540.0900
5588.0140
5333.7920
5394.8070
5508.3570
5596.0680
5688.5430
5605.2320
5472.9300
5360.3050
5317.5490
5350.6290
5093.6690
5040.5250
4978.2520
4939.2440
5145.8880
5081.1130
5007.6620
4994.4160
5069.3820
4997.6200
4772.6170
4856.1610
4800.0820
4711.1520
4648.7510
4842.0700
4737.4080
4772.6740
4829.2140
4965.9470
4971.0550
5041.3500
5133.5620
5140.0000
5077.3900
4884.2980
4977.6520
4857.2890
4829.9090
4946.2850
5037.1950
5101.8520
5207.1340
5216.8130
5265.0260
5367.5300
5338.2750
5385.1030
5422.0340
5483.6500
5556.5930
5528.0540
5613.7580
5672.1540
5699.1470
5731.7570
5696.4500
5505.7170
5365.6240
5414.4680
5145.7340
4753.8680
4975.1110
5027.2130
5077.4290
4731.8830
4762.0830
4710.6520
4620.4010
4571.9450
4950.1240
4921.8290
4816.0840
4880.2520
4813.3110
4910.9920
5020.7530
4908.7170
4876.0300
4702.2410
4519.7830
4515.5330
4639.7680
4622.0560
4674.5500
4790.7440
4671.1480
4628.7240
4685.0300
4621.6850
4431.5890
4441.1840
4309.6480
4198.9600
4157.8710
3965.2790
3763.9480
3888.8610
4001.8320
4037.8300
3857.0910
3905.7740
3914.3700
3748.9200
3918.1560
3790.5300
3582.8550
3547.9770
3650.6980
3845.8220
3891.0590
3688.1250
3754.7150
3783.7280
3536.3270
3583.2990
3494.0160
3386.6300
3272.4990
3267.5540
3296.2770
3453.7270
3774.5040
3803.0700
3729.1540
3776.9430
3959.1190
4055.7790
4010.8880
3821.3190
3925.0410
3878.9240
3904.9200
3851.6870
3975.7820
3948.0880
3936.1210
3914.0720
3710.8180
3783.0490
3711.4440
3675.1470
3559.2170
3576.1970
3676.2300
3580.8680
3611.3300
3625.8260
3614.1110
3546.9160
3512.1380
3489.5020
3206.5620
3140.2990
3084.6330
2979.1170
2952.2420
2842.6760
2991.2730
2773.0760
2849.6680
2789.9410
2851.9150
2969.5370
2980.9070
2816.0210
2791.8190
2698.3470
2699.5970
2760.6120
2741.8520
2882.7630
2901.8410
3015.1260
2973.7280
2953.4980
2975.8740
2852.9790
2745.5960
2718.0680
2815.4620
2911.0510
2904.7430
2883.3200
2977.3620
2939.2020
2960.8510
2905.6300
2884.3840
2805.2100
2840.7880
2773.1500
2703.0790
2721.6930
2720.4420
2591.4620
2456.8110
2444.1550
2444.6720
2443.5120
2447.6150
2313.4020
2348.4720
2532.9400
2443.9790
2404.9280
2400.5480
2331.5320
2325.2920
2335.8650
2391.6400
2309.1710
2285.4110
2245.9640
2251.1460
2183.4320
2126.5180
2139.1450
2143.1760
2072.1260
2077.8460
2000.6510
1929.1350
1895.9900
2073.1130
2207.6140
2123.4780
2138.8530
2223.5320
2243.6570
2128.6960
2102.4480
2022.8810
1995.2970
1906.9600
1985.4860
1934.6190
1914.3560
1820.9030
1833.2620
1896.7330
1881.4060
1833.3230
1834.7800
1781.5980
1654.6710
1705.8200
1658.2230
1697.6560
1663.6600
1653.5420
1627.7590
1691.4200
1649.7760
1677.8270
1801.6650
1781.3610
1801.8230
1874.0820
1943.6540
1987.2250
1839.8190
1953.1630
1932.4280
1920.7350
1837.6420
1834.2940
1843.4950
1870.4730
1829.9240
1864.2050
1868.6310
1952.6680
1982.9280
2013.1750
2095.0360
2040.8470
2096.3930
2046.3370
1960.3800
1975.0340
1994.4500
2001.4200
2045.1020
2052.1140
2017.5490
1918.9550
1887.0750
1870.7650
1862.0960
1854.7570
1833.4350
1817.7220
1882.9590
1942.7950
1931.1780
1887.9910
1918.3650
1920.6870
1876.1850
1955.2440
1954.8740
1990.2140
2012.4650
2025.1900
2021.7100
2044.5510
2032.6820
2057.0630
2108.9100
2166.4140
2150.9710
2237.2800
2296.6720
2326.7550
2331.1380
2318.3430
2399.0650
2462.2450
2385.2930
2275.8430
2298.4120
2344.3200
2410.4810
2301.8490
2304.2510
2190.1850
2140.4890
2164.6660
2142.1540
2285.1490
2304.9190
2286.5760
2202.5270
2240.7820
2220.3800
2215.7000
2205.4220
2241.6140
2322.4030
2332.6520
2382.5640
2379.8380
2439.3950
2451.7830
2401.3270
2479.7890
2498.9310
2484.4870
2507.7890
2548.2220
2576.4000
2570.5030
2576.9500
2479.3480
2517.6690
2595.5300
2656.5180
2676.8720
2686.9900
2687.1060
2650.6910
2707.6670
2675.4420
2576.2810
2593.5640
2572.8880
2513.2920
2518.5310
2605.3700
2622.9260
2714.3010
2727.0140
2764.9790
2767.0760
2789.2190
2725.3160
2788.5620
2814.0050
2792.5970
2796.1160
2810.5730
2840.0840
2812.8650
2750.0100
2740.6770
2752.7160
2719.7640
2759.7120
2858.3420
2865.0990
2939.3870
2953.7510
2939.3060
2948.4780
2960.5560
2989.5950
2961.6290
2906.2860
2966.1920
2961.2200
3010.5880
3057.4280
3080.0010
3082.5630
3083.8950
3120.7300
3117.9210
3128.4210
3179.9720
3166.4740
3237.9030
3282.3590
3327.1350
3374.7530
3340.4930
3352.2690
3396.3040
3398.3100
3361.0110
3454.7530
3493.3050
3501.2400
3519.8090
3591.1230
3539.8320
3606.9240
3651.9690
3667.5560
3743.6260
3755.8180
3558.5080
3634.8180
3734.6220
3787.0330
3786.6150
3740.9360
3663.1200
3555.0950
3544.5390
3556.3750
3397.4000
3440.8200
3344.4620
3140.2710
3171.9860
3014.5680
3144.3900
3203.6240
3229.6000
3109.8300
3172.3860
3156.3010
3046.7810
2830.2710
2843.7000
2890.9260
3051.9640
3077.1420
3104.2080
3170.9670
3194.9090
3162.9140
3238.1330
3293.3940
3302.6420
3258.2360
3320.0960
3199.6890
3208.6040
3131.0260
3060.0690
3080.9260
3058.5280
2972.6430
2972.2860
3004.8050
3163.7080
3151.6320
3198.5170
3227.3990
3239.6430
3241.7090
3329.1580
3377.5740
3369.2850
3347.3200
3413.2520
3414.2390
3314.7220
3329.3270
3247.0510
3280.3720
3392.8030
3435.4250
3453.8880
3464.3180
3483.0210
3495.7880
3503.7760
3495.6740
3499.9920
3518.7220
3625.7980
3628.3540
3630.2290
3642.4370
3631.0130
3665.5090
3548.0800
3629.6290
3485.7730
3382.5100
3511.6690
3560.8310
3597.3290
3590.8760
3643.4910
3668.8320
3624.0190
3554.4780
3577.2370
3575.0200
3612.7530
3583.3410
3560.7230
3480.1530
3391.7350
3396.6220
3305.5430
3336.4800
3438.8170
3424.7830
3478.4330
3500.7370
3558.8570
3575.6840
3535.2290
3564.0380
3541.7270
3471.4560
3480.1300
3482.0520
3534.9160
3421.1440
3469.0510
3482.7380
3500.6840
3507.4820
3394.4340
3408.5740
3366.1970
3328.0140
3242.7970
3198.5660
3206.5700
3204.1550
3152.7070
3146.1890
3230.7150
3218.8020
3153.0870
3150.9880
3169.1900
3214.1300
3220.3980
3251.2780
3233.3450
3198.6340
3244.4830
3292.1280
3281.6660
3324.4230
3311.2360
3335.0810
3250.5730
3259.7640
3286.1780
3305.8630
3279.6940
3276.7050
3233.1260
3183.1830
3203.9710
3273.9160
3267.5550
3293.8710
3302.6280
3275.5730
3276.6690
3229.1280
3275.0020
3358.5400
3366.7080
3345.6070
3391.9350
3407.3460
3405.1450
3386.9490
3346.7440
3379.1700
3351.4780
3391.7160
3403.7070
3394.5740
3356.3320
3176.4230
3173.3740
3236.6790
3201.5410
3190.0030
3171.9970
3108.4090
3097.3530
3060.0640
3067.3650
3019.4490
3036.3940
2896.8560
2836.7890
2858.2330
2800.8170
2818.1600
2886.9110
2868.0230
2714.7150
2771.3480
2762.1740
2726.0220
2768.7910
2873.4690
2813.9430
2813.9440
2859.9790
2850.3020
2773.2640
2744.1620
2757.5270
2736.0760
2744.3910
2695.7150
2699.3360
2782.1330
2750.0230
2758.8660
2742.7330
2696.1660
2780.6630
2783.7200
2758.4950
2757.4980
2736.2870
2716.7770
2592.0190
2563.0700
2526.0710
2534.1050
2512.6510
2562.9020
2580.4770
2575.9210
2647.1040
2676.2180
2634.5930
2653.6090
2608.5190
2616.1280
2682.4720
2741.5030
2747.3350
2781.2860
2793.0760
2811.0550
2795.7240
2863.7240
2877.9760
2868.8460
2917.2750
2865.9710
2876.4340
2850.8290
2897.6590
2918.2410
2832.6380
2850.2110
2816.3860
2855.5470
2922.0830
2942.2910
2937.3620
2955.3950
2898.3330
2896.1920
2911.8270
2843.0230
2850.0930
2858.5660
2915.0100
2903.1880
2884.0420
2921.3930
2920.2050
2975.0900
2983.1080
2980.9670
2926.4600
2932.5540
2962.3190
2965.0090
2913.1940
2857.7890
2861.3690
2849.8280
2857.4760
2905.0290
2880.9070
2874.8120
2935.5740
3044.2330
3132.8950
3172.7260
3217.5770
3224.1400
3327.6830
3306.1600
3375.6740
3396.8790
3374.6850
3378.6550
3481.0810
3466.0840
3403.8720
3397.6920
3379.9830
3472.9950
3463.1310
3420.3410
3480.5050
3520.7980
3548.5660
3523.9540
3499.1110
3509.9750
3291.8330
3314.8930
3169.5380
3103.9060
3147.9620
3178.8460
3171.9410
3107.1760
3177.0430
3223.4840
3194.8530
3190.0500
3136.9850
3136.0240
3155.0590
3158.1560
3165.5700
3200.3390
3171.8820
3123.3660
3161.9770
3261.0610
3269.4740
3247.6440
3230.6650
3225.6610
3178.6570
3249.5090
3215.4530
3188.6070
3162.9550
3099.7090
3044.9310
3061.8300
3064.0980
3128.2610
3189.6820
3175.6620
3159.6430
3166.6240
3108.1870
3124.9220
3142.3370
3141.2840
3091.8620
2974.3500
2977.6480
3044.8510
2944.7130
2983.4560
2954.2320
2938.6540
2978.4310
3026.4660
3036.7350
3076.5080
3077.2830
3040.9490
3104.1630
3120.9560
3219.1430
3217.6710
3248.5270
3245.9070
3211.8760
3257.9080
3163.5780
3174.7420
3190.9350
3197.6170
3239.5590
3254.8930
3243.2980
3221.7180
3270.6660
3334.5100
3337.4570
3338.8580
3280.2590
3247.3760
3262.9200
3203.9610
3248.1950
3197.1000
3215.6850
3207.1100
3222.9610
3264.9260
3251.3610
3294.4840
3290.5710
3257.9790
3256.0800
3223.2880
3272.7290
3311.0670
3324.4190
3353.3580
3333.4270
3326.7710
3372.0310
3353.5600
3358.9440
3359.4380
3295.8120
3295.7580
3317.3670
3299.9420
3249.5740
3230.9600
3209.5030
3161.7760
3192.7230
3211.1320
3129.0280
3126.1170
3121.3960
3129.7590
3153.2210
3145.0850
3101.6030
3128.0930
3100.4630
3116.0280
3139.3790
3120.6390
3121.5960
3022.9800
3026.2230
2990.3430
2978.3810
2963.3080
2954.5060
3001.5560
3004.1730
2955.7050
2986.3490
3004.2620
3008.6520
2951.8890
2961.9320
2950.3480
2993.5590
2963.1190
2917.5780
2892.1570
2874.8960
2909.0730
2908.5820
2957.6290
3027.4700
3036.4910
3041.7340
3000.1690
3044.0890
3049.7450
3121.9800
3122.5000
3113.7120
3101.6800
3109.1830
3113.2060
3056.9050
3106.2470
3115.7450
3128.8890
3122.6000
3095.1250
3091.5670
3059.1390
3067.9850
2968.2890
2977.7660
3000.0520
2981.0020
2972.0790
2977.7210
2956.3830
2954.8700
2960.3090
2897.4170
2793.8970
2798.1900
2824.1200
2866.9240
2875.3650
2917.8830
2897.5810
2886.0130
2834.2540
2807.6640
2777.7870
2821.0030
2810.0160
2903.8370
2901.2160
2852.8090
2841.7400
2846.7760
2834.5350
2803.8540
2743.8170
2723.3030
2779.0900
2756.1050
2751.0950
2720.2830
2733.1080
2729.0510
2733.9870
2679.2700
2689.8450
2771.0110
2685.6880
2669.4780
2610.9190
2637.8790
2610.5900
2588.1850
2581.3510
2557.0820
2551.9940
2644.7580
2662.6010
2653.7820
2666.9510
2592.2090
2583.0810
2520.5320
2507.8770
2576.6690
2625.4250
2651.6520
2657.4780
2709.0170
2695.3070
2697.5340
2742.3900
2744.3010
2763.7460
2736.2480
2727.7100
2751.6540
2699.5880
2695.0020
2750.1950
2744.6800
2670.1160
2662.0170
2606.4950
2609.6870
2609.4750
2584.0110
2588.9150
2569.9730
2573.3210
2608.5690
2521.5200
2583.6130
2557.3110
2521.3850
2516.3410
2528.2280
2525.0010
2503.4610
2477.6920
2421.9280
2397.4800
2340.7880
2390.1290
2384.4080
2377.0730
2339.1080
2341.3350
2359.1590
2335.7020
2305.0350
2307.9280
2311.3610
2345.7420
2298.7530
2276.3850
2290.6010
2368.5700
2447.3490
2435.6080
2435.2190
2394.3340
2345.6490
2460.6010
2422.1890
2468.3500
2504.0860
2460.7200
2464.2600
2428.9940
2486.2380
2506.0900
2504.3220
2457.9540
2528.2360
2529.2310
2533.6240
2531.9810
2522.1070
2549.6070
2536.0740
2537.0860
2540.7060
2562.4530
2597.4760
2606.2560
2648.0170
2656.5730
2662.4630
2634.1430
2633.3450
2679.9340
2662.6980
2621.0520
2603.0050
2635.7910
2664.3020
2654.4020
2681.0730
2605.1060
2585.5460
2623.5200
2630.0130
2584.4450
2587.7930
2583.7470
2552.9400
2555.4420
2547.1430
2474.9000
2443.1220
2454.8990
2512.8320
2519.8300
2495.1460
2519.7880
2520.0360
2570.4360
2580.4540
2574.0440
2541.8830
2599.9080
2596.0560
2626.8390
2606.0380
2604.8660
2625.9900
2631.4870
2626.1570
2683.4870
2691.5180
2715.8790
2717.7780
2709.1160
2657.5140
2657.2140
2636.9170
2615.5340
2617.3740
2574.6470
2613.9420
2573.9760
2587.2310
2627.5250
2616.8690
2595.2600
2573.1030
2614.6890
2650.8540
2642.2580
2632.0420
2632.9980
2559.0260
2558.8420
2557.4010
2542.1840
2524.3290
2558.2650
2540.1780
2580.6360
2560.4210
2568.0540
2581.2120
2558.6210
2552.6110
2512.1850
2456.5180
2454.9150
2447.1950
2425.7290
2461.6120
2465.2380
2468.7210
2464.9190
2430.3700
2472.6140
2416.0360
2406.7060
2425.5720
2449.1810
2450.6330
2399.7310
2414.2010
2414.3350
2424.3220
2398.4550
2365.4310
2375.9920
2360.0830
2347.4880
2349.1080
2335.7930
2332.9220
2358.6510
2334.8820
2353.7370
2385.6110
2388.8730
2389.7950
2411.7000
2399.7510
2351.9310
2357.0160
2331.6150
2319.6700
2313.4760
2301.7880
2313.7030
2295.5860
2302.1990
2275.6770
2228.2040
2238.4110
2214.8140
2211.3700
2204.8680
2228.3690
2204.4070
2199.8750
2217.8230
2317.1790
2326.6660
2311.8900
2320.0710
2298.4610
2315.5420
2258.7050
2235.2390
2246.2360
2195.9510
2199.0630
2215.5160
2210.1540
2184.8910
2251.7170
2293.1060
2270.0540
2320.1570
2324.1170
2302.5330
2304.5310
2294.8570
2298.1620
2300.8030
2336.0770
2332.4700
2341.5920
2312.0770
2307.7790
2291.2390
2247.9070
2235.8540
2239.8820
2254.8200
2297.8840
2306.7740
2301.8800
2292.2060
2287.5050
2245.4050
2240.9240
2251.8480
2212.4400
2223.1100
2193.6230
2177.2400
2174.9850
2164.8810
2194.8960
2177.5460
2192.6760
2175.5990
2150.6380
2129.1610
2115.6760
2139.6610
2108.8500
2131.4730
2207.8780
2203.6020
2246.7570
2271.0460
2258.5000
2267.7670
2242.6350
2355.8650
2366.7000
2368.1200
2371.1090
2384.8160
2372.0020
2381.2170
2448.3950
2457.6190
2444.5940
2480.0490
2522.9520
2524.4090
2535.9850
2525.3300
2526.1260
2530.5690
2483.2300
2577.7250
2595.8560
2577.0920
2552.7580
2595.4390
2610.8980
2596.8980
2607.4560
2582.7550
2571.6740
2651.8630
2675.8660
2688.7110
2686.8820
2743.3240
2748.0280
2771.6750
2775.8440
2759.8700
2771.7250
2737.4710
2685.6060
2702.6350
2610.5490
2596.6040
2604.9600
2567.5950
2594.6770
2673.3270
2668.8360
2545.7150
2622.8070
2650.2020
2619.4790
2606.9270
2592.3720
2555.6150
2527.4860
2534.2730
2539.8730
2502.4930
2525.0970
2610.1740
2614.9880
2618.3080
2613.0970
2575.0500
2583.5300
2499.3020
2495.0830
2493.1870
2486.3910
2483.5470
2472.2990
2489.4300
2485.3090
2477.8760
2462.1120
2436.8180
2459.5920
2458.4730
2464.8510
2533.8270
2530.6700
2449.4710
2495.5790
2467.8750
2447.3060
2449.6390
2492.9120
2525.9830
2529.9380
2542.7980
2527.7940
2540.8360
2530.7680
2493.3380
2506.9250
2552.7090
2592.0480
2609.6070
2614.8530
2618.0340
2582.8490
2597.2280
2599.5870
2644.3590
2642.5610
2634.3230
2606.4260
2602.6230
2565.6660
2560.5390
2527.8450
2484.1600
2399.9370
2416.7710
2403.8390
2418.7450
2400.7650
2321.4660
2317.3940
2171.2100
2165.4210
2168.2970
2160.7350
2200.6390
2213.3170
2221.9840
2203.8280
2221.9790
2226.8490
2163.6190
2162.6690
2224.0650
2326.6880
2275.3730
2307.2970
2317.8480
2282.8360
2245.3280
2190.4780
2202.1890
2265.8450
2249.1510
2237.6830
2224.0080
2175.9700
2189.3880
2193.0210
2245.3640
2247.2630
2278.3290
2293.6410
2280.6230
2276.7820
2286.0100
2352.7940
2359.0680
2349.0800
2321.5760
2304.1440
2331.4300
2312.4650
2308.5890
2303.9320
2286.9290
2335.6160
2340.8810
2328.0560
2318.3110
2313.9100
2320.3440
2354.5020
2350.6990
2341.7350
2357.7820
2440.6090
2474.8940
2482.8890
2507.4550
2488.9020
2478.3900
2427.3220
2432.5100
2472.2880
2443.8850
2429.0300
2384.4430
2394.9710
2409.0370
2441.8110
2453.5830
2429.3170
2468.5080
2472.5420
2467.5170
2421.3710
2413.3300
2426.0540
2471.3220
2445.8910
2418.4910
2400.5110
2368.5590
2365.9540
2372.0530
2407.4710
2373.7180
2384.9600
2380.4540
2383.7690
2353.5680
2340.5520
2307.9450
2315.8890
2340.0000
2288.1160
2304.5010
2350.7340
2428.9030
2412.1630
2424.8500
2409.9890
2397.9620
2388.6290
2387.4160
2414.4810
2439.5300
2438.9440
2418.7880
2442.7840
2475.1350
2468.1970
2452.2870
2450.8720
2453.3220
2412.7630
2410.0150
2406.6390
2367.9230
2356.3760
2357.2260
2332.4100
2278.1360
2284.6020
2288.2480
2305.1100
2265.3340
2303.4780
2299.4580
2330.0260
2321.9780
2290.7790
2238.6370
2238.0010
2241.9110
2222.2210
2204.8510
2193.6790
2212.8460
2208.9410
2211.8440
2178.4880
2165.9930
2187.4100
2243.7960
2231.8890
2245.6780
2215.9190
2219.8550
2227.7810
2202.4500
2212.4830
2267.5340
2285.5620
2291.2460
2279.5540
2295.5750
2311.6470
2282.4420
2308.6560
2287.4360
2264.2940
2214.5090
2157.9090
2163.4050
2154.1080
2178.9710
2190.3700
2184.2730
2163.9760
2173.6340
2168.3580
2097.7870
2108.6610
2114.1340
2140.3330
2122.8360
2143.0380
2138.1330
2120.8700
2086.9670
2158.7980
2176.5540
2174.4400
2171.0470
2155.7070
2151.9650
2146.3050
2163.1150
2180.7270
2165.0080
2185.4720
2237.3160
2238.6200
2273.7610
2270.6660
2268.6130
2229.4630
2232.5260
2224.8030
2224.4790
2187.2480
2196.7950
2194.6680
2190.4740
2167.8260
2134.9690
2158.4700
2158.6590
2156.4700
2157.3280
2137.3160
2135.4960
2133.9110
2180.0540
2174.8520
2172.3720
2144.0840
2145.9520
2115.1430
2115.7710
2135.9050
2130.8680
2148.4140
2155.9760
2147.2800
2169.3520
2155.1640
2156.4640
2149.9180
2128.2740
2150.6020
2134.7160
2134.2810
2161.2680
2160.7660
2153.4100
2176.2420
2191.8550
2169.6740
2160.2390
2126.9070
2136.7290
2134.1100
2144.8210
2133.3710
2149.0760
2150.2580
2165.1180
2164.5590
2170.8670
2180.1920
2178.6950
2176.2890
2180.4730
2148.7100
2142.8470
2148.0090
2171.7580
2174.9760
2170.8680
2157.0680
2164.1440
2166.2950
2192.6980
2197.8330
2237.0150
2260.4540
2323.8970
2331.3690
2322.0110
2350.2510
2329.4020
2375.6200
2369.3530
2363.2210
2327.4570
2331.1340
2365.3490
2357.0520
2358.9010
2335.9450
2360.6350
2374.5620
2374.7680
2366.1400
2354.2440
2365.3640
2342.8630
2324.0920
2327.5950
2311.2780
2338.2870
2355.3170
2386.4600
2408.8380
2426.2240
2449.2590
2445.2240
2432.4330
2423.4540
2438.3580
2437.1890
2388.7650
2401.3260
2408.6640
2425.2110
2378.9200
2399.4620
2441.8640
2436.9650
2437.2010
2447.7990
2450.9880
2478.3830
2481.9550
2466.7890
2454.9460
2446.5620
2463.8740
2444.3950
2441.7320
2454.7110
2433.3910
2418.6410
2395.9360
2390.7060
2368.8320
2416.6530
2451.3840
2468.9250
2508.3250
2512.5480
2513.1720
2503.4480
2506.0670
2502.1530
2565.7300
2558.6120
2594.3180
2579.7500
2581.0930
2567.1010
2541.4160
2537.2230
2537.0990
2583.4550
2649.2580
2685.5610
2723.0180
2754.4900
2808.8190
2819.8120
2923.9400
2967.5490
3104.3510
3124.8850
3252.8810
3106.9130
3221.5460
3183.0120
3193.2270
3217.2280
3303.4020
3360.5980
3345.9270
3383.1670
3394.4810
3324.9240
3230.3850
3335.4190
3445.8390
3455.4550
3457.5540
3533.7050
3641.5410
3641.0590
3643.7900
3559.2590
3546.7230
3513.5760
3514.0400
3502.4230
3604.1210
3635.1460
3355.1550
3396.2220
3548.8850
3567.6130
3571.7320
3607.9850
3574.9310
3525.3230
3481.7980
3434.3900
3353.9600
3437.4450
3401.7680
3366.9460
3312.4200
3345.9210
3406.9430
3434.1240
3442.8740
3469.8280
3499.4830
3522.3220
3478.7290
3566.2950
3572.8430
3601.2650
3507.9000
3530.8220
3496.3440
3478.5200
3537.7500
3520.6110
3524.6530
3592.8440
3617.6570
3705.6710
3757.1220
3846.0550
3839.7390
3892.5740
3972.0610
3973.0460
3940.4120
3949.9990
3971.6970
4088.1780
4051.2040
4123.8950
4124.7760
4170.5380
4260.0440
4295.8030
4262.1380
4344.4160
4421.0730
4438.1840
4380.5130
4513.5460
4596.1360
4521.9190
4619.1640
4739.8140
4740.8920
4702.6410
4807.5920
4741.8610
4774.3260
4749.8860
4787.7410
4596.8370
4553.3270
4470.0890
4558.4040
4690.5320
4747.4210
4718.4360
4700.7780
4617.4700
4575.1400
4731.2220
4754.9190
4840.9760
4951.3350
5099.4950
5198.9180
5181.4340
4834.0070
4840.8290
5076.1790
5161.8700
5143.5900
5181.4160
5230.5520
5353.7510
5317.4610
5309.1120
5306.5900
5335.1151
5221.1665
5064.8212
5138.8307
4930.5491
4637.0517
4786.0906
4880.1261
4706.5159
4336.1947
4191.5486
4472.9976
4253.0210
4107.9961
3885.9169
3998.5370
3928.0025
3663.0375
3897.6263
4106.5561
4211.8116
4112.1488
3966.7585
3997.3555
4151.4956
4160.6120
4166.0057
4157.1604
4250.8050
4176.2787
3818.7314
3811.0926
3930.3791
3815.4118
3816.6993
3829.2354
3948.1554
3866.8998
3831.8516
3906.9448
4084.3646
4066.6692
4016.1262
4075.4630
4073.5400
4077.8721
3825.4122
3886.1357
3761.4541
3589.5358
3275.5342
3042.9266
3025.6920
3205.6375
3342.2863
3366.5359
3362.0827
3365.8318
3250.4850
3334.0233
3399.3054
3357.5610
3347.1878
3281.1317
3152.2319
3309.2484
3236.9986
3251.2732
3308.2467
3339.0300
3263.0275
3284.9991
3231.9514
3242.7524
3178.8544
3202.9475
3296.4820
3340.1159
3447.6934
3445.0431
3406.1116
3486.8150
3534.0653
3534.1821
3577.7027
3473.2544
3524.5339
3571.2411
3589.2611
3592.8794
3524.9199
3533.3065
3534.0788
3475.9623
3465.4927
3628.5377
3705.9697
3793.3739
3840.3547
3833.2379
3833.6457
3795.3241
3746.2422
3764.1262
3758.3869
3715.5796
3774.9690
3774.3833
3753.3351
3753.8887
3781.6069
3759.4286
3556.9924
3566.4122
3591.6960
3721.9545
3749.2985
3677.5922
3687.6073
3623.0202
3635.9382
3623.0842
3608.0587
3711.3220
3694.3885
3685.4398
3755.8881
3767.9128
3865.9650
3876.7325
3866.3814
3829.4022
3838.2010
3727.6316
3761.8745
3765.1752
3731.0047
3469.0662
3478.7797
3539.8082
3294.3839
3361.5632
3192.4499
3215.7099
3155.8787
3221.5714
3118.7301
3130.7289
3223.1251
3174.3781
3081.3454
3113.4626
3128.8860
2940.5085
2930.3519
2853.7562
2946.0902
2901.0477
2961.3337
2948.6386
2984.7598
2963.7894
2946.7066
3037.0353
3063.3199
3053.6985
3051.5850
3118.8675
3089.3632
3109.5454
2918.7501
2948.0306
2877.4666
2930.6937
3051.3327
3058.4219
3093.8895
3104.8397
3107.6727
3071.9070
3013.1457
3018.2844
3065.6904
3074.7796
3090.0328
3124.2039
3171.9630
3249.4372
3225.7903
3236.0924
3181.8507
3197.8169
3169.7283
3135.4098
3216.2753
3218.0879
3221.8948
3264.4858
3257.5276
3209.2902
3185.7258
3230.0957
3218.4497
3261.3831
3275.8321
3272.2053
3228.4531
3238.3029
3181.0264
3160.6033
3174.9012
3162.0331
3179.1605
3165.9156
3160.5809
3156.7451
3213.5397
3209.4614
3213.9199
3130.3544
3065.6154
3069.1124
3082.8086
3090.1372
3074.9351
3095.3085
3086.0249
3068.0358
3062.5002
3078.2183
3087.2225
3063.5556
3059.2259
3064.2111
3062.4993
3066.7095
3169.5598
3160.5470
3167.0997
3189.3255
3178.7883
3177.0536
3163.9864
3066.3413
3075.9834
3116.3682
3094.6748
3110.3572
3112.6744
3106.3175
3133.9611
3117.3168
3077.1554
3120.5443
3136.4013
3151.3898
3153.9210
3154.2003
3204.6962
3207.3827
3216.8035
3209.9542
3192.2804
3203.3298
3273.1823
3282.8681
3276.7637
3276.2775
3262.0222
3248.2341
3237.6051
3252.5227
3225.1621
3230.8850
3269.5882
3218.2430
3221.1365
3203.9304
3176.8091
3189.0529
3193.5073
3201.2888
3205.1101
3234.1833
3256.9813
3243.3409
3233.3604
3294.2337
3393.4239
3378.2451
3373.0476
3364.4851
3365.0197
3336.7949
3341.8298
3329.8631
3308.9721
3307.0902
3307.7812
3311.9872
3327.7938
3301.5767
3314.1142
3319.6803
3342.6259
3340.8172
3339.5640
3318.0440
3262.6043
3260.3330
3238.7299
3263.1242
3257.4034
3266.6363
3291.1211
3275.6665
3220.2838
3240.7546
3230.8904
3244.3874
3253.2848
3293.8689
3306.5573
3300.0099
3302.6455
3305.8481
3277.8787
3321.3324
3316.2407
3318.6044
3327.7400
3367.5778
3367.4547
3354.8003
3345.6950
3340.1262
3336.2778
3359.0515
3333.3524
3365.0850
3354.1749
3356.5916
3371.1177
3353.0547
3390.6119
3417.2211
3430.2482
3429.8697
3429.5921
3436.5350
3417.4554
3441.1106
3468.3637
3474.7289
3488.7402
3521.2984
3535.0807
3564.0404
3538.0010
3565.0360
3528.9547
3469.4073
3459.1533
3475.7473
3470.1426
3493.7004
3409.1794
3405.0355
3378.9453
3340.4338
3346.0305
3328.9827
3309.0641
3338.5360
3335.6720
3307.5991
3322.4006
3316.3852
3301.8887
3297.7648
3310.0808
3342.2272
3368.3117
3367.7892
3347.6665
3363.9014
3358.2716
3334.4954
3317.6241
3319.9122
3319.4455
3326.3563
3339.3653
3329.2891
3354.8891
3364.0808
3364.4509
3375.9042
3387.9606
3364.4923
3373.2051
3365.6849
3383.2878
3396.2924
3413.4868
3436.2750
3435.8042
3421.7131
3440.9331
3421.4419
3471.3926
3482.8230
3489.7567
3473.3236
3473.8517
3446.2228
3452.8103
3458.4376
3435.0963
3427.8628
3446.4840
3453.9565
3448.7313
3426.9438
3427.8916
3458.0980
3456.6934
3463.6436
3481.5066
3445.8051
3449.6126
3466.3468
3450.0502
3461.9782
3489.5997
3478.0385
3469.8093
3465.1933
3436.7580
3456.0455
3503.8932
3514.0469
3517.4634
3505.1392
3517.3280
3509.4387
3514.5662
3486.5045
3479.9417
3462.7429
3445.8761
3461.5481
3466.7865
3431.2587
3440.9743
3445.1832
3446.7202
3439.7530
3426.5766
3413.1282
3404.3864
3382.5502
3358.8125
3352.5324
3337.7007
3356.6459
3385.3787
3399.1937
3428.6491
3409.9656
3398.1127
3403.8492
3411.2387
3424.1940
3424.1669
3485.6581
3480.4345
3492.8845
3497.7382
3486.5074
3468.7538
3492.8816
3533.8718
3560.9786
3576.1703
3574.3894
3582.2674
3535.2987
3528.7926
3518.7611
3553.6653
3546.4940
3587.9550
3590.3425
3622.8831
3668.0919
3674.7152
3646.1666
3668.8279
3666.7977
3650.8463
3619.9841
3659.6795
3660.0967
3655.9293
3653.6868
3670.8086
3658.8236
3686.9205
3703.0940
3663.5575
3667.1807
3729.7466
3747.8843
3728.5976
3743.4686
3719.5590
3705.3884
3712.1947
3721.8914
3737.8732
3770.3828
3760.8525
3727.8264
3707.5796
3726.7948
3732.2129
3731.0440
3715.9208
3647.3503
3694.6831
3706.0566
3701.4207
3721.2770
3724.6748
3740.9941
3752.2980
3756.0884
3734.6458
3795.7544
3842.7119
3834.5376
3834.3005
3822.0928
3830.5383
3845.6163
3857.0464
3849.4499
3829.8713
3825.9895
3825.6453
3837.9341
3842.6061
3829.9554
3831.2965
3843.1428
3832.1161
3842.4353
3837.8176
3837.7304
3817.7915
3820.7816
3821.2000
3822.5386
3836.5013
3882.2076
3889.8637
3902.6868
3912.9536
3921.0017
3913.4462
3913.0688
3944.1626
3931.2495
3926.8520
3930.7981
3959.3953
3976.9490
3993.5752
4021.9676
4009.7218
4006.7179
3996.6221
3997.1343
3992.6979
4020.8896
4054.2465
4048.0057
4075.8998
4111.9112
4128.0733
4099.3510
4073.6696
4105.0122
4120.8508
4143.8334
4217.7015
4227.5666
4102.3966
4104.2034
4049.9475
4055.8235
4053.7529
4006.0993
3998.1365
4018.8571
4040.1704
4015.8211
3971.0569
4003.3792
4069.4997
4016.0163
4050.0927
4026.1516
3980.8558
3985.2914
4035.3294
4030.4898
4067.8485
4054.5984
4041.5401
4053.6224
3991.2075
4018.8974
4030.8549
4087.4012
4111.3925
4128.8119
4138.7505
4160.1595
4189.2977
4207.8132
4205.5863
4225.0010
4225.2393
4258.4730
4248.1164
4271.4168
4285.3950
4336.5974
4382.6129
4389.8853
4365.0794
4381.2996
4302.0181
4256.1021
4275.8986
4245.8978
4271.2326
4274.1464
4148.8856
4050.4972
4012.0472
3840.6527
3890.1046
3935.6324
3966.9614
4052.7332
4071.0889
4118.4186
4058.9806
4023.6415
4049.0863
4016.4610
4018.0970
4066.5647
4036.6536
4077.6001
4108.8652
4127.6662
4091.2533
4073.3447
4096.1627
4056.4226
4074.2479
4077.7041
4061.0502
4020.3490
3904.9355
3879.8930
3913.2689
3842.7155
3894.0498
3898.4977
3886.9189
3862.4796
3854.8625
3852.9292
3927.1729
3938.3434
3898.6354
3871.1443
3808.8630
3748.6412
3766.2820
3811.8430
3760.8543
3766.3257
3843.4886
3828.7015
3755.4941
3756.8765
3763.6461
3793.0001
3774.5981
3834.1877
3878.6767
3871.6152
3893.0565
3872.8383
3909.2933
3924.0975
3892.8442
3864.0507
3903.0637
3921.2421
3906.2081
3854.5825
3827.2170
3816.4980
3833.2599
3804.0093
3723.3724
3802.3759
3770.5891
3807.5781
3845.3164
3837.3511
3831.0128
3779.6159
3779.9818
3825.9534
3788.3391
3773.3655
3753.4338
3621.1166
3635.4436
3592.9650
3608.9046
3560.4777
3531.1112
3459.2621
3423.5255
3510.9845
3407.9638
3409.2801
3363.7473
3342.4379
3365.1227
3459.1837
3467.5155
3407.5297
3481.0559
3492.6897
3472.0859
3449.3773
3431.3227
3428.3430
3492.8938
3525.7503
3581.7057
3577.7522
3536.2456
3521.2269
3515.0794
3517.6568
3447.3882
3370.9579
3315.2839
3273.2728
3368.8695
3314.5075
3397.5298
3405.0191
3390.3441
3372.9137
3291.9760
3276.7276
3229.6198
3267.2498
3326.6489
3307.9545
3320.0257
3325.3347
3406.5735
3400.1705
3386.5736
3351.0942
3334.5036
3321.8248
3363.8984
3298.1412
3262.8808
3277.6438
3230.0681
3224.2116
3202.0248
3236.5662
3242.0902
3204.9224
3269.4319
3312.4823
3310.1258
3410.4856
3379.8043
3417.2413
3403.5902
3438.8649
3290.8988
3288.6906
3281.5978
3124.1139
3170.7262
3126.4516
3100.9738
3118.2463
3044.3918
3134.9455
3270.2732
3183.4257
3188.2018
3194.3084
3173.6350
3076.8889
3110.2605
3153.8234
3177.0338
3290.2455
3262.8351
3243.1504
3221.9101
3212.7737
3167.4442
3205.1407
3237.3823
3204.9427
3242.3715
3257.6735
3294.6031
3218.4076
3226.4918
3214.4273
3143.4752
3141.2434
3137.2413
3178.9326
3137.6542
3172.6900
3260.9502
3267.7095
3252.0041
3181.6730
3181.5646
3144.7631
3159.8158
3170.6092
3219.6924
3165.9109
3161.1966
3128.4265
3091.1255
3067.4169
3029.3951
3038.1981
3017.2815
3002.0327
2990.5057
3010.6536
2969.5353
2964.8421
3035.8741
3054.3030
3047.7035
3078.4759
3072.6864
3094.7782
3067.7845
3127.9904
3128.6517
3111.4168
3168.1739
3185.6364
3143.3171
3141.0532
3158.7817
3184.4696
3183.7777
3193.9698
3168.4829
3201.6331
3247.3971
3306.4725
3330.3353
3397.0276
3402.1403
3338.7047
3445.7448
3439.6078
3451.9273
3442.7056
3520.1182
3729.4831
3684.6935
3678.3921
3669.3703
3749.7143
3794.1040
3816.0132
3848.0903
3808.8497
3657.5790
3729.9546
3755.3519
3724.1941
3698.4858
3745.0050
3851.7479
3833.9626
3835.4397
3836.8913
3833.8013
3742.8252
3700.4388
3743.3878
3728.3953
3872.3412
3973.9280
3971.2852
4022.1566
4062.2309
4057.2286
4075.4301
4085.8470
3997.5778
3988.6168
3975.5244
4085.7891
4087.2398
4072.0753
4120.6078
4025.6109
4019.0053
4030.0887
3941.8160
3889.2748
3900.3339
3913.2110
3684.6168
3720.6684
3667.4574
3599.7001
3730.4513
3668.7255
3645.1503
3727.0923
3743.9635
3648.7609
3617.7924
3666.7762
3649.3796
3583.9646
3593.9139
3637.1971
3672.2605
3663.9090
3641.1833
3629.7893
3632.0127
3598.4666
3597.1050
3564.6778
3610.7435
3719.2759
3691.0957
3685.3933
3654.8799
3654.8248
3667.6185
3715.9381
3828.5183
3833.9383
3841.2659
3801.3098
3794.3310
3834.8172
3825.5873
3935.8116
3937.1691
3893.5341
3873.1019
3893.2025
3802.7897
3793.1297
3786.7390
3785.2210
3808.7311
3824.1878
3806.8449
3804.6384
3768.4019
3807.9551
3781.6832
3789.9135
3819.8325
3851.0665
3858.5688
3854.2704
3870.3176
3835.3589
3803.4694
3747.4379
3675.6884
3636.3289
3621.4310
3669.2936
3633.5296
3699.1047
3665.7515
3682.4015
3694.0006
3710.5386
3791.0946
3787.7324
3781.7579
3793.5061
3820.8638
3765.9105
3816.9459
3802.5844
3790.1867
3799.5863
3848.3198
3853.6106
3886.0012
3925.3230
3948.5075
3972.9484
3959.2650
3930.0999
3972.3799
3957.7154
3891.2208
3910.0837
3924.3823
3935.6511
3890.6616
3901.0758
3870.9837
3841.1388
3852.6534
3814.5282
3837.6791
3843.2392
3874.6391
3911.7253
3953.2411
3936.2498
3922.6854
3925.2216
3869.3777
3880.8398
3895.8809
3871.0848
3870.6678
3896.7923
3926.5850
3910.2260
3891.2255
3886.7519
3952.3872
3978.1216
4002.8128
3984.8816
3991.8749
3973.0107
3902.9783
3903.6888
3899.9815
3905.8570
3877.0892
3907.9291
3947.0392
3907.8641
3889.5980
3849.9948
3878.2061
3891.6533
3875.6186
3862.3029
3828.6706
3836.0589
3851.0873
3849.8190
3879.3638
3902.3853
3895.4468
3900.3843
3902.7492
3891.0242
3968.2211
3987.5464
4041.7996
4032.7826
4027.1495
4017.2527
3967.0962
3992.9581
3990.8671
4025.9879
4022.0278
4081.6334
4096.5821
4152.2408
4144.9649
4129.2954
4160.2274
4112.3172
4164.3697
4163.1849
4203.9883
4189.8862
4166.7344
4149.0434
4154.8530
4185.8304
4114.3085
4131.9311
4003.9013
3688.3578
3785.6376
3828.5272
3899.7751
3899.8693
3916.0052
3952.4643
3984.4325
3959.9188
3987.7342
4077.4241
4057.5108
4051.3107
4144.6561
4149.4903
4132.8388
4123.8543
4073.0152
4084.8759
3940.0488
4069.6662
4091.3615
4115.0524
4206.7251
4138.5072
3997.1325
4082.7315
4028.4289
3950.9111
3895.3128
3727.8398
3709.6822
3636.2565
3589.0926
3653.2239
3530.3058
3625.1146
3722.5181
3698.0472
3710.0605
3674.1108
3686.1551
3675.0758
3734.5306
3713.2183
3798.0214
3780.3445
3792.8105
3769.1782
3753.2566
3825.6991
3797.3623
3802.3806
3839.4871
3853.4551
3808.0474
3839.3834
3829.7525
3796.9721
3822.7690
3849.1465
3867.0320
3912.5772
3936.2539
3924.8946
3963.6217
3960.1803
3960.2378
3968.2529
3925.2177
3912.8159
3922.9117
3956.2495
3935.2220
3913.7949
3824.0640
3829.3245
3872.7701
3845.6135
3856.6324
3867.0232
3971.3402
3983.5677
3983.6477
3982.1851
4001.2509
4021.9549
4047.0293
4039.7051
3995.8846
4003.0829
3954.9883
4014.5702
4017.5941
4044.3842
4098.7095
4102.0459
4121.7944
4138.9895
4109.7164
4163.9637
4247.7835
4335.8445
4419.5955
4670.0949
4698.1264
4774.0042
4840.7712
4753.1333
4852.9612
4806.6902
4744.4687
4516.2532
4544.7007
4680.3046
4691.0425
4714.4454
4712.4357
4505.5906
4528.4500
4568.2576
4679.0080
4656.1506
4695.0462
4771.3108
4775.8024
4777.1089
4762.7642
4707.9262
4724.8697
4681.7837
4647.6446
4635.7126
4704.6288
4815.2261
4812.7564
4740.6784
4679.1544
4718.8431
4755.8491
4761.9507
4706.1302
4731.3451
4844.2652
4816.2153