1.000000
1.000000
1.005000
1.005000
1.005000
1.006000
1.006000
1.003000
1.003000
1.003000
1.003000
1.003000
1.001000
1.001000
1.001000
1.001000
1.001000
1.001000
1.001000
1.007000
1.009000
1.008000
1.008000
1.016000
1.010000
1.015000
1.007000
1.009000
1.003000
1.000000
1.008000
1.006000
1.006000
0.995000
0.983000
0.978000
0.978000
0.983000
0.975000
0.976000
0.987000
0.981000
0.980000
0.992000
0.991000
0.988000
0.984000
0.979000
0.986000
0.987000
0.984000
0.981000
0.971000
0.963000
0.947000
0.952000
0.960000
0.950000
0.958000
0.965000
0.966000
0.966000
0.967000
0.960000
0.959000
0.957000
0.956000
0.959000
0.957000
0.952000
0.928000
0.929000
0.920000
0.913000
0.902000
0.902000
0.910000
0.918000
0.909000
0.922000
0.927000
0.926000
0.913000
0.914000
0.910000
0.916000
0.912000
0.898000
0.889000
0.880000
0.883000
0.885000
0.900000
0.916000
0.923000
0.924000
0.918000
0.926000
0.930000
0.945000
0.948000
0.952000
0.961000
0.962000
0.973000
0.965000
0.978000
0.981000
0.991000
0.993000
0.981000
0.982000
0.981000
0.983000
0.959000
0.960000
0.973000
0.974000
0.968000
0.968000
0.964000
0.968000
0.970000
0.966000
0.952000
0.953000
0.967000
0.985000
0.989000
0.992000
0.984000
0.982000
0.969000
0.967000
0.955000
0.965000
0.970000
0.979000
0.979000
0.977000
0.969000
0.962000
0.955000
0.947000
0.931000
0.923000
0.938000
0.933000
0.923000
0.910000
0.914000
0.916000
0.916000
0.903000
0.906000
0.925000
0.906000
0.896000
0.882000
0.884000
0.875000
0.862000
0.862000
0.854000
0.849000
0.872000
0.878000
0.873000
0.879000
0.865000
0.860000
0.842000
0.833000
0.843000
0.860000
0.868000
0.868000
0.881000
0.887000
0.891000
0.906000
0.912000
0.912000
0.906000
0.898000
0.909000
0.905000
0.906000
0.922000
0.924000
0.908000
0.908000
0.892000
0.892000
0.895000
0.898000
0.899000
0.897000
0.902000
0.908000
0.883000
0.894000
0.882000
0.860000
0.858000
0.861000
0.862000
0.852000
0.842000
0.825000
0.817000
0.809000
0.827000
0.824000
0.822000
0.808000
0.804000
0.807000
0.800000
0.779000
0.778000
0.780000
0.792000
0.770000
0.750000
0.746000
0.760000
0.786000
0.787000
0.777000
0.754000
0.724000
0.749000
0.724000
0.732000
0.747000
0.738000
0.739000
0.738000
0.747000
0.763000
0.773000
0.766000
0.781000
0.782000
0.782000
0.790000
0.790000
0.797000
0.795000
0.793000
0.794000
0.802000
0.815000
0.817000
0.824000
0.825000
0.818000
0.816000
0.816000
0.825000
0.822000
0.810000
0.807000
0.816000
0.832000
0.839000
0.850000
0.822000
0.829000
0.850000
0.853000
0.831000
0.826000
0.823000
0.812000
0.814000
0.803000
0.779000
0.770000
0.768000
0.791000
0.794000
0.786000
0.786000
0.786000
0.799000
0.800000
0.800000
0.790000
0.804000
0.800000
0.806000
0.800000
0.794000
0.799000
0.798000
0.797000
0.809000
0.815000
0.828000
0.835000
0.830000
0.813000
0.814000
0.813000
0.812000
0.811000
0.799000
0.804000
0.791000
0.794000
0.806000
0.804000
0.790000
0.780000
0.788000
0.793000
0.793000
0.793000
0.798000
0.783000
0.786000
0.781000
0.776000
0.775000
0.786000
0.785000
0.801000
0.802000
0.797000
0.807000
0.805000
0.801000
0.795000
0.783000
0.782000
0.789000
0.784000
0.794000
0.806000
0.812000
0.807000
0.800000
0.827000
0.822000
0.809000
0.817000
0.825000
0.827000
0.809000
0.802000
0.791000
0.790000
0.787000
0.780000
0.789000
0.783000
0.770000
0.764000
0.758000
0.755000
0.762000
0.751000
0.766000
0.778000
0.781000
0.778000
0.792000
0.784000
0.773000
0.775000
0.769000
0.758000
0.748000
0.754000
0.767000
0.759000
0.757000
0.751000
0.744000
0.737000
0.732000
0.719000
0.725000
0.739000
0.737000
0.737000
0.738000
0.759000
0.760000
0.758000
0.758000
0.755000
0.753000
0.738000
0.737000
0.742000
0.727000
0.729000
0.736000
0.738000
0.726000
0.741000
0.755000
0.750000
0.766000
0.770000
0.765000
0.763000
0.773000
0.781000
0.782000
0.793000
0.792000
0.797000
0.781000
0.775000
0.769000
0.762000
0.772000
0.776000
0.782000
0.792000
0.795000
0.787000
0.780000
0.777000
0.768000
0.766000
0.759000
0.748000
0.753000
0.745000
0.738000
0.726000
0.726000
0.729000
0.718000
0.723000
0.713000
0.703000
0.696000
0.699000
0.707000
0.692000
0.697000
0.715000
0.712000
0.718000
0.721000
0.720000
0.720000
0.714000
0.736000
0.735000
0.731000
0.738000
0.738000
0.741000
0.749000
0.761000
0.769000
0.768000
0.778000
0.787000
0.779000
0.789000
0.801000
0.804000
0.806000
0.795000
0.819000
0.823000
0.826000
0.824000
0.833000
0.833000
0.819000
0.825000
0.813000
0.822000
0.836000
0.838000
0.838000
0.831000
0.841000
0.827000
0.840000
0.847000
0.856000
0.876000
0.875000
0.855000
0.886000
0.877000
0.869000
0.873000
0.868000
0.862000
0.874000
0.883000
0.859000
0.885000
0.900000
0.885000
0.875000
0.874000
0.849000
0.844000
0.852000
0.855000
0.844000
0.841000
0.865000
0.877000
0.880000
0.873000
0.876000
0.880000
0.868000
0.863000
0.865000
0.834000
0.829000
0.846000
0.844000
0.838000
0.835000
0.835000
0.826000
0.832000
0.853000
0.858000
0.872000
0.882000
0.863000
0.884000
0.867000
0.851000
0.859000
0.882000
0.896000
0.896000
0.905000
0.898000
0.894000
0.901000
0.888000
0.911000
0.920000
0.936000
0.930000
0.940000
0.935000
0.930000
0.948000
0.957000
0.950000
0.958000
0.959000
0.951000
0.942000
0.920000
0.930000
0.919000
0.909000
0.899000
0.923000
0.930000
0.925000
0.923000
0.894000
0.891000
0.852000
0.866000
0.895000
0.881000
0.878000
0.902000
0.927000
0.939000
0.927000
0.910000
0.883000
0.884000
0.907000
0.928000
0.924000
0.948000
0.957000
0.942000
0.941000
0.923000
0.945000
0.971000
0.975000
0.945000
0.943000
0.928000
0.917000
0.921000
0.952000
0.959000
0.972000
0.982000
0.965000
0.971000
0.972000
0.978000
0.983000
0.977000
0.962000
0.947000
0.971000
0.969000
0.969000
0.979000
0.979000
0.997000
0.996000
0.975000
0.977000
0.954000
0.957000
0.976000
0.971000
0.973000
0.975000
0.986000
0.984000
0.966000
0.971000
0.971000
0.972000
0.952000
0.954000
0.971000
0.964000
0.953000
0.945000
0.953000
0.954000
0.968000
0.971000
0.959000
0.964000
0.955000
0.954000
0.930000
0.927000
0.930000
0.961000
0.946000
0.924000
0.914000
0.902000
0.897000
0.885000
0.901000
0.878000
0.873000
0.881000
0.899000
0.881000
0.874000
0.864000
0.865000
0.876000
0.862000
0.879000
0.897000
0.913000
0.911000
0.915000
0.912000
0.904000
0.898000
0.895000
0.917000
0.920000
0.934000
0.882000
0.892000
0.900000
0.889000
0.882000
0.892000
0.887000
0.883000
0.887000
0.889000
0.881000
0.879000
0.873000
0.867000
0.861000
0.866000
0.875000
0.885000
0.872000
0.890000
0.888000
0.891000
0.904000
0.900000
0.876000
0.887000
0.902000
0.885000
0.865000
0.858000
0.872000
0.882000
0.878000
0.863000
0.854000
0.864000
0.879000
0.889000
0.902000
0.894000
0.889000
0.908000
0.915000
0.937000
0.957000
0.951000
0.958000
0.932000
0.944000
0.961000
0.960000
0.957000
0.936000
0.935000
0.948000
0.911000
0.910000
0.889000
0.896000
0.915000
0.907000
0.905000
0.896000
0.899000
0.864000
0.860000
0.859000
0.877000
0.874000
0.890000
0.892000
0.888000
0.854000
0.860000
0.856000
0.857000
0.868000
0.852000
0.826000
0.822000
0.834000
0.832000
0.830000
0.841000
0.844000
0.860000
0.867000
0.863000
0.865000
0.859000
0.854000
0.859000
0.867000
0.855000
0.838000
0.831000
0.822000
0.803000
0.786000
0.799000
0.806000
0.822000
0.832000
0.815000
0.813000
0.800000
0.815000
0.814000
0.817000
0.798000
0.788000
0.784000
0.793000
0.803000
0.808000
0.822000
0.834000
0.827000
0.845000
0.828000
0.837000
0.835000
0.831000
0.848000
0.846000
0.834000
0.849000
0.858000
0.856000
0.864000
0.873000
0.859000
0.854000
0.826000
0.837000
0.847000
0.848000
0.841000
0.856000
0.858000
0.871000
0.882000
0.890000
0.890000
0.885000
0.872000
0.878000
0.859000
0.842000
0.842000
0.850000
0.837000
0.826000
0.822000
0.822000
0.821000
0.832000
0.820000
0.817000
0.820000
0.832000
0.839000
0.835000
0.842000
0.826000
0.837000
0.838000
0.842000
0.838000
0.841000
0.854000
0.860000
0.859000
0.852000
0.857000
0.865000
0.864000
0.859000
0.861000
0.868000
0.862000
0.850000
0.852000
0.848000
0.860000
0.871000
0.888000
0.892000
0.897000
0.897000
0.890000
0.893000
0.896000
0.902000
0.904000
0.880000
0.887000
0.885000
0.894000
0.888000
0.898000
0.903000
0.902000
0.899000
0.900000
0.904000
0.915000
0.916000
0.916000
0.919000
0.912000
0.912000
0.896000
0.891000
0.901000
0.891000
0.882000
0.871000
0.874000
0.878000
0.894000
0.900000
0.902000
0.897000
0.899000
0.904000
0.899000
0.906000
0.905000
0.918000
0.899000
0.915000
0.908000
0.897000
0.898000
0.892000
0.891000
0.894000
0.921000
0.963000
0.972000
0.984000
0.992000
1.025000
1.015000
1.063000
1.076000
1.135000
1.145000
1.200000
1.128000
1.158000
1.151000
1.161000
1.162000
1.186000
1.213000
1.192000
1.198000
1.191000
1.161000
1.113000
1.150000
1.178000
1.194000
1.207000
1.232000
1.239000
1.217000
1.213000
1.177000
1.181000
1.175000
1.179000
1.181000
1.230000
1.236000
1.150000
1.164000
1.217000
1.228000
1.238000
1.240000
1.222000
1.201000
1.186000
1.184000
1.170000
1.193000
1.173000
1.169000
1.146000
1.162000
1.178000
1.187000
1.187000
1.201000
1.210000
1.223000
1.194000
1.226000
1.227000
1.240000
1.204000
1.211000
1.206000
1.181000
1.192000
1.192000
1.193000
1.213000
1.223000
1.256000
1.265000
1.297000
1.293000
1.317000
1.341000
1.329000
1.314000
1.313000
1.332000
1.385000
1.366000
1.384000
1.382000
1.412000
1.457000
1.478000
1.484000
1.519000
1.535000
1.505000
1.442000
1.473000
1.471000
1.419000
1.452000
1.499000
1.484000
1.461000
1.481000
1.455000
1.467000
1.482000
1.463000
1.394000
1.377000
1.369000
1.393000
1.435000
1.436000
1.445000
1.437000
1.412000
1.403000
1.454000
1.463000
1.484000
1.522000
1.550000
1.579000
1.581000
1.482000
1.485000
1.563000
1.600000
1.609000
1.624000
1.632000
1.664000
1.643000
1.651000
1.652000
1.655000
1.634000
1.575000
1.589000
1.541000
1.434000
1.429000
1.465000
1.407000
1.294000
1.218000
1.276000
1.190000
1.100000
1.014000
0.978000
0.942000
0.911000
0.941000
0.992000
1.070000
1.106000
1.044000
1.041000
1.095000
1.122000
1.136000
1.146000
1.180000
1.175000
1.081000
1.048000
1.092000
1.053000
1.026000
0.970000
1.030000
1.020000
1.015000
1.059000
1.115000
1.119000
1.102000
1.124000
1.135000
1.144000
1.056000
1.082000
1.042000
0.973000
0.882000
0.809000
0.788000
0.829000
0.883000
0.853000
0.808000
0.787000
0.785000
0.813000
0.841000
0.835000
0.842000
0.801000
0.771000
0.813000
0.800000
0.814000
0.840000
0.845000
0.835000
0.851000
0.849000
0.871000
0.864000
0.871000
0.908000
0.917000
0.941000
0.945000
0.930000
0.958000
0.971000
0.965000
0.986000
0.931000
0.968000
1.007000
1.019000
1.023000
1.001000
1.002000
1.006000
0.981000
0.987000
1.038000
1.034000
1.073000
1.105000
1.125000
1.163000
1.180000
1.120000
1.139000
1.109000
1.075000
1.115000
1.133000
1.122000
1.152000
1.183000
1.171000
1.108000
1.129000
1.103000
1.071000
1.110000
1.112000
1.144000
1.142000
1.151000
1.148000
1.124000
1.123000
1.153000
1.169000
1.214000
1.202000
1.212000
1.219000
1.187000
1.201000
1.203000
1.180000
1.195000
1.217000
1.182000
1.082000
1.051000
1.077000
0.985000
0.999000
0.943000
0.930000
0.887000
0.919000
0.889000
0.917000
0.958000
0.956000
0.903000
0.925000
0.940000
0.864000
0.855000
0.819000
0.851000
0.846000
0.883000
0.882000
0.909000
0.899000
0.899000
0.933000
0.947000
0.936000
0.939000
0.961000
0.957000
0.956000
0.898000
0.889000
0.851000
0.866000
0.906000
0.904000
0.880000
0.898000
0.895000
0.867000
0.853000
0.852000
0.877000
0.870000
0.864000
0.902000
0.938000
0.961000
0.955000
0.964000
0.953000
0.956000
0.956000
0.937000
0.964000
0.966000
0.960000
0.984000
0.994000
0.984000
0.978000
0.999000
1.004000
1.013000
1.028000
1.035000
1.019000
1.020000
0.988000
0.981000
0.995000
0.996000
1.007000
1.008000
1.008000
1.006000
1.036000
1.034000
1.036000
1.006000
0.983000
0.990000
1.002000
1.011000
1.006000
1.027000
1.019000
0.999000
1.001000
1.009000
1.027000
1.018000
1.012000
1.019000
1.011000
1.007000
1.038000
1.047000
1.059000
1.063000
1.072000
1.066000
1.053000
1.019000
1.019000
1.055000
1.048000
1.052000
1.056000
1.047000
1.060000
1.063000
1.053000
1.081000
1.075000
1.071000
1.069000
1.070000
1.088000
1.088000
1.103000
1.106000
1.100000
1.096000
1.106000
1.101000
1.102000
1.102000
1.102000
1.097000
1.094000
1.097000
1.088000
1.091000
1.104000
1.082000
1.083000
1.083000
1.072000
1.079000
1.086000
1.087000
1.085000
1.091000
1.096000
1.093000
1.085000
1.093000
1.108000
1.108000
1.114000
1.114000
1.119000
1.107000
1.111000
1.112000
1.109000
1.121000
1.135000
1.130000
1.132000
1.124000
1.117000
1.120000
1.141000
1.143000
1.141000
1.139000
1.121000
1.120000
1.111000
1.122000
1.125000
1.125000
1.126000
1.128000
1.114000
1.113000
1.111000
1.115000
1.121000
1.139000
1.147000
1.147000
1.147000
1.141000
1.131000
1.140000
1.134000
1.133000
1.128000
1.137000
1.137000
1.132000
1.127000
1.127000
1.131000
1.137000
1.135000
1.134000
1.129000
1.131000
1.138000
1.134000
1.147000
1.153000
1.153000
1.154000
1.156000
1.156000
1.157000
1.161000
1.168000
1.164000
1.161000
1.166000
1.170000
1.173000
1.171000
1.184000
1.179000
1.174000
1.178000
1.188000
1.182000
1.180000
1.156000
1.164000
1.160000
1.163000
1.168000
1.167000
1.162000
1.164000
1.165000
1.155000
1.159000
1.162000
1.164000
1.162000
1.165000
1.172000
1.183000
1.184000
1.175000
1.174000
1.172000
1.162000
1.151000
1.141000
1.120000
1.130000
1.131000
1.130000
1.143000
1.153000
1.157000
1.160000
1.164000
1.156000
1.168000
1.166000
1.173000
1.179000
1.180000
1.186000
1.186000
1.179000
1.182000
1.174000
1.188000
1.193000
1.199000
1.193000
1.188000
1.182000
1.188000
1.193000
1.190000
1.196000
1.205000
1.210000
1.209000
1.200000
1.211000
1.228000
1.225000
1.241000
1.246000
1.235000
1.231000
1.243000
1.240000
1.241000
1.247000
1.238000
1.235000
1.227000
1.216000
1.221000
1.246000
1.251000
1.255000
1.251000
1.251000
1.248000
1.252000
1.242000
1.248000
1.258000
1.257000
1.274000
1.262000
1.247000
1.259000
1.252000
1.264000
1.258000
1.262000
1.261000
1.254000
1.241000
1.218000
1.230000
1.224000
1.230000
1.229000
1.238000
1.263000
1.260000
1.252000
1.250000
1.248000
1.241000
1.239000
1.240000
1.235000
1.235000
1.229000
1.234000
1.239000
1.250000
1.274000
1.282000
1.285000
1.276000
1.282000
1.267000
1.267000
1.265000
1.270000
1.275000
1.288000
1.277000
1.294000
1.309000
1.309000
1.300000
1.304000
1.305000
1.296000
1.287000
1.296000
1.296000
1.294000
1.283000
1.281000
1.282000
1.282000
1.285000
1.261000
1.264000
1.282000
1.291000
1.292000
1.293000
1.289000
1.286000
1.289000
1.307000
1.323000
1.319000
1.313000
1.305000
1.298000
1.314000
1.312000
1.318000
1.312000
1.299000
1.313000
1.319000
1.324000
1.321000
1.319000
1.321000
1.318000
1.321000
1.319000
1.326000
1.338000
1.334000
1.340000
1.342000
1.353000
1.365000
1.361000
1.364000
1.357000
1.356000
1.367000
1.365000
1.375000
1.371000
1.366000
1.375000
1.363000
1.366000
1.355000
1.358000
1.352000
1.353000
1.358000
1.360000
1.368000
1.380000
1.383000
1.388000
1.389000
1.401000
1.405000
1.401000
1.423000
1.420000
1.411000
1.432000
1.443000
1.457000
1.463000
1.472000
1.467000
1.473000
1.470000
1.462000
1.464000
1.495000
1.494000
1.489000
1.513000
1.537000
1.543000
1.522000
1.509000
1.537000
1.511000
1.535000
1.550000
1.535000
1.479000
1.473000
1.449000
1.469000
1.471000
1.455000
1.461000
1.467000
1.454000
1.460000
1.441000
1.460000
1.491000
1.477000
1.492000
1.492000
1.470000
1.462000
1.486000
1.493000
1.508000
1.500000
1.492000
1.491000
1.467000
1.486000
1.490000
1.503000
1.512000
1.526000
1.526000
1.544000
1.555000
1.556000
1.547000
1.552000
1.552000
1.566000
1.539000
1.545000
1.538000
1.560000
1.570000
1.566000
1.551000
1.557000
1.527000
1.512000
1.518000
1.511000
1.533000
1.532000
1.485000
1.443000
1.426000
1.382000
1.410000
1.422000
1.429000
1.468000
1.469000
1.491000
1.479000
1.472000
1.491000
1.472000
1.476000
1.487000
1.476000
1.486000
1.506000
1.519000
1.500000
1.486000
1.493000
1.479000
1.485000
1.489000
1.469000
1.457000
1.398000
1.423000
1.449000
1.422000
1.423000
1.456000
1.460000
1.457000
1.435000
1.433000
1.439000
1.450000
1.452000
1.446000
1.464000
1.418000
1.434000
1.434000
1.413000
1.387000
1.416000
1.432000
1.415000
1.426000
1.440000
1.450000
1.457100
1.491900
1.491600
1.486100
1.504100
1.477900
1.487100
1.509400
1.510700
1.489900
1.496600
1.506100
1.519900
1.504500
1.497500
1.498100
1.509400
1.488500
1.472500
1.508800
1.478000
1.486900
1.512600
1.517100
1.505000
1.498700
1.479000
1.504000
1.490700
1.479900
1.469300
1.418500
1.440900
1.430400
1.443200
1.440100
1.434600
1.401200
1.386300
1.430600
1.419000
1.405900
1.394000
1.365600
1.367500
1.414400
1.424100
1.415500
1.455100
1.479600
1.479100
1.471800
1.458900
1.451100
1.461800
1.447100
1.457100
1.463500
1.434900
1.431500
1.411600
1.415500
1.396300
1.379600
1.344300
1.309300
1.344700
1.317800
1.355700
1.364200
1.374900
1.362700
1.337100
1.325100
1.302800
1.307200
1.335900
1.323100
1.329500
1.329800
1.368400
1.366100
1.358500
1.339700
1.329200
1.337300
1.354600
1.329700
1.316300
1.310700
1.290400
1.295100
1.281800
1.290700
1.272200
1.261700
1.283900
1.304800
1.301800
1.325300
1.319900
1.332000
1.320700
1.329800
1.282000
1.277500
1.275900
1.224600
1.243500
1.234500
1.208700
1.214900
1.188700
1.226100
1.270600
1.248100
1.238600
1.240000
1.228000
1.205200
1.208700
1.222900
1.227400
1.263700
1.251300
1.251000
1.247100
1.238300
1.232000
1.254400
1.264700
1.257700
1.274000
1.274500
1.275400
1.255200
1.260400
1.258700
1.232000
1.230900
1.232200
1.246200
1.229900
1.240000
1.266900
1.271100
1.272800
1.248300
1.246600
1.239900
1.247100
1.246600
1.261900
1.237000
1.224100
1.214100
1.197600
1.193600
1.186100
1.197000
1.197500
1.191100
1.185400
1.192900
1.188700
1.177300
1.192700
1.210000
1.206400
1.204300
1.203800
1.204800
1.197900
1.210500
1.208900
1.202100
1.212700
1.222000
1.208600
1.209900
1.215800
1.222800
1.225100
1.224100
1.219000
1.226100
1.243400
1.261200
1.264300
1.278500
1.275900
1.260000
1.293200
1.284700
1.285400
1.289200
1.328500
1.388200
1.367300
1.353700
1.362700
1.371700
1.381800
1.405200
1.408000
1.392100
1.356500
1.410700
1.432400
1.392200
1.371300
1.390500
1.428000
1.425600
1.418500
1.419700
1.419200
1.403200
1.383800
1.398600
1.387700
1.425800
1.467500
1.470400
1.481100
1.493000
1.501400
1.489400
1.491100
1.460800
1.459600
1.446100
1.466000
1.472800
1.470600
1.484000
1.474600
1.465600
1.479300
1.438400
1.431900
1.424500
1.433100
1.347600
1.361100
1.342100
1.318500
1.376800
1.377800
1.365100
1.402800
1.402500
1.369400
1.349800
1.366400
1.361000
1.331200
1.319100
1.336500
1.352100
1.350600
1.347200
1.351700
1.341600
1.320400
1.315300
1.293500
1.311900
1.353800
1.339100
1.339300
1.329300
1.326500
1.337200
1.353800
1.389900
1.395300
1.406300
1.400100
1.411300
1.426900
1.426900
1.465000
1.466300
1.445200
1.420900
1.434500
1.414300
1.414400
1.416700
1.410200
1.413600
1.418900
1.404500
1.402700
1.385500
1.397700
1.439300
1.441700
1.450200
1.461700
1.468500
1.470300
1.472400
1.463900
1.452800
1.450500
1.428500
1.427200
1.427400
1.475400
1.470700
1.503100
1.490200
1.499200
1.503800
1.519300
1.537700
1.532800
1.528600
1.538200
1.555500
1.545100
1.563200
1.563700
1.571200
1.575400
1.604900
1.613900
1.606000
1.611900
1.607300
1.624800
1.616200
1.593000
1.599400
1.601900
1.581700
1.606700
1.617200
1.623400
1.609700
1.625500
1.616600
1.597400
1.610300
1.596500
1.596800
1.600400
1.638100
1.647000
1.651700
1.646500
1.656200
1.659500
1.643700
1.627100
1.642200
1.619400
1.619200
1.635800
1.657700
1.656300
1.656700
1.651800
1.684600
1.705600
1.712100
1.701700
1.711200
1.711100
1.686500
1.685800
1.701400
1.715100
1.700400
1.713900
1.741100
1.726700
1.703700
1.660500
1.651400
1.656200
1.659100
1.659900
1.639000
1.642000
1.646900
1.652900
1.666200
1.678400
1.678000
1.690300
1.681000
1.679600
1.705700
1.728000
1.738800
1.740400
1.728800
1.718300
1.695100
1.715300
1.721500
1.724100
1.709200
1.729400
1.736200
1.767600
1.761300
1.780800
1.809200
1.782900
1.814100
1.815900
1.844500
1.846400
1.848400
1.855200
1.855100
1.879500
1.878700
1.904300
1.848800
1.735000
1.818300
1.845600
1.912300
1.958300
1.981000
1.982100
2.022600
2.002000
1.994100
2.065100
2.099300
2.078600
2.132300
2.177500
2.239800
2.248200
2.150000
2.170400
2.100200
2.178000
2.193300
2.197200
2.197600
2.188500
2.114800
2.152200
2.125100
2.092500
2.086900
1.984400
2.001500
1.975800
1.995300
2.023000
1.948300
1.973000
2.015900
2.011200
1.998700
1.960100
1.970100
1.972100
2.007200
2.000700
2.055700
2.050300
2.077400
2.044500
2.048500
2.090700
2.094300
2.111800
2.122500
2.149700
2.145100
2.166700
2.161500
2.128700
2.147000
2.177500
2.163100
2.182400
2.232200
2.247100
2.270500
2.259300
2.292100
2.323200
2.308000
2.322700
2.334200
2.374100
2.316000
2.282900
2.249200
2.262900
2.317500
2.283500
2.289000
2.325500
2.390900
2.351500
2.362700
2.370400
2.379300
2.360900
2.364800
2.398300
2.397200
2.429000
2.414800
2.466900
2.473800
2.468900
2.500800
2.517600
2.580400
2.575300
2.596000
2.654000
2.638300
2.613300
2.632800
2.674700
2.731800
2.778200
2.848100
2.864100
2.955700
2.938400
2.928800
2.817300
2.870700
2.920700
2.954900
2.974200
3.008800
2.870100
2.898500
2.959600
3.049300
3.029200
3.081600
3.160000
3.128300
3.178400
3.166800
3.160700
3.115200
3.068700
3.003600
3.010300
3.055700
3.093100
3.124700
3.068300
3.016000
3.051700
3.092000
3.059400
3.023500
3.061000
3.126500
3.095500
3.139000
3.137500
3.097800
3.058400
2.965500
2.938600
2.853300
2.843700
2.911600
2.935300
2.979400
2.950500
2.941100
2.995000
2.967500
2.942700
2.975200
2.901200
2.890600
2.898300
2.927500
2.949200
3.041100
3.087300
3.127400
3.107700
3.078600
3.064800
3.017100
3.046400
3.003000
2.975300
2.904500
2.936300
2.966500
3.007400
3.020800
2.986400
3.037200
3.050000
3.074200
3.103000
3.078800
3.106100
3.079900
3.031900
3.044900
3.034600
3.026900
2.993700
2.952900
2.988500
3.018000
3.037900
3.013700
2.944500
2.937500
2.956800
2.922100
2.978000
2.984000
2.979100
3.014700
3.019300
3.032900
3.004800
3.028500
2.999600
3.030500
3.045100
3.045900
3.063300
3.060200
3.131400
3.114400
3.139200
3.132200
3.191000
3.200300
3.155600
3.212600
3.271900
3.372900
3.415500
3.438000
3.523400
3.428500
3.370900
3.471900
3.415200
3.319200
3.321900
3.391800
3.328800
3.397400
3.449100
3.521400
3.541300
3.436800
3.431100
3.318700
3.311900
3.366500
3.440900
3.438600
3.451500
3.435600
3.516200
3.611100
3.696000
3.639900
3.559000
3.431900
3.411400
3.308500
3.313400
3.313400