1.000000
1.000000
0.999900
0.999900
0.999900
0.999900
0.999900
1.002000
1.002000
1.002000
1.002000
1.002000
1.005300
1.005300
1.005300
1.005300
1.005300
1.005700
1.005700
1.005700
1.005700
1.005700
1.007100
1.007100
1.007100
1.007100
1.007100
1.008500
1.008500
1.008500
1.008500
1.008500
1.012500
1.012500
1.012500
1.012500
1.012500
1.015600
1.015600
1.015600
1.015600
1.015600
1.015700
1.015700
1.015700
1.015700
1.015700
1.019800
1.019800
1.020400
1.021000
1.021100
1.021300
1.020500
1.020400
1.020100
1.021100
1.020300
1.019000
1.018000
1.018200
1.018800
1.019400
1.019900
1.020300
1.020200
1.021100
1.021000
1.020500
1.025000
1.026000
1.026500
1.027400
1.031000
1.030600
1.030900
1.033100
1.034800
1.035900
1.037800
1.037900
1.035400
1.034500
1.032900
1.033600
1.034200
1.033500
1.032900
1.034600
1.033000
1.034500
1.035300
1.035700
1.037100
1.038800
1.038400
1.037200
1.035700
1.036700
1.039000
1.042100
1.043900
1.044200
1.044900
1.047000
1.048100
1.042800
1.038700
1.041700
1.042100
1.042800
1.044300
1.041800
1.041000
1.035900
1.035200
1.032300
1.032600
1.033000
1.035800
1.037700
1.039500
1.041800
1.043100
1.044000
1.044000
1.042400
1.043800
1.046400
1.049500
1.050700
1.052300
1.052700
1.053800
1.053900
1.054700
1.055800
1.055600
1.056700
1.055900
1.056200
1.057400
1.058400
1.060200
1.057800
1.059600
1.065100
1.066500
1.066900
1.067700
1.070300
1.071000
1.071100
1.071300
1.073200
1.072900
1.073800
1.077200
1.078700
1.080100
1.079400
1.082800
1.083300
1.083100
1.083600
1.086700
1.085500
1.093300
1.090200
1.089100
1.090700
1.090200
1.090900
1.089400
1.088600
1.089200
1.089600
1.089800
1.093000
1.095200
1.094500
1.092800
1.093700
1.092800
1.092491
1.093524
1.096313
1.092284
1.093007
1.095900
1.096520
1.098173
1.099929
1.104268
1.109743
1.113566
1.111809
1.104474
1.106334
1.108193
1.111603
1.116665
1.117905
1.114805
1.104268
1.112636
1.107987
1.101892
1.105198
1.112842
1.112326
1.111396
1.113979
1.111189
1.111189
1.113256
1.107367
1.106954
1.107470
1.106954
1.103028
1.107057
1.105507
1.103028
1.105921
1.111293
1.113875
1.111499
1.112429
1.114805
1.113462
1.113359
1.112739
1.109123
1.103855
1.098276
1.096416
1.099102
1.100135
1.103648
1.107987
1.107470
1.105611
1.104991
1.103958
1.102305
1.103131
1.102718
1.098276
1.089908
1.089185
1.090424
1.086085
1.085362
1.082780
1.081953
1.081746
1.082573
1.082986
1.084536
1.084226
1.082056
1.083709
1.083503
1.083606
1.083296
1.083399
1.083193
1.083709
1.083606
1.083399
1.083296
1.083709
1.083399
1.082883
1.083399
1.088048
1.094660
1.092800
1.091664
1.091974
1.094144
1.092181
1.093007
1.094350
1.093007
1.094247
1.095073
1.096106
1.096313
1.103028
1.103751
1.101478
1.102408
1.101168
1.097449
1.096830
1.096313
1.097759
1.094660
1.095487
1.096520
1.097139
1.096933
1.098586
1.098173
1.096726
1.097346
1.095177
1.095280
1.095590
1.094763
1.092387
1.093730
1.093937
1.089701
1.091251
1.091767
1.091871
1.092491
1.092491
1.092181
1.092491
1.093317
1.092077
1.091664
1.093524
1.093110
1.092697
1.091664
1.090838
1.085259
1.085569
1.083813
1.083503
1.081746
1.081953
1.083503
1.084846
1.081850
1.082986
1.082780
1.082366
1.079887
1.078544
1.077511
1.078131
1.076891
1.074308
1.073688
1.073585
1.075031
1.075031
1.077304
1.078441
1.079474
1.080713
1.081023
1.081023
1.082470
1.084019
1.083399
1.088771
1.087635
1.086499
1.086602
1.086705
1.086395
1.085982
1.085569
1.084536
1.080300
1.082470
1.081023
1.078234
1.073998
1.075135
1.074825
1.074928
1.075031
1.071829
1.072345
1.074412
1.075031
1.070796
1.066353
1.064081
1.066044
1.069659
1.071209
1.074412
1.069763
1.071725
1.071002
1.069143
1.069556
1.072655
1.078854
1.083606
1.083089
1.080403
1.078544
1.077614
1.077924
1.076788
1.072759
1.072139
1.073585
1.073172
1.072965
1.072552
1.072242
1.071829
1.071829
1.069556
1.071932
1.073172
1.071209
1.068523
1.063874
1.063771
1.061085
1.057985
1.058502
1.059742
1.060155
1.065837
1.066663
1.068213
1.071002
1.069039
1.069453
1.072655
1.075961
1.076684
1.073895
1.076994
1.075858
1.076168
1.078750
1.078957
1.081540
1.084123
1.085775
1.088358
1.090424
1.091974
1.094660
1.094247
1.096416
1.096416
1.093317
1.092387
1.090321
1.087738
1.085672
1.086292
1.085775
1.085775
1.085466
1.085879
1.083813
1.090528
1.091251
1.090528
1.091354
1.090528
1.092904
1.092904
1.092284
1.091561
1.090941
1.089391
1.092904
1.091664
1.092800
1.092077
1.092077
1.092387
1.093317
1.091457
1.090734
1.089185
1.091767
1.090218
1.090114
1.090941
1.096416
1.100962
1.097553
1.096726
1.092904
1.091561
1.094453
1.092387
1.095280
1.100755
1.101788
1.102925
1.103338
1.103958
1.103855
1.104888
1.102718
1.105404
1.105198
1.105094
1.103545
1.103338
1.103958
1.103958
1.103235
1.105094
1.105094
1.105507
1.104991
1.103751
1.105714
1.105404
1.103648
1.104061
1.106437
1.105611
1.103441
1.104268
1.105921
1.109743
1.109743
1.111913
1.108607
1.109020
1.111913
1.111913
1.110363
1.109433
1.109123
1.109743
1.110776
1.111396
1.108917
1.105198
1.108400
1.110466
1.110673
1.109743
1.109846
1.111499
1.114805
1.117285
1.117595
1.116562
1.120074
1.120900
1.123173
1.124310
1.125343
1.121934
1.127409
1.127925
1.129165
1.129062
1.129682
1.128442
1.129062
1.127099
1.128649
1.129888
1.131438
1.131128
1.130095
1.131645
1.131541
1.133194
1.135364
1.135984
1.138256
1.138773
1.142699
1.142492
1.147451
1.147141
1.147451
1.143215
1.142905
1.145178
1.148174
1.151273
1.150757
1.154786
1.159021
1.156335
1.158402
1.157988
1.156645
1.154373
1.154166
1.151273
1.150240
1.152203
1.151480
1.153030
1.153339
1.155199
1.155922
1.153649
1.155819
1.152306
1.150343
1.151996
1.151893
1.153753
1.150343
1.151790
1.152100
1.152616
1.152513
1.149620
1.149517
1.149207
1.149310
1.149207
1.146314
1.142079
1.144352
1.139393
1.140632
1.141046
1.141459
1.140736
1.142182
1.143009
1.142389
1.140839
1.140116
1.139909
1.140426
1.142182
1.141769
1.142905
1.142182
1.143525
1.143628
1.142905
1.142905
1.142699
1.142285
1.141562
1.142182
1.142285
1.143732
1.144248
1.144765
1.143732
1.144455
1.144455
1.144662
1.145178
1.144662
1.144558
1.147761
1.147761
1.147038
1.147967
1.148794
1.149104
1.151480
1.152410
1.153546
1.154063
1.154269
1.155612
1.156232
1.156232
1.156335
1.156542
1.157059
1.157472
1.160055
1.160571
1.160364
1.159848
1.161707
1.162431
1.162121
1.162431
1.162741
1.163257
1.163050
1.163464
1.163774
1.164084
1.164600
1.165427
1.165943
1.165943
1.166150
1.165943
1.165013
1.166046
1.166253
1.167080
1.167596
1.167906
1.168423
1.170282
1.170592
1.170592
1.169972
1.169456
1.169456
1.172038
1.172038
1.172245
1.172038
1.172142
1.172658
1.173071
1.173071
1.173381
1.173278
1.184125
1.177824
1.177307
1.184332
1.185365
1.190427
1.190634
1.190944
1.191977
1.190427
1.191977
1.192184
1.192080
1.192493
1.193217
1.193940
1.194146
1.194973
1.196626
1.196419
1.198589
1.199209
1.197349
1.201688
1.203031
1.204891
1.205924
1.207577
1.208093
1.211709
1.213672
1.220593
1.226689
1.229168
1.224313
1.228445
1.221833
1.223693
1.226379
1.223899
1.225552
1.231338
1.232371
1.224313
1.226895
1.232267
1.232164
1.232784
1.231854
1.229271
1.226069
1.225759
1.225449
1.220800
1.219147
1.226689
1.229685
1.233404
1.235057
1.232061
1.231338
1.223383
1.223899
1.225449
1.224209
1.224209
1.222763
1.223796
1.224209
1.226895
1.225036
1.219044
1.218114
1.218527
1.218217
1.223589
1.219250
1.207990
1.210056
1.210159
1.209539
1.204271
1.207473
1.212019
1.214808
1.216668
1.214705
1.215738
1.219250
1.215428
1.217907
1.224106
1.230304
1.234024
1.234230
1.230718
1.229581
1.233094
1.233404
1.235780
1.235986
1.235677
1.235677
1.235780
1.233610
1.232991
1.230408
1.227618
1.223899
1.225036
1.223486
1.223589
1.221420
1.209126
1.211502
1.203134
1.205510
1.210056
1.213672
1.216048
1.220387
1.221833
1.221523
1.222970
1.225862
1.223589
1.224313
1.224932
1.227618
1.225759
1.225759
1.225552
1.223589
1.220077
1.218631
1.217494
1.218217
1.216151
1.216151
1.218011
1.216771
1.217184
1.217598
1.220697
1.221213
1.223899
1.224313
1.223383
1.222970
1.222970
1.223073
1.222763
1.221523
1.220180
1.219147
1.218114
1.216771
1.217391
1.216771
1.217184
1.218114
1.218321
1.218837
1.218837
1.219560
1.219147
1.220077
1.220180
1.220284
1.219870
1.221317
1.221833
1.273591
1.274727
1.272971
1.271421
1.271008
1.272041
1.273591
1.273281
1.273178
1.271525
1.271835
1.273178
1.274727
1.275450
1.275141
1.275244
1.275864
1.275760
1.275244
1.274831
1.274521
1.275037
1.274211
1.272248
1.270285
1.268322
1.266876
1.266049
1.267289
1.266669
1.267496
1.266669
1.266773
1.266049
1.265636
1.264190
1.263157
1.264810
1.263053
1.261607
1.257991
1.262020
1.262330
1.261710
1.261400
1.261710
1.261504
1.261194
1.260367
1.262227
1.262640
1.261194
1.263570
1.265533
1.267082
1.263777
1.263363
1.264190
1.260781
1.260574
1.260987
1.259438
1.259644
1.257061
1.252309
1.250346
1.249830
1.244045
1.246524
1.246731
1.248384
1.247970
1.251483
1.247454
1.244664
1.237226
1.236193
1.233507
1.230614
1.226482
1.221523
1.222453
1.220903
1.220284
1.216978
1.211606
1.215221
1.225966
1.224416
1.227102
1.228135
1.230201
1.232784
1.233404
1.233094
1.241049
1.241462
1.242598
1.244251
1.249727
1.254272
1.252103
1.252103
1.254789
1.255925
1.253962
1.252309
1.253549
1.260057
1.260161
1.263673
1.262950
1.260884
1.262020
1.263157
1.259851
1.262020
1.262330
1.263777
1.266463
1.268116
1.269562
1.267702
1.269562
1.273591
1.274521
1.273798
1.273178
1.269355
1.267082
1.266773
1.269252
1.268942
1.269872
1.272248
1.274831
1.275657
1.278756
1.278756
1.279583
1.279686
1.281029
1.282785
1.284335
1.283922
1.284645
1.285988
1.286091
1.285988
1.282992
1.288984
1.290947
1.291980
1.294872
1.292496
1.294046
1.297145
1.300554
1.300038
1.300141
1.299108
1.299211
1.298178
1.307683
1.309439
1.310162
1.310989
1.312435
1.312125
1.312538
1.313571
1.314811
1.317910
1.316774
1.318220
1.318634
1.319253
1.320390
1.320493
1.324522
1.328035
1.329171
1.327931
1.326382
1.326278
1.330204
1.330411
1.331444
1.330824
1.332580
1.332580
1.333407
1.334130
1.333820
1.335266
1.333303
1.334956
1.334440
1.333303
1.334233
1.335163
1.336093
1.336609
1.337126
1.336093
1.336816
1.339399
1.339295
1.338675
1.340122
1.340845
1.342808
1.343634
1.344977
1.346010
1.346837
1.348180
1.347767
1.348077
1.348283
1.348800
1.349316
1.349523
1.349936
1.349729
1.350453
1.355205
1.355515
1.355721
1.355825
1.356445
1.356858
1.356651
1.357064
1.357271
1.360060
1.360990
1.361300
1.361300
1.361507
1.361920
1.362127
1.362540
1.362643
1.363056
1.363470
1.363160
1.363676
1.364089
1.364916
1.365122
1.367912
1.368015
1.368635
1.368945
1.369875
1.370391
1.371528
1.371734
1.372664
1.373284
1.374317
1.375453
1.376383
1.378346
1.380722
1.382272
1.382892
1.383718
1.384131
1.384751
1.385578
1.385991
1.386611
1.387747
1.389917
1.395495
1.401074
1.402107
1.406343
1.410062
1.410475
1.411198
1.409959
1.409959
1.408099
1.405000
1.405310
1.405929
1.406549
1.409339
1.409959
1.410372
1.410578
1.410578
1.410578
1.410785
1.412645
1.412335
1.411095
1.409959
1.407479
1.406549
1.408719
1.408719
1.408925
1.409132
1.408512
1.410165
1.411405
1.413161
1.412541
1.412954
1.414504
1.416777
1.418223
1.418533
1.419670
1.421219
1.422252
1.422769
1.422356
1.423595
1.421736
1.423285
1.424732
1.430414
1.431963
1.427521
1.429587
1.433616
1.435269
1.437335
1.435372
1.431860
1.430000
1.430310
1.430104
1.426695
1.426798
1.427108
1.429071
1.428761
1.434339
1.435992
1.437542
1.439402
1.443327
1.449526
1.451695
1.453761
1.455518
1.457997
1.460993
1.462749
1.466055
1.465125
1.463782
1.466572
1.465745
1.468431
1.469981
1.471014
1.474010
1.475043
1.471944
1.472357
1.472770
1.474320
1.474320
1.472254
1.470084
1.470188
1.471014
1.468018
1.467398
1.467088
1.471324
1.478039
1.471944
1.468328
1.474733
1.481035
1.483928
1.481552
1.483721
1.485684
1.488267
1.490436
1.491263
1.493535
1.492606
1.494258
1.497358
1.500457
1.499114
1.499217
1.494878
1.492812
1.493535
1.497874
1.503143
1.503660
1.503866
1.506139
1.505416
1.506242
1.508412
1.510478
1.510891
1.513784
1.522255
1.527111
1.535065
1.534859
1.540851
1.554384
1.561409
1.555004
1.555314
1.557380
1.559136
1.563062
1.557070
1.557277
1.559963
1.563785
1.551905
1.553454
1.541574
1.527111
1.529177
1.537235
1.524631
1.504486
1.497771
1.504693
1.495395
1.486407
1.483204
1.486407
1.488473
1.488576
1.488370
1.488576
1.487957
1.488783
1.489093
1.489816
1.496738
1.499631
1.499631
1.500354
1.506449
1.508722
1.509445
1.511821
1.513371
1.514094
1.518743
1.521532
1.522565
1.525561
1.528660
1.530623
1.532070
1.531966
1.531553
1.532379
1.532483
1.534239
1.534756
1.534962
1.536718
1.536718
1.536202
1.536615
1.541574
1.541987
1.542814
1.543433
1.543743
1.544673
1.545086
1.546326
1.546636
1.547463
1.547772
1.549425
1.549632
1.550768
1.550252
1.550768
1.551698
1.552008
1.551801
1.552421
1.552111
1.554074
1.554384
1.557174
1.558930
1.558930
1.560376
1.561513
1.563992
1.564095
1.564302
1.564818
1.566265
1.567608
1.568744
1.569881
1.574116
1.576286
1.579488
1.582484
1.585997
1.586720
1.587236
1.586513
1.587236
1.587030
1.583311
1.581451
1.581658
1.580831
1.580831
1.581761
1.581968
1.581451
1.580521
1.580625
1.580418
1.579798
1.580418
1.580728
1.581141
1.583311
1.583931
1.585170
1.587443
1.590749
1.592608
1.593125
1.594881
1.595088
1.596018
1.596741
1.596947
1.596947
1.598187
1.598704
1.602216
1.604076
1.605729
1.606555
1.608828
1.610481
1.612340
1.611617
1.612134
1.613064
1.613477
1.613993
1.615130
1.616163
1.617609
1.619469
1.621742
1.622981
1.625151
1.626184
1.628250
1.627527
1.627320
1.628353
1.627940
1.626184
1.625357
1.625977
1.626597
1.624944
1.624944
1.625461
1.626804
1.627217
1.630213
1.630833
1.631039
1.630936
1.631556
1.631866
1.632279
1.634242
1.633209
1.633002
1.631659
1.633519
1.635482
1.635275
1.634758
1.635998
1.636618
1.637238
1.637651
1.637238
1.640131
1.640544
1.640854
1.642197
1.644779
1.645399
1.645606
1.646226
1.647259
1.647879
1.648189
1.647259
1.647156
1.647465
1.648292
1.648705
1.648808
1.648705
1.648292
1.648292
1.647775
1.646846
1.645812
1.645709
1.646226
1.646432
1.645503
1.645296
1.642920
1.640440
1.639614
1.638994
1.638374
1.638891
1.640337
1.640957
1.642403
1.642507
1.643953
1.645193
1.646226
1.646846
1.648395
1.649118
1.649015
1.648602
1.648705
1.648912
1.649532
1.649222
1.649635
1.649428
1.649635
1.650978
1.651494
1.651701
1.651185
1.651494
1.651701
1.651908
1.651908
1.652837
1.653561
1.653561
1.654181
1.655420
1.656453
1.656350
1.657486
1.657796
1.658726
1.660172
1.660999
1.661825
1.662755
1.663995
1.665338
1.666061
1.667404
1.668540
1.669264
1.669160
1.669574
1.670193
1.670917
1.671123
1.671846
1.673499
1.674119
1.675462
1.675669
1.675875
1.676185
1.676908
1.677425
1.677528
1.678768
1.679285
1.679285
1.679801
1.680421
1.681661
1.682074
1.682694
1.684140
1.684760
1.685483
1.685793
1.687239
1.687653
1.687962
1.687962
1.688066
1.688066
1.688272
1.688582
1.688892
1.688789
1.688996
1.689202
1.689305
1.689512
1.689615
1.689822
1.690029
1.690132
1.690339
1.690442
1.690752
1.691372
1.691682
1.691785
1.692095
1.692198
1.692508
1.692715
1.692818
1.693025
1.693231
1.694574
1.694781
1.694884
1.695091
1.695194
1.695504
1.695607
1.695814
1.695917
1.696021
1.696330
1.696330
1.696330
1.696330
1.696537
1.696950
1.696950
1.697157
1.697364
1.697570
1.697880
1.697983
1.697983
1.697983
1.698087
1.698293
1.698190
1.698087
1.698087
1.697983
1.698810
1.699430
1.699326
1.699533
1.699740
1.700153
1.699430
1.697983
1.697260
1.696330
1.695194
1.693851
1.694161
1.694471
1.695194
1.691888
1.690545
1.688996
1.683004
1.684760
1.682797
1.680834
1.683830
1.685793
1.686310
1.686826
1.687239
1.687962
1.688582
1.689822
1.691785
1.693231
1.693851
1.693851
1.695607
1.695607
1.695504
1.695711
1.695504
1.695401
1.695091
1.695504
1.696021
1.697260
1.697983
1.698087
1.698190
1.698810
1.697777
1.697674
1.697260
1.697157
1.697570
1.697777
1.698707
1.698500
1.698603
1.698293
1.697880
1.698397
1.698913
1.698913
1.698913
1.699223
1.698810
1.698913
1.698707
1.698500
1.698293
1.698603
1.698707
1.698397
1.698087
1.697674
1.697777
1.698190
1.698293
1.698603
1.698603
1.697880
1.697674
1.697467
1.697880
1.698707
1.699120
1.699017
1.699017
1.698397
1.698397
1.698913
1.698707
1.698397
1.699120
1.699223
1.699533
1.699843
1.699740
1.699430
1.699430
1.698810
1.698707
1.698707
1.698913
1.699843
1.700050
1.700360
1.700153
1.700256
1.701289
1.701393
1.700979
1.701289
1.701186
1.701083
1.699740
1.699533
1.699843
1.700050
1.700773
1.701186
1.701289
1.701186
1.700669
1.701186
1.701496
1.701703
1.702736
1.702219
1.702426
1.702529
1.702529
1.703665
1.704285
1.704285
1.705215
1.706042
1.706145
1.706558
1.706765
1.708521
1.709554
1.709761
1.710174
1.710071
1.711827
1.712447
1.712550
1.712653
1.713480
1.714823
1.715236
1.715753
1.715959
1.716372
1.716889
1.716786
1.717096
1.717612
1.717922
1.718232
1.716889
1.717405
1.717922
1.718232
1.718955
1.719058
1.719162
1.719265
1.719472
1.719885
1.719988
1.720505
1.720505
1.720815
1.721125
1.721228
1.721331
1.721331
1.721228
1.722158
1.722261
1.722364
1.723707
1.723707
1.724017
1.723914
1.724017
1.723604
1.724430
1.726083
1.725877
1.725877
1.725980
1.726807
1.727426
1.727736
1.727736
1.727633
1.727736
1.727943
1.727633
1.727530
1.727633
1.728150
1.728976
1.728150
1.728460
1.728873
1.728769
1.728769
1.728563
1.728460
1.728563
1.729803
1.731455
1.731559
1.732489
1.732902
1.733212
1.733108
1.732799
1.732902
1.732592
1.732799
1.732799
1.732902
1.732799
1.731765
1.731869
1.729906
1.729596
1.730422
1.730836
1.730732
1.731352
1.731662
1.731662
1.731765
1.732179
1.732282
1.731972
1.731455
1.731249
1.731352
1.731249
1.731559
1.731249
1.729596
1.729596
1.729699
1.728976
1.727736
1.727426
1.726703
1.726083
1.726703
1.726497
1.727220
1.728253
1.728873
1.728253
1.727736
1.726807
1.727117
1.727013
1.728356
1.728046
1.728976
1.729183
1.729389
1.729183
1.727013
1.727013
1.727943
1.731559
1.734555
1.736104
1.738584
1.739410
1.739204
1.739204
1.739307
1.739617
1.737861
1.738377
1.739307
1.741580
1.743439
1.745609
1.746229
1.749018
1.748811
1.748605
1.745505
1.744059
1.744886
1.743956
1.745299
1.746848
1.745712
1.744989
1.744369
1.740753
1.744059
1.745402
1.746539
1.748811
1.749225
1.751601
1.751291
1.751497
1.751601
1.750361
1.750258
1.752634
1.752840
1.753254
1.754493
1.755526
1.754597
1.754183
1.754080
1.753873
1.754493
1.754803
1.754907
1.755320
1.755630
1.756973
1.758006
1.759039
1.760589
1.760485
1.762448
1.763068
1.764618
1.766787
1.769163
1.769576
1.770403
1.770403
1.770300
1.770919
1.777635
1.777944
1.777015
1.776188
1.778254
1.778564
1.776705
1.776911
1.776601
1.776395
1.775775
1.777325
1.777118
1.775878
1.775155
1.774432
1.774639
1.773605
1.773089
1.772882
1.773192
1.774432
1.773915
1.772469
1.772262
1.771849
1.772572
1.771539
1.770300
1.770300
1.770093
1.769990
1.770300
1.770403
1.770506
1.769370
1.769267
1.769576
1.769576
1.769267
1.768750
1.767097
1.767407
1.767200
1.766890
1.767200
1.766167
1.765134
1.765651
1.767407
1.766890
1.768337
1.768337
1.769680
1.770610
1.773296
1.772882
1.772882
1.773812
1.774019
1.774225
1.773812
1.774122
1.777015
1.779804
1.782387
1.783626
1.784040
1.784660
1.785899
1.787449
1.788998
1.790548
1.790961
1.792511
1.794371
1.798090
1.798193
1.799226
1.797883
1.797367
1.796540
1.795817
1.795404
1.794061
1.793957
1.794061
1.793854
1.794887
1.795197
1.797160
1.796953
1.796850
1.796953
1.797470
1.797676
1.798296
1.798400
1.798710
1.799019
1.798916
1.798916
1.798193
1.798503
1.799226
1.799743
1.800982
1.801912
1.801912
1.802739
1.803358
1.803668
1.803668
1.805011
1.805838
1.805631
1.806148
1.805115
1.806561
1.807078
1.807181
1.808007
1.808627
1.810383
1.812760
1.812760
1.813173
1.813276
1.813689
1.814206
1.815032
1.815342
1.816375
1.817718
1.818545
1.818648
1.819578
1.820508
1.821334
1.822780
1.824020
1.825570
1.827636
1.829496
1.830735
1.830735
1.831045
1.831355
1.831148
1.831665
1.831975
1.832905
1.832801
1.833938
1.835694
1.835901
1.837140
1.837140
1.838380
1.838690
1.839000
1.839207
1.840033
1.839516
1.839000
1.837864
1.837347
1.837347
1.837037
1.837760
1.837864
1.837450
1.838173
1.840136
1.841066
1.842719
1.844579
1.846955
1.848504
1.849847
1.851087
1.851604
1.851707
1.852327
1.852843
1.853257
1.854083
1.855013
1.855219
1.855736
1.856459
1.857699
1.857802
1.857802
1.858215
1.858939
1.860385
1.862451
1.863587
1.864930
1.865550
1.865240
1.867616
1.867410
1.867823
1.868443
1.869993
1.872989
1.871336
1.870509
1.870819
1.871439
1.871955
1.872059
1.872059
1.872059
1.870612
1.872782
1.873712
1.872265
1.871439
1.871542
1.873505
1.874125
1.874125
1.875158
1.875468
1.875261
1.873092
1.873402
1.873505
1.877018
1.880323
1.880943
1.881460
1.882183
1.881460
1.880633
1.879704
1.878051
1.877844
1.876708
1.877431
1.877328
1.877534
1.877844
1.876191
1.874538
1.873918
1.871336
1.870406
1.870406
1.872782
1.868960
1.870612
1.871026
1.871542
1.875468
1.874848
1.875158
1.876914
1.877431
1.875984
1.875571
1.876501
1.876811
1.876191
1.875778
1.875778
1.875778
1.875881
1.874641
1.875158
1.873815
1.872059
1.872369
1.871955
1.873608
1.875984
1.875261
1.874538
1.872885
1.873092
1.872989
1.875365
1.878774
1.880323
1.880840
1.879704
1.881047
1.882596
1.882286
1.885696
1.886832
1.886625
1.886109
1.886109
1.884249
1.884249
1.883836
1.884353
1.886315
1.887762
1.887865
1.888485
1.887658
1.888691
1.888898
1.889725
1.891068
1.893237
1.894373
1.895200
1.896336
1.896440
1.895820
1.895613
1.893650
1.893547
1.894993
1.897369
1.897989
1.900262
1.899849
1.899746
1.900572
1.902328
1.905324
1.903775
1.904188
1.904188
1.906047
1.905531
1.908733
1.908010
1.907700
1.909043
1.912143
1.913072
1.913486
1.916688
1.917411
1.918858
1.917618
1.917308
1.917928
1.917721
1.913899
1.916068
1.917205
1.917825
1.915862
1.915862
1.915139
1.915139
1.916688
1.915862
1.916998
1.918754
1.922060
1.924333
1.927329
1.925366
1.924540
1.924023
1.922783
1.922680
1.923093
1.922370
1.921750
1.924230
1.926399
1.925779
1.923507
1.923403
1.926399
1.927226
1.931358
1.930738
1.931565
1.930635
1.927949
1.927536
1.928672
1.929602
1.928052
1.930635
1.934251
1.933011
1.931461
1.929705
1.928879
1.929705
1.928569
1.928052
1.927432
1.927846
1.928982
1.929189
1.931978
1.933528
1.933631
1.933424
1.935490
1.935697
1.941482
1.944375
1.947474
1.946958
1.947371
1.946751
1.945718
1.949127
1.949644
1.952846
1.951710
1.952640
1.954396
1.958012
1.957908
1.959148
1.960284
1.959458
1.961214
1.961214
1.962867
1.962557
1.960181
1.959355
1.959975
1.962351
1.960181
1.960491
1.952950
1.941689
1.947784
1.950470
1.953363
1.953363
1.954396
1.958218
1.961111
1.959768
1.961008
1.970202
1.971029
1.970202
1.975471
1.977021
1.978570
1.976297
1.975677
1.975471
1.967619
1.972372
1.972268
1.972475
1.979707
1.977537
1.970822
1.974541
1.973508
1.969272
1.965243
1.955222
1.953879
1.950987
1.947061
1.950987
1.944065
1.949437
1.956669
1.958838
1.961627
1.958115
1.957289
1.957598
1.959355
1.957392
1.965450
1.965243
1.967103
1.966070
1.963487
1.965553
1.963694
1.963900
1.968136
1.970925
1.969376
1.970719
1.973405
1.971958
1.974954
1.976194
1.981876
1.984975
1.984665
1.982702
1.984872
1.983529
1.981153
1.979500
1.974644
1.973405
1.972475
1.973611
1.969376
1.968446
1.965347
1.963074
1.965553
1.967206
1.968239
1.971855
1.977434
1.977227
1.972165
1.971339
1.970099
1.969892
1.971235
1.969582
1.967309
1.968033
1.966586
1.971339
1.973095
1.974851
1.979707
1.976711
1.972785
1.975781
1.975161
1.980636
1.985079
1.991587
1.997476
2.017311
2.011732
2.016898
2.017414
2.008633
2.011009
2.007187
2.006980
1.995926
2.000368
2.013075
2.012869
2.020204
2.021133
2.009873
2.005120
2.008323
2.018344
2.017621
2.018551
2.029398
2.033944
2.040349
2.042208
2.041898
2.045308
2.041072
2.038386
2.043551
2.049337
2.063387
2.065969
2.062767
2.053159
2.053056
2.055432
2.054192
2.044481
2.047580
2.056052
2.052126
2.055639
2.052952
2.048923
2.047064
2.040762
2.042105
2.032084
2.033014
2.035803
2.039936
2.043448
2.043758
2.043551
2.049543
2.051093
2.047580
2.048923
2.041072
2.040969
2.041898
2.046754
2.050680
2.055535
2.064936
2.070515
2.071445
2.072478
2.072065
2.071341
2.073718
2.075784
2.076300
2.074234
2.077643
2.080743
2.089730
2.091797
2.089627
2.096652
2.097272
2.099751
2.107603
2.107500
2.110630
2.104938
2.106219
2.110487
2.106504
2.105650
2.102520
2.098536
2.101524
2.101808
2.104512
2.102804
2.096828
2.094552
2.099816
2.099105
2.105223
2.105934
2.105081
2.106361
2.107215
2.106788
2.102520
2.102520
2.101524
2.102946
2.103658
2.104796
2.105934
2.104938
2.109349
2.108353
2.109918
2.111483
2.114187
2.114471
2.113475
2.115894
2.118455
2.120305
2.123293
2.124858
2.126139
2.126423
2.128984
2.131972
2.132541
2.132399
2.132541
2.134533
2.133253
2.134818
2.136098
2.136668
2.138090
2.136098
2.134533
2.130692
2.128415
2.132541
2.134818
2.135529
2.133253
2.131972
2.133822
2.137237
2.138517
2.139371
2.137806
2.137379
2.136668
2.135529
2.136241
2.136241