1.000000
1.000000
0.993000
0.993000
0.993000
0.993000
0.993000
0.992000
0.992000
0.992000
0.992000
0.992000
0.990000
0.990000
0.990000
0.990000
0.988000
0.985000
0.985000
0.988000
0.987000
0.990000
0.991000
0.987000
0.989000
0.992000
0.989000
0.989000
0.989000
0.992000
0.993000
0.994000
0.994000
0.999000
1.001000
1.001000
1.001000
0.998000
1.001000
1.002000
1.002000
0.999000
1.000000
1.001000
1.003000
1.004000
1.005000
1.010000
1.011000
1.014000
1.015000
1.018000
1.017000
1.015000
1.011000
1.014000
1.022000
1.027000
1.038000
1.039000
1.037000
1.031000
1.032000
1.024000
1.022000
1.034000
1.036000
1.040000
1.029000
1.046000
1.056000
1.065000
1.055000
1.058000
1.072000
1.077000
1.072000
1.074000
1.095000
1.102000
1.089000
1.116000
1.113000
1.096000
1.106000
1.142000
1.148000
1.170000
1.203000
1.214000
1.220000
1.228000
1.223000
1.226000
1.222000
1.246000
1.291000
1.301000
1.337000
1.342000
1.326000
1.329000
1.292000
1.349000
1.368000
1.372000
1.390000
1.425000
1.472000
1.461000
1.463000
1.437000
1.430000
1.468000
1.477000
1.517000
1.521000
1.567000
1.581000
1.556000
1.589000
1.666000
1.705000
1.680000
1.667000
1.748000
1.806000
1.785000
1.765000
1.812000
1.874000
1.905000
1.938000
1.890000
1.938000
1.969000
1.951000
1.825267
1.816742
1.744286
1.710188
1.719778
1.768793
1.770924
1.753876
1.808218
1.822070
1.856167
1.899854
1.901985
1.893461
1.740024
1.766662
1.725106
1.752810
1.717647
1.762400
1.806087
1.818873
1.818873
1.824201
1.827398
1.805021
1.839119
1.812480
1.867888
1.857233
1.866823
1.882806
1.881740
1.906247
1.899854
1.907313
1.895592
1.893461
1.940345
1.958459
1.975507
1.982966
1.982966
2.002146
2.030915
2.060750
2.099110
2.091651
2.147059
2.127879
2.137469
2.075668
2.157714
2.219516
2.222712
2.229105
2.245089
2.197139
2.225909
2.273858
2.265334
2.278120
2.263203
2.294103
2.246154
2.306890
2.347380
2.343118
2.355905
2.366560
2.382543
2.364429
2.418771
2.472048
2.527456
2.360167
2.421968
2.402788
2.258941
2.331397
2.355905
2.415575
2.437951
2.540243
2.598847
2.635075
2.615896
2.636141
2.695811
2.679828
2.654255
2.693680
2.647862
2.589257
2.613765
2.675566
2.576471
2.506145
2.495490
2.528522
2.486966
2.375084
2.463524
2.516801
2.492293
2.493359
2.517866
2.526391
2.475245
2.559036
2.570360
2.563566
2.631505
2.715296
2.713032
2.731149
2.747001
2.747001
2.796823
2.835322
2.765118
2.846645
2.959877
3.007434
3.011963
2.980258
3.052727
3.011963
3.007434
3.030080
3.039139
2.977994
2.907790
3.070844
3.109342
3.138783
3.179546
3.222574
3.240691
3.247485
3.195399
3.224839
3.295042
3.362981
3.290513
3.279190
3.317689
3.258808
3.313160
3.184075
3.213516
3.310895
3.347129
3.383363
3.329012
3.304101
3.331277
3.288249
3.326747
3.295042
3.252014
3.279190
3.372040
3.437714
3.417333
3.439979
3.476213
3.439979
3.473949
3.523771
3.476213
3.360717
3.372040
3.313160
3.365246
3.396951
3.290513
3.349394
3.412803
3.421862
3.483007
3.435450
3.349394
3.272396
3.274661
3.267867
3.131989
3.093490
3.109342
3.088961
3.199928
3.152371
3.095755
3.073108
3.138783
3.111607
2.989317
3.032345
3.000640
2.944024
2.896467
2.987052
2.946289
2.982523
3.027816
3.107078
3.102549
3.152371
3.177282
3.175017
3.143312
3.045933
3.116136
3.032345
3.036874
3.091225
3.122930
3.154635
3.190869
3.199928
3.220310
3.274661
3.276925
3.267867
3.274661
3.292778
3.317689
3.326747
3.358452
3.401480
3.421862
3.460361
3.435450
3.326747
3.267867
3.272396
3.147841
3.000640
3.116136
3.141047
3.168223
3.018757
3.025551
2.996111
2.957612
2.955347
3.127460
3.109342
3.045933
3.070844
3.025551
3.073108
3.118401
3.059521
3.061785
2.975729
2.912319
2.903261
2.948553
2.946289
2.966671
3.034610
2.982523
2.946289
2.962141
2.944024
2.853439
2.853439
2.787764
2.740207
2.703973
2.620182
2.534125
2.586212
2.638299
2.663210
2.577153
2.599800
2.606594
2.543184
2.615652
2.568095
2.484303
2.461657
2.488833
2.577153
2.602064
2.518273
2.536390
2.559036
2.463922
2.475245
2.448069
2.398247
2.366543
2.368807
2.380130
2.459393
2.604329
2.595271
2.559036
2.586212
2.663210
2.701708
2.681327
2.617917
2.683591
2.674533
2.697179
2.681327
2.733413
2.728884
2.722090
2.710767
2.613388
2.642828
2.620182
2.597535
2.568095
2.570360
2.615652
2.579418
2.570360
2.577153
2.579418
2.554507
2.531861
2.522802
2.407306
2.389189
2.355219
2.316721
2.291810
2.241988
2.309927
2.214812
2.244252
2.205754
2.232929
2.291810
2.291810
2.217077
2.194430
2.160461
2.164990
2.210283
2.189901
2.253311
2.273693
2.314456
2.289545
2.280486
2.298604
2.246517
2.203489
2.198960
2.230664
2.285016
2.282751
2.266899
2.300868
2.287280
2.303133
2.282751
2.269163
2.230664
2.237458
2.217077
2.169519
2.162725
2.160461
2.110639
2.044965
2.049494
2.056288
2.063082
2.065346
1.997407
2.004201
2.097051
2.047229
2.017789
2.008730
1.961173
1.931733
1.936262
1.961173
1.931733
1.909086
1.881911
1.881911
1.857000
1.836618
1.847941
1.845677
1.816236
1.816236
1.761885
1.734710
1.714328
1.823030
1.881911
1.827560
1.845677
1.897763
1.906822
1.829824
1.816236
1.782267
1.761885
1.707534
1.730180
1.700740
1.684888
1.626007
1.630536
1.655447
1.655447
1.632801
1.632801
1.612419
1.542216
1.564862
1.544480
1.560333
1.539951
1.530893
1.512776
1.549010
1.519569
1.524099
1.601096
1.594302
1.605626
1.659977
1.705269
1.734710
1.650918
1.716593
1.693946
1.684888
1.639595
1.637330
1.646389
1.669035
1.655447
1.678094
1.678094
1.734710
1.748297
1.759621
1.804913
1.775473
1.800384
1.770944
1.716593
1.732445
1.755091
1.768679
1.793590
1.800384
1.784532
1.727916
1.714328
1.707534
1.700740
1.703005
1.698476
1.691682
1.734710
1.766415
1.759621
1.736974
1.752827
1.750562
1.716593
1.755091
1.752827
1.768679
1.773208
1.775473
1.766415
1.784532
1.777738
1.789061
1.823030
1.838883
1.825295
1.872852
1.906822
1.927204
1.936262
1.927204
1.977025
2.008730
1.977025
1.915880
1.936262
1.961173
1.988349
1.931733
1.927204
1.861529
1.829824
1.841147
1.836618
1.915880
1.909086
1.888705
1.838883
1.861529
1.854735
1.850206
1.843412
1.852471
1.890969
1.897763
1.920410
1.915880
1.943056
1.940791
1.902293
1.922674
1.929468
1.920410
1.929468
1.958908
1.967967
1.952115
1.958908
1.922674
1.936262
1.979290
2.017789
2.031377
2.044965
2.044965
2.024583
2.060817
2.040435
1.977025
1.983819
1.970232
1.929468
1.940791
1.974761
1.990613
2.035906
2.040435
2.063082
2.051758
2.060817
2.020054
2.049494
2.067611
2.067611
2.072140
2.092522
2.101580
2.087993
2.047229
2.038171
2.047229
2.040435
2.058552
2.112904
2.119697
2.144608
2.140079
2.135550
2.140079
2.158196
2.176313
2.160461
2.128756
2.169519
2.162725
2.194430
2.221606
2.237458
2.223871
2.219341
2.232929
2.237458
2.244252
2.289545
2.285016
2.325779
2.350690
2.393718
2.405041
2.371072
2.389189
2.409571
2.409571
2.373336
2.436746
2.450334
2.468451
2.477510
2.511479
2.479774
2.527332
2.570360
2.577153
2.608858
2.604329
2.463922
2.506950
2.572624
2.581683
2.583947
2.534125
2.477510
2.414100
2.400512
2.411835
2.330308
2.373336
2.316721
2.178578
2.185372
2.069875
2.167255
2.203489
2.217077
2.126491
2.149138
2.126491
2.038171
1.904557
1.915880
1.947585
2.042700
2.054023
2.065346
2.110639
2.128756
2.115168
2.153667
2.180843
2.192166
2.153667
2.176313
2.124227
2.119697
2.078934
2.049494
2.067611
2.058552
2.015524
2.017789
2.035906
2.115168
2.108374
2.131021
2.146873
2.155932
2.162725
2.210283
2.228400
2.226135
2.217077
2.251046
2.244252
2.194430
2.198960
2.160461
2.178578
2.246517
2.269163
2.275957
2.273693
2.275957
2.275957
2.294074
2.287280
2.289545
2.291810
2.352955
2.348425
2.346161
2.357484
2.350690
2.362013
2.305397
2.346161
2.266899
2.219341
2.291810
2.316721
2.339367
2.330308
2.352955
2.373336
2.350690
2.316721
2.321250
2.323514
2.332573
2.318985
2.300868
2.264634
2.205754
2.210283
2.162725
2.180843
2.235194
2.235194
2.260105
2.266899
2.282751
2.294074
2.273693
2.280486
2.275957
2.237458
2.237458
2.237458
2.275957
2.232929
2.271428
2.285016
2.296339
2.298604
2.226135
2.226135
2.180843
2.160461
2.099316
2.090257
2.117433
2.121962
2.099316
2.085728
2.115168
2.119697
2.081199
2.083463
2.087993
2.121962
2.126491
2.140079
2.131021
2.124227
2.160461
2.185372
2.187636
2.198960
2.187636
2.198960
2.144608
2.149138
2.164990
2.167255
2.146873
2.133285
2.110639
2.085728
2.087993
2.126491
2.126491
2.135550
2.149138
2.144608
2.155932
2.137814
2.160461
2.178578
2.187636
2.185372
2.210283
2.226135
2.223871
2.219341
2.217077
2.241988
2.255575
2.251046
2.271428
2.248782
2.244252
2.167255
2.183107
2.237458
2.241988
2.219341
2.208018
2.164990
2.164990
2.106110
2.069875
2.065346
2.094786
2.031377
2.001936
1.990613
1.956644
1.933997
1.986084
1.986084
1.897763
1.911351
1.918145
1.904557
1.936262
1.997407
1.977025
1.977025
2.006466
2.008730
1.965702
1.956644
1.974761
1.967967
1.977025
1.965702
1.977025
2.020054
2.022318
2.017789
1.988349
1.924939
1.963438
1.970232
1.949850
1.952115
1.924939
1.902293
1.829824
1.809443
1.775473
1.770944
1.770944
1.804913
1.818501
1.813972
1.859265
1.872852
1.850206
1.857000
1.832089
1.834354
1.872852
1.913616
1.924939
1.943056
1.954379
1.965702
1.965702
1.997407
1.990613
1.988349
2.022318
1.997407
2.004201
1.999672
2.024583
2.038171
1.986084
1.995143
1.981555
2.001936
2.035906
2.049494
2.042700
2.044965
2.015524
2.013260
2.026847
1.992878
1.997407
2.004201
2.035906
2.040435
2.029112
2.051758
2.056288
2.074405
2.076669
2.087993
2.060817
2.074405
2.099316
2.099316
2.060817
2.029112
2.038171
2.026847
2.033641
2.072140
2.067611
2.049494
2.074405
2.121962
2.126491
2.153667
2.180843
2.158196
2.201224
2.176313
2.235194
2.280486
2.291810
2.323514
2.402777
2.382395
2.350690
2.343896
2.352955
2.445805
2.436746
2.395983
2.436746
2.461657
2.482039
2.479774
2.468451
2.472980
2.321250
2.318985
2.214812
2.160461
2.208018
2.232929
2.223871
2.189901
2.253311
2.280486
2.257840
2.244252
2.226135
2.219341
2.232929
2.230664
2.232929
2.266899
2.255575
2.219341
2.246517
2.318985
2.323514
2.312191
2.293895
2.282460
2.255015
2.300756
2.266451
2.257302
2.229858
2.197840
2.156673
2.161247
2.172682
2.255015
2.314478
2.314478
2.309904
2.289321
2.225284
2.239006
2.239006
2.232145
2.177256
2.088062
2.083488
2.140664
2.058331
2.078914
2.024025
2.019451
2.044608
2.088062
2.099497
2.117793
2.131516
2.069766
2.126942
2.133803
2.220710
2.216136
2.255015
2.243580
2.218423
2.252728
2.174969
2.179543
2.195553
2.197840
2.225284
2.241293
2.227571
2.197840
2.232145
2.307617
2.300756
2.298469
2.243580
2.227571
2.227571
2.188691
2.227571
2.190979
2.211562
2.206988
2.209275
2.243580
2.236719
2.268738
2.275599
2.248154
2.229858
2.211562
2.255015
2.289321
2.296182
2.319052
2.303043
2.280173
2.305330
2.287034
2.282460
2.282460
2.232145
2.236719
2.259590
2.236719
2.188691
2.170395
2.158960
2.126942
2.147525
2.149812
2.083488
2.072053
2.056044
2.065192
2.083488
2.083488
2.051469
2.078914
2.060618
2.074340
2.088062
2.067479
2.076627
2.019451
2.021738
2.010303
1.992007
1.985145
1.966849
1.998868
2.005729
1.975997
1.998868
2.010303
2.008016
1.975997
1.978284
1.975997
2.001155
1.982858
1.957701
1.943979
1.937118
1.959988
1.957701
1.992007
2.028599
2.046895
2.056044
2.030886
2.065192
2.081201
2.124655
2.124655
2.122367
2.120080
2.126942
2.124655
2.094923
2.129229
2.142951
2.154386
2.147525
2.140664
2.140664
2.120080
2.129229
2.069766
2.072053
2.099497
2.108645
2.097210
2.110932
2.106358
2.101784
2.106358
2.074340
2.008016
2.005729
2.021738
2.046895
2.056044
2.069766
2.056044
2.040034
2.008016
1.969136
1.953127
1.987432
1.969136
2.033173
2.030886
2.001155
1.998868
2.003442
1.998868
1.971423
1.921109
1.898238
1.939405
1.930257
1.925683
1.900525
1.909673
1.909673
1.914247
1.873081
1.886803
1.943979
1.886803
1.870794
1.829627
1.847923
1.834201
1.811331
1.802183
1.781599
1.749581
1.804470
1.820479
1.815905
1.820479
1.761016
1.749581
1.687831
1.674109
1.722137
1.770164
1.783886
1.786174
1.831914
1.829627
1.825053
1.847923
1.847923
1.866220
1.850210
1.843349
1.859359
1.829627
1.827340
1.868507
1.861646
1.809044
1.802183
1.758729
1.754155
1.754155
1.733572
1.731285
1.717562
1.722137
1.751868
1.687831
1.735859
1.703840
1.669535
1.664961
1.674109
1.669535
1.651239
1.632942
1.594063
1.573479
1.516304
1.550609
1.546035
1.546035
1.520878
1.520878
1.530026
1.511729
1.493433
1.488859
1.495720
1.520878
1.486572
1.459128
1.468276
1.532313
1.584915
1.575766
1.573479
1.541461
1.502581
1.591776
1.566618
1.596350
1.616933
1.591776
1.594063
1.568905
1.610072
1.619220
1.619220
1.591776
1.653526
1.653526
1.651239
1.653526
1.644377
1.660387
1.646664
1.646664
1.648951
1.664961
1.687831
1.696979
1.719850
1.722137
1.712988
1.694692
1.692405
1.726711
1.717562
1.683257
1.667248
1.694692
1.719850
1.710701
1.728998
1.680970
1.671822
1.694692
1.701553
1.667248
1.674109
1.660387
1.632942
1.639803
1.635229
1.578053
1.548322
1.552896
1.594063
1.598637
1.587202
1.598637
1.591776
1.630655
1.642090
1.632942
1.610072
1.648951
1.662674
1.685544
1.667248
1.662674
1.671822
1.669535
1.662674
1.703840
1.715275
1.728998
1.722137
1.715275
1.685544
1.685544
1.671822
1.651239
1.651239
1.628368
1.653526
1.632942
1.637516
1.658100
1.653526
1.632942
1.614646
1.635229
1.658100
1.658100
1.653526
1.648951
1.596350
1.589489
1.580340
1.578053
1.568905
1.594063
1.594063
1.632942
1.621507
1.616933
1.626081
1.610072
1.607785
1.580340
1.520878
1.530026
1.532313
1.523165
1.550609
1.559757
1.575766
1.566618
1.539174
1.573479
1.546035
1.532313
1.548322
1.564331
1.562044
1.523165
1.534600
1.518591
1.536887
1.518591
1.493433
1.507155
1.491146
1.475137
1.465989
1.447692
1.452267
1.465989
1.438544
1.447692
1.465989
1.463702
1.459128
1.477424
1.470563
1.431683
1.433970
1.427109
1.417961
1.411100
1.411100
1.424822
1.422535
1.420248
1.401952
1.385943
1.385943
1.376794
1.360785
1.367646
1.395091
1.388230
1.392804
1.401952
1.438544
1.440831
1.433970
1.438544
1.424822
1.424822
1.395091
1.392804
1.397378
1.367646
1.365359
1.372220
1.372220
1.353924
1.379081
1.397378
1.390517
1.417961
1.422535
1.404239
1.399665
1.399665
1.406526
1.406526
1.424822
1.422535
1.424822
1.404239
1.399665
1.390517
1.372220
1.372220
1.376794
1.385943
1.404239
1.404239
1.392804
1.388230
1.383656
1.363072
1.353924
1.356211
1.337915
1.335628
1.328767
1.321906
1.319619
1.319619
1.326480
1.317332
1.321906
1.308183
1.292174
1.278452
1.276165
1.289887
1.278452
1.292174
1.321906
1.317332
1.331054
1.342489
1.335628
1.333341
1.326480
1.363072
1.353924
1.340202
1.347063
1.349350
1.353924
1.369933
1.395091
1.406526
1.399665
1.411100
1.422535
1.411100
1.420248
1.436257
1.440831
1.440831
1.422535
1.461415
1.484285
1.481998
1.472850
1.498007
1.502581
1.479711
1.481998
1.449980
1.459128
1.493433
1.502581
1.500294
1.484285
1.498007
1.479711
1.498007
1.514016
1.527739
1.548322
1.548322
1.520878
1.562044
1.546035
1.536887
1.562044
1.543748
1.539174
1.559757
1.580340
1.525452
1.559757
1.578053
1.552896
1.532313
1.541461
1.507155
1.493433
1.516304
1.527739
1.520878
1.518591
1.552896
1.573479
1.568905
1.568905
1.571192
1.578053
1.550609
1.552896
1.571192
1.530026
1.511729
1.541461
1.552896
1.543748
1.546035
1.541461
1.532313
1.550609
1.580340
1.582627
1.610072
1.637516
1.603211
1.644377
1.614646
1.587202
1.626081
1.658100
1.678683
1.669535
1.692405
1.690118
1.676396
1.676396
1.658100
1.692405
1.706127
1.728998
1.761016
1.779312
1.738146
1.733572
1.765590
1.788461
1.772451
1.779312
1.779312
1.754155
1.731285
1.685544
1.696979
1.676396
1.669535
1.637516
1.676396
1.680970
1.680970
1.671822
1.623794
1.619220
1.548322
1.552896
1.605498
1.589489
1.603211
1.648951
1.671822
1.683257
1.674109
1.660387
1.619220
1.628368
1.653526
1.685544
1.687831
1.728998
1.728998
1.708414
1.699266
1.669535
1.687831
1.726711
1.740433
1.701553
1.701553
1.660387
1.642090
1.646664
1.694692
1.703840
1.731285
1.742720
1.712988
1.719850
1.708414
1.703840
1.701553
1.701553
1.683257
1.651239
1.680970
1.678683
1.678683
1.687831
1.696979
1.722137
1.722137
1.692405
1.690118
1.646664
1.676396
1.706127
1.710701
1.738146
1.747294
1.740433
1.719850
1.674109
1.683257
1.712988
1.731285
1.710701
1.740433
1.790748
1.804470
1.781599
1.756442
1.770164
1.827340
1.847923
1.861646
1.822766
1.847923
1.868507
1.847923
1.809044
1.788461
1.829627
1.886803
1.825053
1.742720
1.731285
1.678683
1.696979
1.692405
1.717562
1.664961
1.655813
1.662674
1.683257
1.664961
1.639803
1.614646
1.623794
1.632942
1.603211
1.616933
1.642090
1.674109
1.680970
1.692405
1.687831
1.683257
1.680970
1.687831
1.694692
1.710701
1.717562
1.662674
1.692405
1.715275
1.715275
1.708414
1.724424
1.726711
1.712988
1.715275
1.724424
1.694692
1.687831
1.687831
1.683257
1.664961
1.671822
1.678683
1.692405
1.664961
1.685544
1.694692
1.708414
1.715275
1.706127
1.669535
1.687831
1.712988
1.692405
1.676396
1.678683
1.710701
1.722137
1.706127
1.680970
1.655813
1.687831
1.717562
1.733572
1.745007
1.735859
1.731285
1.763303
1.763303
1.781599
1.820479
1.799896
1.793035
1.738146
1.772451
1.809044
1.797609
1.788461
1.761016
1.754155
1.763303
1.696979
1.690118
1.632942
1.655813
1.685544
1.685544
1.678683
1.664961
1.660387
1.605498
1.589489
1.594063
1.628368
1.616933
1.646664
1.655813
1.637516
1.573479
1.578053
1.573479
1.573479
1.589489
1.557470
1.525452
1.527739
1.552896
1.543748
1.541461
1.550609
1.552896
1.562044
1.580340
1.575766
1.587202
1.571192
1.571192
1.573479
1.575766
1.562044
1.548322
1.534600
1.530026
1.502581
1.468276
1.484285
1.491146
1.502581
1.514016
1.493433
1.488859
1.477424
1.500294
1.498007
1.500294
1.484285
1.472850
1.461415
1.468276
1.479711
1.484285
1.493433
1.507155
1.502581
1.511729
1.498007
1.498007
1.495720
1.491146
1.502581
1.502581
1.495720
1.509442
1.509442
1.507155
1.520878
1.525452
1.507155
1.500294
1.477424
1.491146
1.493433
1.504868
1.502581
1.516304
1.520878
1.534600
1.532313
1.536887
1.541461
1.539174
1.534600
1.539174
1.516304
1.511729
1.518591
1.536887
1.532313
1.523165
1.516304
1.514016
1.516304
1.534600
1.523165
1.518591
1.532313
1.550609
1.555183
1.550609
1.564331
1.555183
1.568905
1.571192
1.575766
1.557470
1.562044
1.589489
1.587202
1.580340
1.562044
1.575766
1.582627
1.580340
1.578053
1.578053
1.587202
1.580340
1.559757
1.562044
1.552896
1.566618
1.587202
1.605498
1.612359
1.621507
1.632942
1.637516
1.646664
1.648951
1.676396
1.692405
1.635229
1.646664
1.653526
1.667248
1.651239
1.662674
1.678683
1.683257
1.690118
1.703840
1.717562
1.733572
1.728998
1.717562
1.712988
1.703840
1.706127
1.680970
1.680970
1.703840
1.694692
1.676396
1.660387
1.662674
1.676396
1.708414
1.724424
1.719850
1.710701
1.722137
1.708414
1.701553
1.717562
1.696979
1.696979
1.642090
1.660387
1.632942
1.632942
1.651239
1.655813
1.667248
1.664961
1.674109
1.685544
1.706127
1.712988
1.719850
1.703840
1.671822
1.687831
1.706127
1.726711
1.690118
1.694692
1.598637
1.653526
1.646664
1.651239
1.660387
1.680970
1.685544
1.678683
1.642090
1.630655
1.623794
1.600924
1.632942
1.676396
1.694692
1.687831
1.738146
1.772451
1.767877
1.763303
1.731285
1.742720
1.742720
1.754155
1.747294
1.797609
1.811331
1.733572
1.765590
1.841062
1.859359
1.861646
1.870794
1.850210
1.827340
1.811331
1.793035
1.765590
1.813618
1.795322
1.777025
1.758729
1.761016
1.790748
1.818192
1.825053
1.850210
1.877655
1.891377
1.863933
1.884516
1.907386
1.934831
1.891377
1.902812
1.891377
1.850210
1.877655
1.882229
1.882229
1.921109
1.941692
1.996581
2.001155
2.037747
2.017164
2.069766
2.129229
2.152099
2.170395
2.161247
2.202414
2.248154
2.250441
2.287034
2.303043
2.339636
2.387663
2.357932
2.325914
2.373941
2.383089
2.371654
2.293895
2.314478
2.344210
2.289321
2.353358
2.396812
2.396812
2.396812
2.394525
2.314478
2.376228
2.389950
2.431117
2.376228
2.380802
2.335062
2.426543
2.540895
2.616367
2.627802
2.600358
2.584348
2.618654
2.675830
2.705561
2.797043
2.829061
2.883950
2.973144
3.012024
2.856505
2.899959
3.060051
3.176690
3.162968
3.112653
3.128662
3.028033
3.034894
3.121801
3.167542
3.178977
3.085209
2.984579
3.046329
2.915968
2.765024
2.822200
2.870228
2.721570
2.476858
2.300756
2.408247
2.300756
2.163534
2.065192
1.996581
1.861646
1.790748
1.907386
2.037747
2.184117
2.200127
2.069766
2.138377
2.268738
2.323626
2.351071
2.367080
2.442552
2.383089
2.188691
2.145238
2.250441
2.188691
2.179543
2.067479
2.202414
2.200127
2.200127
2.280173
2.412821
2.419682
2.369367
2.403673
2.396812
2.415108
2.273312
2.323626
2.259590
2.156673
2.005729
1.882229
1.843349
1.918821
2.021738
1.959988
1.857072
1.831914
1.838775
1.916534
1.980571
1.950840
1.962275
1.850210
1.797609
1.911960
1.911960
1.930257
2.001155
2.012590
1.992007
2.014877
1.953127
1.987432
1.969136
1.985145
2.065192
2.097210
2.163534
2.179543
2.158960
2.209275
2.213849
2.190979
2.234432
2.136090
2.190979
2.227571
2.257302
2.259590
2.225284
2.239006
2.239006
2.220710
2.218423
2.305330
2.287034
2.321339
2.341923
2.348784
2.364793
2.353358
2.307617
2.337349
2.314478
2.293895
2.321339
2.325914
2.309904
2.314478
2.348784
2.328201
2.232145
2.241293
2.243580
2.239006
2.275599
2.261877
2.280173
2.255015
2.241293
2.239006
2.225284
2.248154
2.264164
2.275599
2.321339
2.309904
2.351071
2.362506
2.348784
2.346497
2.348784
2.323626
2.346497
2.351071
2.319052
2.154386
2.142951
2.188691
2.028599
2.056044
1.927970
1.927970
1.868507
1.925683
1.875368
1.898238
1.964562
1.937118
1.861017
1.879465
1.902526
1.766467
1.748018
1.683448
1.754936
1.759549
1.824119
1.828731
1.854098
1.837956
1.826425
1.916363
1.932506
1.927893
1.937118
1.969403
1.960179
1.946342
1.810283
1.826425
1.734182
1.768773
1.847180
1.847180
1.801058
1.837956
1.851792
1.821813
1.801058
1.803364
1.865629
1.851792
1.835650
1.897914
1.955566
1.987852
1.994770
2.008607
1.987852
1.994770
1.987852
1.944036
2.015525
2.027055
2.013219
2.061647
2.070871
2.031668
2.015525
2.063953
2.052422
2.066259
2.080095
2.075483
2.054728
2.073177
1.990158
1.964791
1.997076
1.987852
1.997076
1.999382
2.003994
2.003994
2.075483
2.075483
2.075483
2.020137
1.976321
1.985546
1.999382
1.999382
1.992464
2.031668
2.017831
1.967097
1.974015
1.992464
2.017831
1.994770
1.976321
1.992464
1.994770
1.978627
2.054728
2.057035
2.057035
2.082402
2.093932
2.093932
2.080095
2.013219
2.015525
2.066259
2.047810
2.063953
2.075483
2.059341
2.080095
2.070871
2.057035
2.089320
2.098544
2.110075
2.116993
2.119299
2.146972
2.151584
2.167727
2.163115
2.158503
2.149278
2.179257
2.183870
2.181564
2.190788
2.186176
2.176951
2.176951
2.181564
2.160809
2.167727
2.195400
2.158503
2.179257
2.183870
2.151584
2.158503
2.163115
2.174645
2.174645
2.188482
2.206931
2.202318
2.183870
2.188482
2.216155
2.220767
2.220767
2.211543
2.213849
2.216155
2.223073
2.223073
2.209237
2.218461
2.223073
2.220767
2.216155
2.211543
2.188482
2.200012
2.223073
2.213849
2.213849
2.197706
2.160809
2.172339
2.156197
2.167727
2.163115
2.167727
2.174645
2.167727
2.149278
2.167727
2.176951
2.188482
2.202318
2.229992
2.229992
2.232298
2.232298
2.216155
2.204624
2.216155
2.202318
2.206931
2.193094
2.206931
2.223073
2.218461
2.211543
2.209237
2.206931
2.229992
2.213849
2.211543
2.193094
2.183870
2.206931
2.193094
2.202318
2.193094
2.190788
2.206931
2.206931
2.204624
2.197706
2.197706
2.213849
2.202318
2.195400
2.204624
2.209237
2.220767
2.197706
2.204624
2.186176
2.188482
2.193094
2.200012
2.193094
2.186176
2.130830
2.144666
2.123911
2.107769
2.130830
2.126217
2.126217
2.140054
2.130830
2.112381
2.121605
2.119299
2.114687
2.121605
2.130830
2.142360
2.167727
2.160809
2.149278
2.149278
2.137748
2.119299
2.107769
2.100850
2.075483
2.087014
2.087014
2.084708
2.105463
2.110075
2.107769
2.114687
2.121605
2.112381
2.130830
2.123911
2.133136
2.140054
2.135442
2.156197
2.153890
2.137748
2.153890
2.156197
2.211543
2.223073
2.227685
2.232298
2.227685
2.200012
2.206931
2.213849
2.204624
2.218461
2.250746
2.273807
2.262277
2.246134
2.264583
2.292256
2.280726
2.294562
2.292256
2.280726
2.289950
2.319929
2.356827
2.354521
2.361439
2.333766
2.329153
2.336072
2.317623
2.349908
2.349908
2.349908
2.356827
2.342990
2.326847
2.326847
2.347602
2.326847
2.347602
2.384500
2.393724
2.435234
2.430622
2.405255
2.462907
2.449070
2.455989
2.432928
2.432928
2.432928
2.430622
2.423703
2.363745
2.377581
2.379888
2.423703
2.432928
2.442152
2.492886
2.465213
2.460601
2.479050
2.492886
2.522865
2.502110
2.497498
2.502110
2.497498
2.509029
2.488274
2.479050
2.520559
2.568987
2.601272
2.612803
2.638170
2.638170
2.596660
2.594354
2.582824
2.615109
2.608191
2.663537
2.645088
2.679680
2.718883
2.718883
2.675067
2.679680
2.702740
2.663537
2.622027
2.658925
2.645088
2.615109
2.622027
2.663537
2.645088
2.642782
2.645088
2.601272
2.596660
2.624333
2.656619
2.661231
2.705047
2.681986
2.647394
2.638170
2.658925
2.656619
2.665843
2.647394
2.608191
2.594354
2.649700
2.661231
2.711965
2.702740
2.668149
2.705047
2.698128
2.688904
2.681986
2.677373
2.698128
2.693516
2.698128
2.693516
2.705047
2.728107
2.702740
2.725801
2.721189
2.725801
2.707353
2.716577
2.709659
2.686598
2.670455
2.679680
2.672761
2.714271
2.714271
2.732720
2.767311
2.741944
2.751168
2.753475
2.767311
2.774229
2.765005
2.769617
2.781148
2.799596
2.866473
2.901064
2.942574
2.949492
2.949492
2.924125
2.949492
2.977165
2.984084
2.963329
3.004839
3.025593
3.076327
3.106307
3.143204
3.145510
3.147816
3.133980
3.159347
3.145510
3.237754
3.233142
3.198550
3.214693
3.279264
3.267733
3.216999
3.221611
3.297712
3.258509
3.286182
3.355365
3.286182
3.145510
3.145510
3.076327
3.127062
3.076327
3.030206
3.041736
3.113225
3.099388
3.094776
3.039430
3.097082
3.196244
3.187020
3.267733
3.267733
3.235448
3.265427
3.297712
3.348446
3.376120
3.350752
3.348446
3.325385
3.263121
3.336916
3.329998
3.350752
3.369201
3.403793
3.422241
3.461445
3.549076
3.576750
3.562913
3.599810
3.590586
3.622871
3.544464
3.565219
3.495262
3.624812
3.648131
3.614448
3.604084
3.629994
3.526354
3.508217
3.552264
3.469352
3.456397
3.368303
3.298346
3.179160
3.249117
3.161023
3.280209
3.306119
3.363121
3.453806
3.443442
3.446033
3.376076
3.344984
3.373485
3.363121
3.316483
3.342393
3.334620
3.399395
3.433078
3.427896
3.396804
3.401986
3.443442
3.407168
3.404577
3.401986
3.373485
3.306119
3.243935
3.251708
3.256890
3.155841
3.238753
3.259481
3.254299
3.272436
3.316483
3.290573
3.350166
3.383849
3.363121
3.321665
3.306119
3.236162
3.243935
3.295755
3.277618
3.243935
3.337211
3.368303
3.290573
3.275027
3.329438
3.363121
3.391622
3.482307
3.510808
3.515990
3.552264
3.518581
3.565219
3.591129
3.591129
3.549673
3.578174
3.562628
3.578174
3.521172
3.515990
3.539309
3.617039
3.588538
3.601493
3.697360
3.642949
3.705133
3.751771
3.762135
3.728452
3.694769
3.658495
3.777681
3.751771
3.676632
3.666268
3.541900
3.617039
3.585947
3.604084
3.604084
3.560037
3.461579
3.389031
3.497853
3.433078
3.363121
3.321665
3.264663
3.293164
3.417532
3.430487
3.391622
3.461579
3.531536
3.536718
3.495262
3.461579
3.438260
3.451215
3.427896
3.503035
3.479716
3.448624
3.438260
3.378667
3.399395
3.313892
3.223207
3.145477
3.054792
3.122158
3.034064
3.137704
3.158432
3.142886
3.140295
3.049610
2.974471
2.927833
2.935606
3.028882
2.995199
3.000381
2.992608
3.085884
3.067747
3.054792
3.041837
2.979653
2.979653
3.000381
2.935606
2.886377
2.925242
2.907105
2.904514
2.857875
2.852693
2.876012
2.855284
2.917469
2.997790
3.008154
3.085884
3.080702
3.153250
3.142886
3.163614
3.031473
3.036655
2.990017
2.894150
2.966698
2.907105
2.881195
2.888968
2.816419
2.917469
3.036655
2.920060
2.876012
2.831965
2.782736
2.653186
2.619503
2.697233
2.749053
2.873421
2.837147
2.819010
2.800873
2.795691
2.774963
2.790509
2.865648
2.837147
2.842329
2.842329
2.857875
2.795691
2.811237
2.806055
2.769781
2.764599
2.746462
2.787918
2.785327
2.824192
2.920060
2.930424
2.956334
2.883786
2.860466
2.831965
2.837147
2.863057
2.912287
2.865648
2.850102
2.839738
2.782736
2.785327
2.756826
2.793100
2.787918
2.769781
2.762008
2.803464
2.746462
2.707597
2.759417
2.787918
2.777554
2.821601
2.816419
2.850102
2.831965
2.920060
2.912287
2.904514
2.987426
3.008154
2.966698
2.992608
3.005563
3.018518
3.023700
3.054792
3.015927
3.047019
3.085884
3.218025
3.238753
3.254299
3.282800
3.256890
3.368303
3.355348
3.360530
3.370894
3.383849
3.461579
3.425305
3.417532
3.414941
3.510808
3.591129
3.619630
3.604084
3.528945
3.500444
3.583356
3.627403
3.552264
3.528945
3.632585
3.808773
3.798409
3.767317
3.756953
3.751771
3.679223
3.689587
3.772499
3.826910
3.992734
4.109330
4.060101
4.062692
4.153377
4.143013
4.166332
4.231107
4.132649
4.122285
4.109330
4.161150
4.202606
4.228516
4.280336
4.241471
4.272563
4.288109
4.249244
4.205197
4.238880
4.249244
3.982370
4.049737
3.982370
3.907231
4.073056
4.049737
4.016053
4.200015
4.241471
4.143013
4.052328
4.111921
4.096375
3.987552
3.997916
4.057510
4.148195
4.135240
4.132649
4.135240
4.122285
4.054919
4.036782
3.972006
4.031600
4.189651
4.150786
4.137831
4.122285
4.093784
4.119694
4.161150
4.290700
4.262199
4.306246
4.269972
4.257017
4.350293
4.360657
4.518708
4.552391
4.448751
4.368430
4.487616
4.443569
4.451342
4.469479
4.459115
4.505753
4.523890
4.472070
4.472070
4.435796
4.479843
4.466888
4.422841
4.430614
4.474661
4.479843
4.526481
4.529072
4.487616
4.464297
4.448751
4.376203
4.360657
4.332156
4.389158
4.308837
4.386567
4.352884
4.394340
4.386567
4.443569
4.459115
4.466888
4.446160
4.510935
4.536845
4.492798
4.604211
4.637894
4.650849
4.720806
4.733761
4.736352
4.700078
4.736352
4.689714
4.663804
4.653440
4.516117
4.562755
4.552391
4.534254
4.599029
4.617166
4.632712
4.567937
4.575710
4.562755
4.469479
4.521299
4.503162
4.591256
4.554982
4.619757
4.640485
4.645667
4.666395
4.606802
4.619757
4.593847
4.632712
4.656031
4.619757
4.591256
4.710442
4.754489
4.806309
4.777808
4.775217
4.814082
4.847765
4.868493
4.806309
4.827037
4.801127
4.738943
4.746716
4.757080
4.762262
4.697487
4.728579
4.788172
4.757080
4.744125
4.648258
4.627530
4.671577
4.650849
4.637894
4.549800
4.586074
4.599029
4.614575
4.635303
4.700078
4.671577
4.656031
4.630121
4.599029
4.666395
4.627530
4.687123
4.674168
4.650849
4.653440
4.614575
4.630121
4.619757
4.632712
4.684532
4.790763
4.827037
4.871084
4.824446
4.808900
4.894403
4.884039
4.959178
4.982497
5.018771
4.972133
4.985801
4.999468
4.961200
4.969400
4.860062
4.862796
4.685122
4.316107
4.441845
4.501981
4.614052
4.605852
4.649587
4.726123
4.734324
4.698789
4.750724
4.805393
4.767125
4.819061
4.922931
4.922931
4.873729
4.857329
4.786259
4.849128
4.690589
4.816327
4.854595
4.884663
5.081471
4.988534
4.851862
4.936599
4.898330
4.775325
4.723390
4.504715
4.447312
4.411777
4.324307
4.428178
4.313373
4.455513
4.575784
4.567584
4.575784
4.526582
4.641387
4.611319
4.665988
4.698789
4.829994
4.786259
4.819061
4.838195
4.832728
4.939332
4.879196
4.854595
4.911998
4.942065
4.876463
4.985801
4.996734
5.010402
5.059604
5.141607
5.048670
5.043203
5.076004
5.117006
5.158007
5.122473
5.171675
5.240011
5.190809
5.136140
5.220877
5.264612
5.229077
5.242744
5.117006
5.166208
5.223610
5.166208
5.152541
5.242744
5.363016
5.311080
5.308347
5.338415
5.393084
5.395817
5.445019
5.439552
5.393084
5.469620
5.363016
5.455953
5.439552
5.466887
5.589892
5.537956
5.622693
5.641827
5.671895
5.767565
5.978040
6.081911
6.136580
6.319721
6.434525
6.459126
6.582131
6.620400
6.770739
6.721537
6.852742
6.429059
6.579398
6.590332
6.713337
6.795340
6.904678
6.562997
6.623133
6.781673
6.904678
6.937479
7.055017
7.068684
7.016749
7.063217
6.951146
6.915611
6.885544
6.888277
6.781673
6.776206
6.921078
6.994881
7.087818
7.016749
6.910145
6.986681
7.087818
7.232691
7.229957
7.328361
7.568904
7.500568
7.536103
7.574371
7.579838
7.426765
7.219024
7.147954
6.956613
7.057751
7.167088
7.213557