1.000000
1.000000
1.000000
1.000000
1.000000
1.000000
1.000000
1.000000
0.998000
0.998000
0.998000
0.998000
0.998000
1.011000
1.011000
1.011000
1.011000
1.011000
1.017000
1.017000
1.017000
1.017000
1.017000
1.028000
1.028000
1.028000
1.028000
1.028000
1.004000
1.022000
1.032000
1.039000
1.039000
1.030000
1.036000
1.030000
1.020000
1.021000
1.026000
1.030000
1.035000
1.029000
1.008000
0.982000
0.984000
0.972000
0.983000
1.012000
1.014000
1.023000
1.026000
1.028000
1.030000
1.033000
1.043000
1.046000
1.026000
1.027000
1.031000
1.050000
1.040000
1.063000
1.078000
1.089000
1.085000
1.052000
1.049000
1.012000
1.001000
0.967000
0.964000
0.978000
0.990000
0.976000
0.965000
0.970000
0.977000
0.960000
0.955000
0.955000
0.968000
0.967000
0.978000
0.976000
0.988000
1.009000
1.018000
1.023000
1.028000
1.028000
1.038000
1.008000
1.008000
1.017000
1.014000
1.003000
0.997000
0.989000
0.981000
0.985000
1.005000
1.008000
1.011000
1.016000
1.011000
1.019000
1.015000
1.027000
1.026000
1.028000
1.035000
1.049000
1.056000
1.059000
1.063000
1.070000
1.086000
1.104000
1.076000
1.083000
1.069000
1.071000
1.047000
1.058000
1.080000
1.073000
1.065000
1.066000
1.037000
1.033000
1.016000
1.008000
1.004000
1.017000
0.988000
0.966000
0.960000
0.943000
0.930000
0.956000
0.955000
0.907000
0.927000
0.930000
0.930000
0.948000
0.976000
0.956000
0.948000
0.962000
0.959000
0.939000
0.924000
0.930000
0.923000
0.923000
0.913000
0.915000
0.940000
0.939000
0.938000
0.924000
0.902000
0.928000
0.938000
0.933000
0.935000
0.924000
0.914000
0.877000
0.875000
0.860000
0.866000
0.866000
0.882000
0.890000
0.891000
0.922000
0.935000
0.921000
0.929000
0.916000
0.920000
0.944000
0.958000
0.956000
0.968000
0.970000
0.976000
0.969000
1.001000
1.015000
1.012000
1.031000
1.008000
1.011000
1.005000
1.022000
1.031000
0.999000
1.010000
0.997000
1.016000
1.039000
1.053000
1.058000
1.058000
1.034000
1.048000
1.057000
1.039000
1.045000
1.063000
1.104000
1.125000
1.110000
1.145000
1.139000
1.140000
1.152000
1.162000
1.140000
1.148000
1.175000
1.177000
1.164000
1.129000
1.131000
1.114000
1.116000
1.150000
1.152000
1.138000
1.157000
1.180000
1.188000
1.208000
1.222000
1.198000
1.210000
1.177000
1.213000
1.221000
1.228000
1.240000
1.278000
1.265000
1.245000
1.238000
1.246000
1.291000
1.269000
1.239000
1.268000
1.278000
1.299000
1.308000
1.306000
1.303000
1.225000
1.254000
1.216000
1.160000
1.180000
1.214000
1.227000
1.219000
1.249000
1.258000
1.251000
1.255000
1.241000
1.236000
1.243000
1.228000
1.224000
1.248000
1.247000
1.217000
1.230000
1.280000
1.300000
1.298000
1.298000
1.308000
1.300000
1.307000
1.301000
1.261000
1.237000
1.204000
1.186000
1.205000
1.208000
1.232000
1.270000
1.275000
1.294000
1.287000
1.252000
1.243000
1.256000
1.244000
1.218000
1.164000
1.166000
1.201456
1.156883
1.180182
1.168026
1.151817
1.175117
1.197404
1.204495
1.220704
1.213612
1.198417
1.230834
1.257173
1.290603
1.286551
1.298707
1.301746
1.287564
1.306811
1.259199
1.259199
1.265277
1.272368
1.291616
1.301746
1.293642
1.281485
1.294655
1.310863
1.320994
1.322007
1.310863
1.301746
1.317955
1.301746
1.320994
1.306811
1.313903
1.312889
1.326059
1.349359
1.354424
1.366580
1.350372
1.325046
1.325046
1.304785
1.326059
1.323020
1.334163
1.347333
1.324033
1.311876
1.320994
1.308837
1.303772
1.305798
1.285538
1.283512
1.304785
1.300733
1.278446
1.262238
1.250081
1.213612
1.231847
1.242990
1.217664
1.210573
1.214625
1.224756
1.232860
1.235899
1.216651
1.210573
1.198417
1.198417
1.209560
1.193352
1.185247
1.149791
1.157896
1.144726
1.132570
1.120413
1.109270
1.132570
1.140674
1.129531
1.150804
1.151817
1.153843
1.127505
1.130544
1.127505
1.164987
1.150804
1.142700
1.135609
1.130544
1.152830
1.150804
1.178156
1.195378
1.201456
1.207534
1.189300
1.206521
1.210573
1.238938
1.241977
1.237925
1.232860
1.237925
1.245016
1.223743
1.241977
1.248055
1.247042
1.237925
1.229821
1.229821
1.216651
1.221717
1.180182
1.178156
1.193352
1.183221
1.180182
1.184234
1.180182
1.183221
1.188287
1.169039
1.129531
1.140674
1.158909
1.171065
1.172078
1.190313
1.186260
1.181195
1.153843
1.144726
1.128518
1.148778
1.143713
1.176130
1.176130
1.154856
1.148778
1.145739
1.143713
1.130544
1.103192
1.091035
1.111296
1.101166
1.089009
1.079892
1.083944
1.084957
1.086983
1.062671
1.065710
1.094075
1.058618
1.050514
1.028227
1.035319
1.023162
1.014045
1.011006
0.999863
0.994797
1.027214
1.039371
1.037345
1.039371
1.007967
0.997837
0.973524
0.965419
0.987706
1.013032
1.031267
1.037345
1.059631
1.061658
1.057605
1.074827
1.072801
1.077866
1.062671
1.054566
1.064697
1.044436
1.039371
1.060645
1.059631
1.028227
1.025188
1.002902
1.000876
1.002902
0.994797
0.999863
0.992771
0.987706
1.002902
0.975550
1.005941
0.997837
0.986693
0.989732
0.991758
0.996823
0.992771
0.979602
0.956302
0.943133
0.930976
0.956302
0.957315
0.955289
0.940094
0.940094
0.951237
0.945159
0.931989
0.924898
0.929963
0.947185
0.928950
0.915781
0.910716
0.940094
0.967446
0.962380
0.961367
0.940094
0.920846
0.957315
0.941107
0.956302
0.978589
0.962380
0.963393
0.952250
0.971498
0.980615
0.980615
0.966433
0.989732
0.996823
1.005941
0.997837
0.996823
1.004928
1.001889
0.999863
1.004928
1.018097
1.040384
1.042410
1.064697
1.061658
1.063684
1.046462
1.054566
1.078879
1.079892
1.064697
1.054566
1.070775
1.084957
1.076853
1.086983
1.053553
1.039371
1.058618
1.066723
1.053553
1.053553
1.052540
1.037345
1.035319
1.036332
1.004928
1.003915
1.008980
1.040384
1.044436
1.039371
1.047475
1.045449
1.060645
1.064697
1.063684
1.048488
1.073814
1.069762
1.073814
1.064697
1.061658
1.076853
1.072801
1.067736
1.095088
1.099140
1.107244
1.110283
1.113322
1.095088
1.097114
1.091035
1.086983
1.087996
1.073814
1.082931
1.066723
1.074827
1.094075
1.099140
1.096101
1.092048
1.121426
1.138648
1.140674
1.138648
1.132570
1.104205
1.100153
1.090022
1.086983
1.080905
1.105218
1.110283
1.122439
1.109270
1.101166
1.113322
1.103192
1.097114
1.081918
1.047475
1.051527
1.053553
1.043423
1.053553
1.056592
1.063684
1.056592
1.041397
1.064697
1.049501
1.038358
1.047475
1.065710
1.063684
1.042410
1.046462
1.040384
1.044436
1.032280
1.016071
1.023162
1.013032
1.008980
1.009993
1.004928
1.005941
1.019110
1.003915
1.009993
1.027214
1.031267
1.031267
1.045449
1.041397
1.014045
1.018097
1.014045
1.011006
1.009993
0.999863
1.003915
0.991758
0.994797
0.977576
0.956302
0.957315
0.950224
0.941107
0.942120
0.966433
0.957315
0.956302
0.967446
1.008980
1.018097
1.009993
1.018097
1.005941
1.011006
0.980615
0.972511
0.978589
0.957315
0.955289
0.965419
0.963393
0.953263
0.979602
1.001889
0.990745
1.017084
1.020123
1.006954
1.005941
1.001889
1.005941
1.005941
1.031267
1.032280
1.041397
1.026201
1.022149
1.005941
0.991758
0.993784
1.002902
1.013032
1.036332
1.041397
1.039371
1.030254
1.026201
1.008980
1.005941
1.011006
0.995810
0.993784
0.981628
0.979602
0.980615
0.980615
0.995810
0.987706
0.993784
0.984667
0.968459
0.959341
0.960354
0.982641
0.978589
0.986693
1.021136
1.023162
1.037345
1.045449
1.040384
1.044436
1.039371
1.080905
1.079892
1.070775
1.071788
1.075840
1.075840
1.083944
1.114335
1.120413
1.111296
1.123452
1.142700
1.140674
1.149791
1.143713
1.141687
1.145739
1.119400
1.159922
1.162961
1.148778
1.140674
1.160935
1.163974
1.151817
1.147765
1.127505
1.126492
1.162961
1.171065
1.172078
1.160935
1.176130
1.171065
1.192339
1.198417
1.197404
1.212599
1.206521
1.169039
1.182208
1.144726
1.135609
1.136622
1.119400
1.131557
1.166000
1.164987
1.089009
1.109270
1.121426
1.112309
1.103192
1.099140
1.089009
1.075840
1.079892
1.078879
1.061658
1.073814
1.106231
1.108257
1.118387
1.115348
1.106231
1.109270
1.071788
1.070775
1.071788
1.067736
1.059631
1.060645
1.072801
1.069762
1.076853
1.071788
1.069762
1.090022
1.097114
1.093062
1.111296
1.109270
1.073814
1.097114
1.079892
1.081918
1.081918
1.107244
1.117374
1.121426
1.125479
1.116361
1.123452
1.119400
1.108257
1.113322
1.127505
1.151817
1.164987
1.175117
1.176130
1.163974
1.174104
1.179169
1.202469
1.208547
1.210573
1.187274
1.182208
1.169039
1.158909
1.138648
1.112309
1.074827
1.094075
1.094075
1.104205
1.099140
1.065710
1.071788
1.005941
1.001889
1.014045
1.024175
1.038358
1.058618
1.067736
1.062671
1.069762
1.082931
1.054566
1.042410
1.068749
1.107244
1.086983
1.104205
1.106231
1.098127
1.078879
1.046462
1.048488
1.075840
1.074827
1.066723
1.062671
1.031267
1.028227
1.038358
1.065710
1.074827
1.085970
1.096101
1.090022
1.084957
1.085970
1.119400
1.125479
1.118387
1.097114
1.081918
1.098127
1.097114
1.092048
1.090022
1.074827
1.093062
1.096101
1.074827
1.064697
1.057605
1.064697
1.086983
1.078879
1.069762
1.071788
1.086983
1.095088
1.101166
1.089009
1.086983
1.086983
1.074827
1.074827
1.092048
1.078879
1.068749
1.053553
1.055579
1.055579
1.073814
1.067736
1.068749
1.082931
1.096101
1.090022
1.078879
1.073814
1.074827
1.093062
1.091035
1.073814
1.071788
1.056592
1.050514
1.038358
1.061658
1.052540
1.054566
1.060645
1.059631
1.043423
1.024175
1.006954
1.020123
1.030254
1.011006
1.017084
1.032280
1.051527
1.047475
1.049501
1.041397
1.028227
1.037345
1.032280
1.042410
1.063684
1.064697
1.042410
1.065710
1.085970
1.085970
1.083944
1.084957
1.085970
1.068749
1.069762
1.078879
1.053553
1.049501
1.044436
1.035319
1.011006
1.015058
1.018097
1.025188
1.005941
1.021136
1.021136
1.031267
1.025188
1.007967
0.976563
0.974537
0.972511
0.964406
0.952250
0.946172
0.960354
0.963393
0.960354
0.945159
0.936042
0.947185
0.975550
0.983654
0.993784
0.979602
0.983654
0.984667
0.975550
0.984667
1.019110
1.022149
1.025188
1.015058
1.025188
1.039371
1.029241
1.031267
1.013032
1.002902
0.981628
0.959341
0.965419
0.953263
0.969472
0.981628
0.976563
0.967446
0.970485
0.968459
0.937055
0.937055
0.937055
0.942120
0.933002
0.952250
0.952250
0.940094
0.926924
0.949211
0.954276
0.955289
0.962380
0.947185
0.935029
0.927937
0.939081
0.942120
0.936042
0.946172
0.960354
0.969472
0.976563
0.970485
0.978589
0.964406
0.968459
0.965419
0.965419
0.950224
0.952250
0.952250
0.940094
0.922872
0.897546
0.914768
0.920846
0.929963
0.934016
0.917807
0.917807
0.908690
0.923885
0.921859
0.922872
0.903625
0.901598
0.890455
0.889442
0.898559
0.900585
0.906664
0.916794
0.916794
0.926924
0.915781
0.918820
0.917807
0.910716
0.919833
0.914768
0.913755
0.922872
0.928950
0.927937
0.936042
0.942120
0.930976
0.925911
0.912742
0.917807
0.919833
0.921859
0.920846
0.927937
0.935029
0.943133
0.944146
0.953263
0.957315
0.952250
0.955289
0.968459
0.960354
0.967446
0.970485
0.993784
0.986693
0.978589
0.970485
0.977576
0.983654
0.997837
0.996823
1.004928
1.018097
1.027214
1.028227
1.023162
1.027214
1.021136
1.037345
1.035319
1.034306
1.027214
1.029241
1.043423
1.045449
1.040384
1.035319
1.045449
1.049501
1.050514
1.048488
1.040384
1.042410
1.034306
1.021136
1.021136
1.017084
1.029241
1.041397
1.050514
1.056592
1.062671
1.068749
1.070775
1.067736
1.060645
1.067736
1.065710
1.041397
1.046462
1.051527
1.058618
1.043423
1.050514
1.062671
1.063684
1.064697
1.068749
1.073814
1.095088
1.094075
1.091035
1.084957
1.078879
1.091035
1.081918
1.080905
1.098127
1.096101
1.083944
1.078879
1.080905
1.073814
1.091035
1.099140
1.109270
1.110283
1.110283
1.101166
1.098127
1.101166
1.091035
1.102179
1.076853
1.089009
1.079892
1.078879
1.084957
1.081918
1.084957
1.077866
1.085970
1.100153
1.107244
1.113322
1.108257
1.111296
1.115348
1.134596
1.147765
1.177143
1.173091
1.205508
1.153843
1.206521
1.219691
1.221717
1.230834
1.230834
1.219691
1.223743
1.222730
1.208547
1.190313
1.192339
1.213612
1.223743
1.211586
1.190313
1.209560
1.259199
1.293642
1.305798
1.314916
1.323020
1.329098
1.350372
1.345306
1.364554
1.384815
1.337202
1.375697
1.421284
1.430401
1.415206
1.429388
1.434453
1.417232
1.398997
1.397984
1.394945
1.428375
1.417232
1.402036
1.379750
1.389880
1.420271
1.437492
1.447623
1.452688
1.474975
1.492196
1.474975
1.492196
1.502326
1.517522
1.481053
1.494222
1.478014
1.459779
1.488144
1.493209
1.492196
1.501313
1.514483
1.567161
1.584382
1.609708
1.618825
1.637060
1.668464
1.661372
1.671503
1.642125
1.674542
1.719115
1.730259
1.775845
1.791041
1.821432
1.849796
1.836627
1.815353
1.870057
1.893357
1.874109
1.840679
1.881200
1.891331
1.843718
1.885253
1.928813
1.928813
1.918683
1.933878
1.904500
1.930839
1.917670
1.940969
1.875122
1.879174
1.856888
1.895383
1.964269
1.990608
1.984530
1.974399
1.978451
1.975412
2.017960
2.023025
2.058481
2.085833
2.159784
2.201319
2.187136
2.064559
2.085833
2.193214
2.210436
2.217527
2.259061
2.257035
2.317817
2.316804
2.313765
2.321869
2.353273
2.308700
2.286413
2.312752
2.235762
2.116224
2.174980
2.214488
2.130406
1.991621
1.962243
2.083807
2.017960
1.978451
1.906526
1.962243
1.988582
1.831562
1.926787
2.005803
2.025051
2.013908
1.975412
1.977438
2.042273
2.054429
2.084820
2.101028
2.138511
2.109133
1.976425
1.962243
2.026064
2.004790
1.991621
1.963256
2.024038
2.011882
2.013908
2.049364
2.123315
2.131419
2.093937
2.126354
2.132432
2.141550
2.028090
2.051390
2.004790
1.944008
1.821432
1.744441
1.789015
1.897409
1.950087
1.967308
1.967308
1.968321
1.909565
1.950087
1.975412
1.961230
1.953126
1.951100
1.919696
1.971360
1.936917
1.935904
1.950087
1.954139
1.921722
1.925774
1.915644
1.913617
1.892344
1.902474
1.946034
1.954139
1.987569
1.988582
1.970347
1.994660
2.007829
2.006816
2.011882
1.982504
1.994660
2.007829
2.014921
2.005803
1.990608
1.996686
1.989595
1.966295
1.956165
2.003777
2.027077
2.042273
2.070637
2.067598
2.061520
2.043286
2.031129
2.035181
2.042273
2.035181
2.042273
2.037207
2.028090
2.025051
2.034168
2.029103
1.972373
1.986556
1.993647
2.054429
2.072663
2.039233
2.037207
2.009855
2.026064
2.020999
2.009855
2.033155
2.028090
2.028090
2.050377
2.053416
2.099002
2.091911
2.090898
2.078742
2.078742
2.046325
2.056455
2.064559
2.052403
1.951100
1.952113
1.979465
1.898422
1.928813
1.869044
1.870057
1.846757
1.877148
1.833588
1.835614
1.880187
1.867018
1.826497
1.839666
1.836627
1.745454
1.727220
1.691763
1.732285
1.723167
1.756597
1.751532
1.771793
1.761663
1.760650
1.796106
1.803197
1.793067
1.796106
1.816366
1.801171
1.814340
1.726207
1.729246
1.696829
1.709998
1.751532
1.759637
1.765715
1.769767
1.767741
1.763689
1.740389
1.746467
1.765715
1.765715
1.777871
1.794080
1.807249
1.817379
1.815353
1.810288
1.793067
1.801171
1.798132
1.788001
1.818392
1.829536
1.839666
1.848783
1.850809
1.831562
1.824471
1.846757
1.842705
1.858914
1.862966
1.860940
1.838653
1.843718
1.819405
1.809275
1.812314
1.808262
1.815353
1.815353
1.814340
1.826497
1.844731
1.853849
1.853849
1.829536
1.807249
1.814340
1.829536
1.835614
1.826497
1.831562
1.824471
1.808262
1.804210
1.809275
1.819405
1.813327
1.806236
1.806236
1.803197
1.803197
1.833588
1.830549
1.831562
1.840679
1.839666
1.835614
1.833588
1.810288
1.809275
1.825484
1.815353
1.822445
1.824471
1.818392
1.826497
1.820419
1.810288
1.827510
1.836627
1.842705
1.844731
1.847770
1.868031
1.873096
1.883226
1.881200
1.878161
1.886266
1.921722
1.922735
1.918683
1.923748
1.933878
1.928813
1.931852
1.936917
1.920709
1.919696
1.938943
1.932865
1.954139
1.945021
1.941982
1.941982
1.940969
1.942995
1.939956
1.956165
1.962243
1.956165
1.951100
1.971360
1.995673
1.989595
1.994660
1.989595
1.989595
1.987569
1.983517
1.982504
1.973386
1.972373
1.969334
1.975412
1.973386
1.969334
1.970347
1.973386
1.977438
1.972373
1.969334
1.961230
1.954139
1.957178
1.951100
1.955152
1.953126
1.959204
1.968321
1.967308
1.951100
1.954139
1.960217
1.966295
1.967308
1.989595
2.004790
1.999725
1.996686
2.005803
1.997699
2.011882
2.013908
2.016947
2.019986
2.025051
2.018973
2.012895
2.011882
2.011882
2.011882
2.017960
2.007829
2.012895
2.009855
2.008571
2.013711
2.000860
2.014996
2.014996
2.017566
2.020136
2.025277
2.029132
2.022706
2.027847
2.035557
2.034272
2.038127
2.048408
2.056118
2.068969
2.054833
2.070254
2.074109
2.063829
2.057403
2.061259
2.059974
2.058689
2.025277
2.029132
2.020136
2.002145
2.012426
2.022706
2.011141
2.032987
2.041983
2.032987
2.034272
2.029132
2.027847
2.017566
2.023992
2.035557
2.050978
2.059974
2.062544
2.074109
2.062544
2.043268
2.041983
2.044553
2.048408
2.056118
2.059974
2.056118
2.062544
2.059974
2.066399
2.071539
2.075395
2.066399
2.074109
2.071539
2.072824
2.072824
2.075395
2.080535
2.081820
2.075395
2.081820
2.075395
2.094671
2.098526
2.107521
2.102381
2.094671
2.083105
2.086960
2.092100
2.084390
2.085675
2.092100
2.092100
2.093386
2.081820
2.090815
2.103666
2.102381
2.117802
2.113947
2.108806
2.134508
2.142218
2.146074
2.142218
2.152499
2.142218
2.146074
2.143503
2.142218
2.164065
2.185911
2.192336
2.201332
2.184626
2.180771
2.200047
2.210327
2.189766
2.174345
2.166635
2.160209
2.178200
2.178200
2.169205
2.169205
2.189766
2.189766
2.184626
2.183341
2.192336
2.188481
2.184626
2.185911
2.174345
2.167920
2.182056
2.193621
2.201332
2.221893
2.210327
2.207757
2.205187
2.215468
2.228318
2.228318
2.229603
2.228318
2.241169
2.250165
2.239884
2.227033
2.234744
2.245024
2.264300
2.269441
2.272011
2.273527
2.259877
2.258360
2.258360
2.264427
2.261394
2.275044
2.272011
2.282627
2.293244
2.299311
2.291728
2.294761
2.306895
2.312961
2.309928
2.320545
2.322062
2.332678
2.326612
2.323578
2.325095
2.323578
2.332678
2.300828
2.315995
2.328128
2.352395
2.356946
2.355429
2.341779
2.338745
2.337229
2.355429
2.359979
2.378179
2.370596
2.363012
2.340262
2.344812
2.338745
2.340262
2.341779
2.323578
2.347845
2.347845
2.341779
2.344812
2.343295
2.347845
2.343295
2.340262
2.332678
2.338745
2.350879
2.350879
2.350879
2.355429
2.356946
2.363012
2.355429
2.356946
2.364529
2.367562
2.381213
2.366046
2.376663
2.373629
2.373629
2.381213
2.375146
2.381213
2.363012
2.364529
2.366046
2.364529
2.370596
2.381213
2.381213
2.393346
2.396380
2.406997
2.411547
2.423680
2.429747
2.428230
2.461598
2.461598
2.458564
2.485865
2.494965
2.511649
2.517715
2.529849
2.531366
2.529849
2.535916
2.519232
2.520749
2.538949
2.558666
2.552599
2.570800
2.602650
2.599617
2.584450
2.569283
2.592033
2.581417
2.605684
2.610234
2.607200
2.549566
2.555633
2.528332
2.538949
2.522265
2.508615
2.517715
2.519232
2.514682
2.519232
2.514682
2.528332
2.551083
2.523782
2.537432
2.528332
2.514682
2.513165
2.535916
2.529849
2.557149
2.543499
2.528332
2.532882
2.499515
2.511649
2.519232
2.543499
2.551083
2.557149
2.546533
2.558666
2.554116
2.540466
2.529849
2.525299
2.497998
2.517715
2.528332
2.525299
2.523782
2.537432
2.546533
2.557149
2.549566
2.545016
2.535916
2.522265
2.517715
2.502548
2.517715
2.513165
2.441881
2.410030
2.400930
2.326612
2.361496
2.381213
2.388796
2.429747
2.435814
2.464631
2.444914
2.434297
2.447947
2.435814
2.454014
2.479798
2.466148
2.481315
2.494965
2.491932
2.464631
2.458564
2.458564
2.444914
2.446431
2.455531
2.449464
2.431264
2.385763
2.384246
2.397896
2.373629
2.391830
2.402446
2.396380
2.387280
2.385763
2.379696
2.391830
2.397896
2.385763
2.373629
2.349362
2.328128
2.325095
2.329645
2.308411
2.312961
2.347845
2.335712
2.317511
2.323578
2.323578
2.334195
2.338745
2.363012
2.388796
2.394863
2.400930
2.388796
2.393346
2.400930
2.393346
2.391830
2.400930
2.411547
2.405480
2.387280
2.379696
2.381213
2.376663
2.372113
2.337229
2.366046
2.353912
2.370596
2.384246
2.382729
2.378179
2.358462
2.355429
2.369079
2.369079
2.370596
2.367562
2.337229
2.334195
2.325095
2.332678
2.315995
2.287178
2.264427
2.250777
2.273527
2.223476
2.224993
2.218926
2.206793
2.212859
2.247743
2.261394
2.244710
2.272011
2.267461
2.261394
2.258360
2.255327
2.262910
2.279594
2.297794
2.319028
2.309928
2.300828
2.297794
2.296278
2.297794
2.268977
2.228026
2.205276
2.190109
2.224993
2.211343
2.241677
2.246227
2.244710
2.232577
2.203759
2.188592
2.170392
2.176459
2.211343
2.190109
2.194659
2.197693
2.232577
2.235610
2.226510
2.218926
2.196176
2.194659
2.206793
2.184042
2.168875
2.177975
2.158258
2.155225
2.144608
2.158258
2.159775
2.147642
2.165842
2.185559
2.182526
2.209826
2.206793
2.212859
2.209826
2.221960
2.181009
2.171909
2.177975
2.111241
2.133991
2.117308
2.099107
2.106691
2.086974
2.124891
2.173425
2.144608
2.143091
2.137025
2.140058
2.106691
2.114274
2.135508
2.143091
2.171909
2.165842
2.164325
2.159775
2.158258
2.155225
2.174942
2.187076
2.182526
2.194659
2.196176
2.200726
2.173425
2.181009
2.177975
2.147642
2.143091
2.141575
2.161292
2.144608
2.147642
2.179492
2.188592
2.193142
2.174942
2.174942
2.167359
2.181009
2.184042
2.199209
2.174942
2.176459
2.174942
2.167614
2.172727
2.167614
2.174431
2.177839
2.184655
2.186360
2.188064
2.167614
2.152278
2.167614
2.179543
2.179543
2.182951
2.177839
2.177839
2.169319
2.181247
2.189768
2.194880
2.199992
2.199992
2.199992
2.215329
2.220442
2.220442
2.223850
2.223850
2.205105
2.211921
2.235778
2.256228
2.259636
2.271565
2.274973
2.261340
2.290310
2.288605
2.278381
2.269860
2.283493
2.331208
2.322687
2.310759
2.310759
2.312463
2.331208
2.339728
2.343137
2.332912
2.288605
2.314167
2.336320
2.315871
2.309055
2.317575
2.363586
2.377219
2.363586
2.372106
2.373810
2.361882
2.324392
2.339728
2.339728
2.366994
2.387443
2.385739
2.394260
2.389147
2.370402
2.368698
2.380627
2.372106
2.372106
2.363586
2.385739
2.382331
2.356769
2.366994
2.370402
2.358474
2.361882
2.334616
2.322687
2.343137
2.358474
2.305646
2.343137
2.344841
2.314167
2.360178
2.353361
2.355065
2.384035
2.399372
2.375515
2.373810
2.395964
2.397668
2.382331
2.385739
2.395964
2.387443
2.402780
2.402780
2.416413
2.407892
2.389147
2.366994
2.346545
2.360178
2.387443
2.380627
2.378923
2.365290
2.361882
2.368698
2.387443
2.404484
2.411301
2.414709
2.401076
2.423229
2.421525
2.423229
2.460720
2.462424
2.455607
2.436862
2.453903
2.419821
2.424933
2.424933
2.421525
2.430046
2.436862
2.424933
2.407892
2.382331
2.375515
2.375515
2.390851
2.395964
2.395964
2.418117
2.413005
2.416413
2.435158
2.428342
2.447087
2.418117
2.409597
2.407892
2.411301
2.395964
2.413005
2.414709
2.423229
2.419821
2.424933
2.459015
2.469240
2.440270
2.443679
2.448791
2.452199
2.460720
2.472648
2.476056
2.464128
2.472648
2.470944
2.472648
2.472648
2.472648
2.484577
2.493097
2.493097
2.484577
2.482873
2.462424
2.481169
2.481169
2.486281
2.475633
2.486281
2.463211
2.464985
2.452563
2.450788
2.466760
2.459661
2.482732
2.482732
2.489830
2.488056
2.507577
2.496929
2.495154
2.477408
2.479182
2.468535
2.461436
2.463211
2.463211
2.463211
2.456112
2.445464
2.457887
2.470309
2.480957
2.473858
2.475633
2.464985
2.434816
2.422394
2.411746
2.415295
2.406422
2.425943
2.449013
2.440140
2.436591
2.434816
2.440140
2.447239
2.438366
2.429492
2.427718
2.422394
2.409971
2.418844
2.427718
2.431267
2.434816
2.436591
2.438433
2.431066
2.449483
2.453166
2.469742
2.473425
2.482634
2.471584
2.460533
2.469742
2.473425
2.478950
2.486317
2.499209
2.512101
2.530518
2.545252
2.559986
2.559986
2.550777
2.563669
2.556302
2.539727
2.536044
2.534202
2.534202
2.528677
2.537885
2.541569
2.559986
2.515785
2.420015
2.477109
2.484476
2.536044
2.517626
2.528677
2.521310
2.523152
2.504734
2.506576
2.530518
2.524993
2.501051
2.512101
2.528677
2.504734
2.486317
2.480792
2.495526
2.455008
2.486317
2.497368
2.502893
2.528677
2.519468
2.486317
2.493684
2.475267
2.445799
2.418174
2.372131
2.362922
2.344505
2.331613
2.364764
2.335296
2.375814
2.410807
2.410807
2.414490
2.401598
2.416332
2.396073
2.416332
2.420015
2.449483
2.445799
2.456850
2.447641
2.438433
2.449483
2.434749
2.434749
2.432907
2.440274
2.420015
2.438433
2.447641
2.434749
2.442116
2.456850
2.455008
2.464217
2.469742
2.466058
2.471584
2.466058
2.475267
2.488159
2.475267
2.466058
2.480792
2.495526
2.478950
2.471584
2.453166
2.456850
2.478950
2.475267
2.466058
2.486317
2.517626
2.517626
2.519468
2.526835
2.521310
2.537885
2.545252
2.539727
2.524993
2.532360
2.524993
2.552619
2.563669
2.563669
2.578403
2.565511
2.578403
2.580245
2.578403
2.596820
2.602345
2.624446
2.626288
2.683381
2.692589
2.709165
2.740474
2.712848
2.764416
2.742316
2.723899
2.696273
2.709165
2.742316
2.771783
2.777308
2.755208
2.690748
2.703640
2.723899
2.753366
2.747841
2.766258
2.804934
2.810459
2.825193
2.806776
2.801251
2.821510
2.808618
2.790200
2.806776
2.825193
2.839927
2.849135
2.836243
2.812301
2.817826
2.847294
2.849135
2.836243
2.847294
2.891495
2.891495