2020.2430
2091.8920
2104.9220
2052.3000
2107.7660
2137.8410
2081.6720
2160.0640
2181.0610
2195.6340
2192.8070
2214.8390
2217.6260
2256.3670
2238.0820
2306.7690
2369.6540
2423.8870
2384.7640
2493.7400
2579.2280
2653.2130
2658.0500
2707.9220
2805.0100
2854.4440
2738.5800
2632.9080
2687.4890
2776.9550
2871.7920
2754.2400
2771.0980
2571.2760
2416.9490
2478.8080
2499.8260
2651.4050
2671.5750
2653.4690
2536.0100
2601.4170
2587.3710
2597.2320
2569.6290
2603.0580
2699.5940
2734.5470
2797.1550
2784.1060
2843.8790
2865.3330
2785.6640
2853.4110
2877.8800
2883.2140
2914.1280
2962.8390
2965.7350
2934.2530
2968.5190
2867.1680
2915.0240
3009.3760
3050.3720
3099.4290
3143.8210
3159.2600
3119.4190
3205.8840
3205.0760
3042.6380
3059.7090
3036.7610
2916.1140
2959.9520
3040.0400
3086.2170
3190.2540
3220.6150
3264.5790
3242.6260
3257.5880
3134.5730
3212.1390
3234.1510
3246.5570
3270.7380
3295.6510
3325.5310
3306.4740
3247.4750
3254.5340
3271.5010
3274.8490
3276.7480
3332.3370
3353.9220
3380.1880
3375.8730
3355.7780
3350.2380
3366.9110
3403.2080
3382.9970
3309.5870
3356.7140
3349.3500
3403.9620
3431.2810
3434.0550
3405.1300
3392.1120
3431.4440
3427.4730
3448.4610
3476.7880
3452.2630
3503.7540
3540.5090
3584.8580
3592.6400
3589.1870
3633.4330
3701.7900
3719.9700
3754.3440
3813.8760
3848.6320
3829.2070
3852.8630
3919.4260
3824.2880
3894.5630
3933.1130
3907.9670
3972.6440
4022.9100
3764.6400
3803.1240
3928.5840
4020.2660
4069.3460
4069.3380
4015.4210
3893.1250
3933.0470
3953.2930
3770.1370
3778.1400
3609.6980
3358.1030
3424.7750
3247.5260
3374.3510
3468.0420
3541.8040
3485.9240
3595.1150
3629.5130
3531.4100
3277.9970
3245.2740
3265.0740
3427.4420
3489.0630
3527.2540
3592.8060
3613.4100
3581.6830
3641.8160
3736.5760
3775.2130
3781.0640
3868.6670
3739.7320
3804.3310
3708.1990
3595.7060
3568.6690
3536.8110
3434.6550
3372.0740
3400.6230
3576.4440
3597.8630
3659.0810
3692.6480
3704.4040
3716.8970
3808.1810
3865.8320
3839.9470
3855.7680
3908.4350
3911.6530
3807.9760
3846.4150
3777.5050
3827.6830
3955.7830
4053.2120
4083.4820
4125.7810
4145.1370
4176.1880
4182.7700
4199.5490
4213.2450
4267.0080
4364.9730
4387.5520
4406.7790
4476.1380
4508.2930
4591.3390
4347.6570
4512.0800
4328.4080
4215.3380
4405.3280
4525.2880
4591.3840
4621.9410
4506.0820
4581.2420
4571.7640
4498.1520
4536.5570
4534.7630
4513.5940
4523.4930
4506.0390
4364.9260
4203.4800
4256.3890
4136.8220
4210.1730
4345.2960
4376.1930
4447.2050
4463.6040
4446.0670
4485.2550
4510.5270
4557.4750
4550.2790
4459.1550
4514.4520
4542.9490
4639.6320
4591.0240
4714.1000
4747.6480
4829.0620
4830.0160
4651.0740
4667.2090
4537.8800
4481.1600
4294.3830
4267.1130
4336.3810
4374.6490
4331.3660
4301.7680
4363.0790
4408.4410
4311.2930
4310.8940
4311.8910
4366.2500
4356.5170
4416.2190
4419.5470
4459.1550
4556.2810
4629.9650
4634.6710
4686.2660
4690.2930
4758.4340
4586.5230
4604.5860
4654.5830
4660.1260
4598.9940
4562.8720
4492.8610
4454.7600
4491.4650
4616.0530
4630.9530
4663.9030
4690.1980
4658.6260
4683.0650
4620.7490
4686.9310
4723.6110
4744.4230
4756.1570
4827.2140
4843.1750
4852.9040
4863.6390
4864.9220
4939.1760
4976.3800
4919.8730
4977.5080
4914.7470
4898.6700
4688.8360
4749.9340
4893.9780
4902.4050
4864.1640
4866.5530
4739.2690
4714.4320
4561.4000
4438.6810
4434.1310
4564.8070
4419.7810
4350.7580
4269.1080
4144.3520
4042.5160
4157.8420
4184.8410
3915.7520
3972.1540
3977.3770
3901.2570
3982.3850
4163.4770
4133.3460
4144.6620
4218.6370
4235.3220
4104.3640
4025.7890
4083.6160
4053.9850
4089.0350
4072.5680
4109.3170
4211.8810
4223.5660
4197.9950
4145.2430
3972.2860
4087.0170
4119.7220
4094.5680
4095.2950
4028.4330
3961.3820
3736.9820
3664.4640
3606.5930
3585.5760
3563.8820
3665.3340
3718.6620
3698.3420
3807.6040
3849.5200
3788.7510
3824.0460
3735.3950
3757.4320
3842.3130
3951.3580
3959.4270
4017.8640
4015.4670
4071.0940
4068.8640
4162.3210
4194.0400
4191.1300
4267.8950
4193.6410
4248.0140
4267.9550
4356.0120
4413.5680
4246.4600
4297.9040
4241.5920
4323.0520
4423.3150
4457.7590
4457.1270
4461.4880
4366.6040
4404.7180
4456.4970
4368.3040
4399.2840
4431.4440
4553.0230
4589.2890
4530.2290
4625.3950
4662.9600
4651.9630
4679.9420
4720.3750
4658.0090
4705.3100
4789.6930
4805.4160
4730.1430
4610.9160
4603.4890
4553.1200
4546.7240
4673.6020
4654.3450
4590.3170
4660.6050
4767.9670
4789.1550
4806.0290
4836.7370
4679.5480
4691.4500
4636.6390
4778.6070
4794.1940
4833.8000
4877.9270
4998.5000
5046.1480
4994.7740
4999.5900
5055.4920
5199.5250
5173.0660
5098.5390
5228.2960
5311.7700
5431.0910
5467.8390
5484.7420
5440.0990
5111.1890
5255.2670
5068.4650
4855.8500
4932.4010
5081.0300
5150.6650
5063.2370
5206.1490
5259.8100
5227.6480
5248.7470
5110.8750
5116.8370
5138.4870
5100.3660
5016.5280
5084.5830
5069.9700
4964.9010
5039.1650
5179.0210
5244.0380
5230.6800
5216.8510
5228.3370
5163.5290
5222.7920
5174.5390
5069.5230
4991.5440
4849.6300
4730.4970
4812.5320
4828.4890
4936.7160
5011.4980
5028.7660
5001.2830
4975.1440
4830.5620
4804.8220
4833.5800
4826.7570
4723.4260
4519.9130
4536.9640
4646.0870
4477.3590
4506.3220
4398.4950
4341.9090
4424.8920
4502.8080
4548.2060
4610.8600
4630.5800
4609.7170
4733.9730
4786.8060
4872.4950
4869.6870
4952.6670
4987.4800
4941.4320
5042.9670
4909.7450
4979.0570
5027.7310
5032.7970
5095.2080
5122.4410
5108.7400
5009.0470
5067.6210
5138.2480
5165.7350
5181.3680
5143.4130
5139.7460
5190.0370
5131.3320
5199.3580
5104.1340
5126.9340
5086.1080
5085.8120
5155.3370
5169.2640
5212.3450
5199.5520
5111.1530
5064.5450
5000.4020
5065.0760
5057.8400
5089.7510
5148.7990
5107.1370
5114.4590
5165.2070
5150.8690
5162.4150
5178.8940
5116.1440
5152.3950
5188.1110
5165.1230
5054.7680
4970.5720
4913.4970
4755.4160
4836.8660
4920.5700
4814.7810
4827.2120
4849.9690
4889.9200
4918.6740
4929.4880
4863.7950
4902.5640
4900.7060
4873.9540
4906.1890
4879.8920
4863.1850
4679.5270
4672.0760
4618.7480
4572.9420
4428.8940
4345.0480
4444.2760
4490.8920
4429.9990
4506.1960
4547.3030
4562.9720
4456.7300
4469.0490
4468.7870
4540.9390
4499.6940
4402.1430
4337.3670
4278.7530
4338.4220
4321.2190
4402.9380
4509.1800
4568.1890
4574.4770
4511.5450
4579.3320
4604.7460
4719.3910
4749.4240
4760.9170
4761.4520
4756.6140
4799.4200
4731.1180
4825.4190
4866.1650
4896.0430
4895.2600
4843.7050
4849.0570
4784.3880
4800.9380
4613.7300
4633.3720
4710.3790
4680.8980
4628.3200
4644.4620
4610.7830
4625.1730
4649.4250
4559.0180
4330.7710
4317.1070
4378.6980
4454.3940
4505.8860
4571.7190
4533.3210
4513.4850
4436.1010
4395.0190
4363.9590
4434.9220
4427.9780
4520.1710
4530.4230
4490.1580
4451.7260
4430.5380
4395.0690
4344.9770
4238.0690
4204.9080
4306.3610
4260.1550
4233.7480
4164.2880
4212.1290
4215.5000
4214.8160
4131.8850
4151.8510
4275.0940
4151.8000
4117.7350
4051.4250
4068.2310
3999.7820
3871.0600
3856.8280
3832.5770
3817.9270
3950.6550
4001.8530
3985.1930
3997.1210
3877.0240
3854.1690
3740.4690
3671.6950
3736.7650
3842.9780
3884.3900
3888.9920
3978.8000
3999.3620
3999.8310
4072.7810
4097.6180
4131.1300
4114.7670
4057.5550
4126.0030
4064.3710
4062.1440
4159.5670
4192.6650
4088.3230
4079.5360
3963.2580
3966.6360
3957.9300
3942.6950
3935.2730
3911.3560
3915.2980
3980.6180
3819.9420
3897.0190
3817.0410
3692.2270
3691.8040
3702.1030
3700.0890
3663.8430
3616.0870
3490.4000
3423.4740
3329.5750
3427.2140
3434.8450
3424.4480
3342.4010
3298.7240
3327.3940
3308.0720
3224.1480
3207.3990
3207.1810
3266.7750
3192.2340
3074.3680
3087.5460
3212.9040
3345.3910
3346.7420
3345.8120
3233.7010
3130.5580
3304.8800
3237.8520
3270.7650
3315.6030
3292.4090
3294.4940
3266.2340
3328.1530
3383.0500
3412.4050
3356.8380
3445.5200
3469.8460
3488.2290
3519.8750
3524.6250
3578.1490
3577.2020
3565.3060
3574.4580
3618.3020
3689.0040
3700.8880
3756.8250
3764.3260
3745.5800
3696.1440
3715.6730
3794.4160
3798.3770
3760.5850
3732.7070
3791.8270
3848.1080
3871.1200
3910.0640
3734.3170
3689.0140
3786.6170
3829.6960
3746.2840
3760.0470
3742.3880
3670.1290
3666.2790
3652.8760
3490.0070
3425.7020
3416.8560
3531.5490
3554.0270
3512.9140
3554.0380
3566.4760
3640.4070
3675.0280
3685.4810
3631.5560
3714.0200
3704.7050
3736.3650
3691.5740
3666.3950
3718.9110
3700.0280
3664.6380
3718.2590
3733.8160
3758.0040
3784.5560
3783.4720
3717.4700
3731.1310
3715.3850
3710.0970
3705.8830
3660.3120
3714.1860
3655.8580
3653.5460
3711.0550
3708.9190
3678.0930
3635.5160
3687.4550
3745.6780
3752.2190
3753.5930
3744.4370
3621.8080
3617.6140
3600.1630
3581.1370
3564.1580
3630.3140
3608.3910
3674.8750
3652.7050
3648.9940
3684.7270
3657.9580
3636.0900
3590.8370
3493.1160
3489.9720
3476.4030
3427.8190
3470.9650
3509.5030
3515.7780
3497.7480
3418.2020
3486.5460
3398.8050
3365.6650
3404.1040
3450.3020
3435.0840
3311.0890
3334.2860
3352.8480
3392.6560
3369.9130
3337.8560
3361.0900
3332.0850
3302.3360
3283.5920
3217.4520
3159.1920
3216.1840
3195.8630
3259.8560
3337.2670
3368.2520
3356.4850
3405.0580
3395.8490
3318.1000
3349.5850
3310.8390
3286.8280
3286.7780
3289.4390
3335.7530
3306.1110
3327.9900
3265.7490
3184.3310
3200.9930
3179.5400
3129.4950
3139.5000
3200.3060
3164.8260
3181.8000
3217.9360
3334.6600
3363.6050
3350.0880
3376.1220
3329.2990
3338.0380
3237.7040
3224.2590
3255.8660
3161.7630
3143.7100
3167.1610
3144.4080
3071.9890
3141.0820
3199.7520
3183.3650
3265.6170
3296.9230
3248.0450
3240.3990
3223.1890
3233.2290
3240.7780
3294.8350
3285.4450
3298.4880
3259.0670
3257.9210
3226.1720
3163.2950
3158.9430
3160.6870
3168.0970
3228.1900
3249.5520
3235.3520
3213.2600
3209.1410
3129.5680
3116.9780
3136.3080
3072.1210
3081.2540
3026.8440
3009.1530
3016.1590
3004.1830
3035.2820
2995.0930
3005.4590
2970.3230
2864.1690
2800.5370
2774.1760
2816.6240
2749.1340
2783.4120
2886.1860
2884.3480
2950.1930
3002.2310
2982.0270
2982.8850
2943.2760
3066.2310
3091.8750
3086.5840
3099.0920
3108.8600
3101.0740
3117.6980
3189.0880
3228.6750
3199.4810
3235.1950
3275.8600
3258.2510
3288.3690
3327.0400
3334.9870
3356.3500
3271.1790
3384.7450
3450.6820
3450.5600
3408.0220
3464.6450
3491.1220
3435.4340
3441.7450
3369.7320
3364.0610
3449.7940
3482.5190
3500.5780
3479.6380
3507.7090
3484.3620
3520.6460
3544.3850
3557.6670
3608.5890
3627.7760
3561.3570
3635.3750
3560.3170
3548.3580
3587.5870
3533.2040
3535.8960
3608.1990
3648.4220
3518.7170
3597.9220
3653.9340
3609.6400
3570.3800
3571.1050
3481.1750
3449.3500
3464.8540
3471.2140
3427.1200
3438.0720
3527.7720
3565.0200
3579.9200
3568.5230
3543.8120
3552.2570
3448.9770
3447.2850
3470.9600
3428.5000
3397.2320
3411.1300
3444.3710
3437.2670
3423.2170
3394.5170
3346.8510
3383.0810
3412.4160
3423.0120
3495.2420
3511.6240
3416.4490
3484.5680
3431.4010
3367.7660
3383.3980
3448.6400
3514.4570
3521.4770
3553.8480
3555.7690
3577.3270
3590.7580
3549.3030
3597.1060
3635.7550
3691.3990
3737.7480
3787.0590
3755.8740
3724.2290
3782.0710
3820.4270
3827.7820
3856.3190
3865.1340
3841.2180
3814.5100
3739.7240
3755.1480
3688.7360
3616.2100
3515.0500
3584.9780
3593.3710
3605.7580
3583.2980
3465.0040
3446.4830
3232.9620
3219.1340
3285.8180
3233.2220
3235.9780
3304.5910
3359.0530
3364.1840
3390.4880
3371.5290
3240.4770
3259.9110
3361.3950
3455.8840
3425.1350
3493.4410
3536.3130
3485.0740
3481.2010
3394.3060
3461.2810
3544.9660
3566.2820
3498.2420
3494.1590
3426.5930
3411.2190
3430.7430
3521.1520
3533.6090
3592.5380
3631.1240
3596.3180
3605.8500
3618.7440
3676.1950
3695.5520
3681.0820
3631.3210
3554.3480
3609.0280
3599.6370
3627.5010
3636.4690
3627.9700
3703.5930
3732.0980
3703.9200
3701.0830
3664.1480
3689.9590
3744.8710
3755.2390
3762.5690
3792.8320
3831.9270
3870.9230
3834.2580
3845.0680
3849.8200
3854.2070
3786.2920
3822.1230
3899.6250
3903.5180
3889.2210
3808.2160
3822.7580
3872.8930
3938.0680
3981.0580
3959.6300
4026.9160
4068.3200
4074.0830
3963.2120
3956.9650
3970.6410
4069.0330
4026.5160
3924.2190
3898.1560
3821.7790
3808.7030
3703.8600
3764.4530
3713.8290
3702.4450
3728.1880
3777.4040
3737.1060
3685.0400
3629.9400
3645.8400
3680.5360
3611.7600
3659.8300
3736.4520
3827.8820
3840.3650
3878.5840
3865.4100
3842.7560
3839.6020
3845.6760
3889.7550
3922.6660
3946.3830
3770.8650
3859.9550
3932.9980
3928.7240
3918.7830
3947.7040
3950.4860
3906.7800
3916.9620
3925.4340
3857.7150
3834.0270
3834.0450
3795.0230
3747.0020
3742.7380
3768.7030
3808.4530
3743.1320
3800.7740
3813.0030
3829.0960
3847.8790
3816.3160
3710.8980
3733.6620
3738.2050
3696.0230
3628.6340
3612.0200
3683.5340
3708.1420
3714.3140
3671.9150
3644.1250
3700.1080
3799.0420
3825.4860
3882.6680
3881.9470
3873.8100
3908.4500
3885.4160
3957.6710
4074.6300
4080.3780
4125.4120
4064.4230
4134.1600
4212.7450
4207.6990
4207.9940
4149.0710
4121.9170
4105.7920
3961.4390
3987.4800
3934.7270
3975.9290
4058.7990
4059.5670
4037.7840
4032.7560
4012.4470
3860.2440
3864.2600
3865.6620
3907.1460
3888.9750
3967.1500
3989.2010
3980.6730
3876.5780
3952.3920
3985.8610
3991.1440
4001.5020
3944.0440
3865.2950
3840.5360
3899.4880
3902.0430
3896.2800
3939.2290
3981.6250
4018.5470
4038.8400
4021.1940
4051.3300
4021.9060
4019.8830
4014.9400
4029.2620
3965.3370
3947.1690
3929.1680
3884.8110
3800.6810
3684.5930
3738.9260
3766.1700
3798.2880
3817.9800
3749.9650
3754.0110
3716.0220
3812.7580
3806.8900
3803.8030
3732.3370
3726.6560
3705.3640
3715.7100
3747.3340
3746.1400
3786.5630
3827.4870
3818.3220
3861.5880
3821.8670
3829.2380
3822.7160
3789.2940
3832.0550
3818.3330
3797.4290
3840.0190
3858.0510
3850.1130
3891.5570
3914.9810
3879.3440
3858.0990
3755.6940
3789.3420
3815.8790
3839.2030
3814.0300
3861.9500
3889.3230
3924.9030
3951.7260
3979.3100
4019.6470
4004.5610
4014.4880
4039.7070
3982.4040
3982.1980
4029.7510
4090.8020
4093.1130
4062.1190
4031.4400
4042.5210
4030.2420
4083.2880
4057.1130
4054.2230
4089.8010
4168.3730
4207.8620
4214.8360
4257.0450
4210.2190
4278.8470
4300.1200
4328.6010
4286.0900
4311.6970
4377.0180
4399.8060
4401.8090
4373.5040
4423.6360
4483.5440
4496.9380
4497.3990
4495.4400
4521.7520
4487.1420
4407.5880
4421.2120
4381.4940
4427.8790
4507.4420
4576.1200
4608.5570
4647.8860
4666.4740
4701.6990
4709.9090
4704.9420
4756.9490
4807.5550
4645.5460
4686.0470
4719.0090
4758.7270
4694.2290
4754.4720
4815.7100
4814.7350
4829.9350
4877.4350
4916.1190
4993.5310
5004.0010
4981.8530
4982.6810
4966.0830
4987.7070
4906.2440
4860.7320
4929.1600
4884.0240
4825.6090
4755.2310
4774.6660
4809.5180
4924.9550
4991.7550
4992.6300
4986.4160
5028.6980
5003.4700
4995.4430
5024.8480
4977.2550
5031.0010
4881.4800
4965.3840
4921.6710
4909.6090
4958.4660
4967.6510
4985.1010
4974.6260
5029.7730
5112.1190
5189.0010
5214.2100
5251.3890
5245.2670
5208.1390
5277.6570
5339.0050
5451.9620
5333.8920
5412.6740
5195.4060
5374.0970
5454.4430
5493.2000
5583.5970
5606.6930
5557.2860
5558.0450
5524.1220
5305.2090
5193.7220
5262.3650
5364.5630
5422.7510
5367.6370
5275.0850
5322.7140
5417.0170
5479.8640
5488.2420
5444.0370
5409.0580
5332.2210
5405.0910
5379.7380
5449.0380
5520.1230
5281.8950
5472.5140
5611.6940
5690.1560
5633.2890
5758.9790
5773.8160
5739.9190
5701.2050
5632.7280
5609.3890
5707.4760
5683.5190
5654.2170
5534.7850
5504.9740
5580.7040
5641.7860
5681.3410
5769.2720
5869.7130
5911.0980
5906.5380
5969.5570
6018.4630
6139.7920
6118.6560
6210.4210
6208.9880
6133.0260
6212.2360
6276.4850
6262.8920
6260.1370
6329.5760
6516.7650
6618.0540
6728.0680
6782.4630
6850.8970
7017.1540
7046.1230
7124.8720
7074.4370
7155.9450
7245.4970
7253.1040
7425.7330
7560.6480
7679.0100
7863.2840
7807.9970
7746.1510
7952.1890
8122.8930
8119.9590
7802.7470
7912.0880
7980.7600
7839.9010
8112.6870
8323.4270
8410.7030
8419.0950
8513.0160
8266.4830
8428.2540
8469.6730
8510.4810
8199.3440
8082.9990
7903.4780
8201.2930
8558.2180
8745.6780
8824.9290
8813.3930
8742.8850
8903.5950
9124.8330
9277.3310
9619.2230
9778.1710
10040.0900
10373.5800
10497.3400
9868.4240
9966.8450
10488.3100
10886.4000
10979.9900
10965.4100
11144.5200
11030.9200
11013.7400
11208.0577
11366.2931
11545.8906
11332.8920
10879.8358
11100.5456
10731.3787
9987.4074
10046.8849
10267.6266
9906.1037
9078.0648
8484.6434
8906.0202
8411.9097
7835.1035
7355.4910
7235.9990
6763.5263
6602.3735
6896.3516
7244.7842
7695.6351
7859.0574
7405.2945
7578.7585
7994.6971
8116.4956
8220.4627
8320.2364
8551.9909
8425.0739
7794.1809
7649.8199
8022.7956
7800.5799
7727.0608
7540.2053
7942.0952
7839.3375
7792.0278
8013.3187
8394.0862
8435.3271
8336.3365
8534.4288
8625.2423
8820.4567
8161.2687
8340.9828
8049.5116
7612.9024
7006.1885
6481.4117
6238.5256
6456.0548
6842.8938
6581.3127
6169.2072
6122.5533
6143.5566
6374.8551
6551.0072
6440.3093
6493.3191
6049.7904
5708.0299
6084.8367
5965.4090
6036.8814
6250.4393
6295.9258
6224.6006
6315.1101
6108.3764
6219.6917
6103.6058
6123.7274
6372.4924
6470.0514
6718.7221
6802.0769
6724.4957
6929.2374
7047.5599
7047.3718
7162.0754
6712.7386
6964.2976
7138.2344
7186.7548
7231.4362
7048.8952
7108.9748
7084.9706
6936.4315
6920.1029
7267.9884
7276.4505
7446.8471
7543.8014
7575.0084
7684.6660
7682.4517
7567.1080
7718.8548
7650.3808
7526.9417
7718.6220
7806.2655
7744.1822
7798.4975
7922.3841
7874.0797
7376.1243
7408.3988
7443.9452
7405.8596
7570.5077
7511.6749
7602.2276
7404.1420
7374.2742
7350.2098
7290.7017
7441.0301
7498.1813
7529.4028
7716.2460
7699.3700
7788.5640
7856.6081
7773.2825
7753.0367
7792.1244
7603.3609
7674.3881
7741.0472
7617.6890
6983.4044
6889.7414
7065.6068
6462.2428
6570.4316
6128.6558
6136.6632
5924.0440
6124.8202
5893.6815
5978.9076
6197.0947
6138.5031
5886.8835
5980.6111
6041.3261
5589.3069
5514.1886
5271.2325
5469.1254
5399.4771
5586.6266
5610.1734
5721.4853
5664.1971
5668.0398
5902.5341
5971.4123
5957.1305
5979.5164
6103.7225
6070.4998
6111.0427
5626.0522
5648.9376
5350.4337
5473.6349
5753.1482
5776.9770
5621.5614
5752.5482
5764.3253
5617.0376
5521.9480
5508.9818
5690.5904
5639.8012
5562.8037
5745.9750
5949.2630
6099.4805
6075.4922
6118.9664
6018.4242
6077.4312
6037.7782
5921.8672
6137.5034
6155.8138
6124.5278
6286.5826
6323.4342
6228.9737
6168.7419
6304.3004
6252.7729
6344.2255
6401.8545
6384.3496
6281.2024
6308.2290
6022.2126
5970.6820
6011.3201
5978.0772
6046.7734
6016.6990
5990.3285
5985.5940
6167.4537
6169.7826
6203.8166
5961.4890
5743.6473
5738.8961
5723.4104
5726.4555
5714.3107
5812.5423
5790.3416
5631.1927
5666.7331
5732.9018
5809.4761
5743.1782
5715.1834
5744.3876
5739.5897
5711.3152
5947.3224
5973.7799
6013.8942
6032.6030
6051.8595
6045.3571
6023.8776
5746.4438
5762.7612
5952.8460
5930.5454
5964.2724
5985.5691
5916.8032
6008.8857
5978.1737
5903.6202
6044.2191
6107.5105
6120.2021
6123.4939
6111.5385
6231.8811
6269.5046
6297.3969
6319.7926
6299.8533
6312.4988
6395.1448
6446.5634
6455.5827
6441.0159
6412.0731
6431.9383
6417.9223
6442.7093
6390.9254
6408.7831
6494.4743
6229.2885
6243.2883
6202.8923
6109.2782
6168.5088
6198.3885
6238.2309
6203.2872
6290.7562
6341.5497
6318.2681
6226.3129
6299.0915
6442.5272
6468.8946
6488.3648
6490.4080
6499.5548
6420.3544
6428.6978
6435.0586
6382.5704
6410.7335
6427.5291
6425.7543
6434.2103
6381.4755
6356.9538
6391.7923
6492.9722
6494.3159
6517.9835
6471.0530
6291.6364
6320.0315
6278.1580
6344.1810
6342.0328
6343.7541
6385.6353
6370.5834
6241.5157
6286.9093
6281.2838
6298.7911
6328.0856
6447.6934
6486.4254
6482.7379
6484.8310
6469.4915
6413.1487
6509.2821
6495.2574
6498.2375
6475.2807
6539.4661
6563.3539
6530.3898
6517.3594
6455.8349
6452.2058
6507.9500
6455.1295
6483.7322
6462.5928
6468.8171
6503.1781
6453.5718
6536.9651
6583.8864
6615.0071
6640.4616
6644.1878
6636.4690
6602.3265
6611.5399
6661.2460
6631.1733
6623.0489
6652.8177
6670.8035
6620.7949
6585.5776
6624.4657
6520.9745
6486.0173
6490.8897
6558.0247
6527.4338
6513.9155
6249.0784
6278.1793
6239.4989
6280.3981
6318.5239
6320.7324
6300.6383
6347.6058
6341.7879
6281.9966
6294.7546
6288.8594
6270.2395
6252.6076
6263.6256
6320.7626
6394.6694
6399.2841
6371.6168
6415.4176
6393.9283
6331.9638
6272.8510
6194.6575
6031.2414
6082.0657
6068.5930
6043.6750
6121.9983
6172.1671
6165.2642
6179.5681
6223.7061
6207.0921
6259.2471
6255.9270
6291.5977
6331.1771
6337.1081
6369.6526
6374.8852
6311.6959
6359.3361
6307.1627
6385.0625
6434.4383
6474.2250
6473.9930
6476.1655
6424.2549
6450.9701
6467.6385
6434.6262
6452.8390
6517.3235
6523.1868
6497.0878
6439.3822
6447.9165
6507.8964
6493.4846
6486.0616
6543.3407
6483.2463
6498.3416
6515.9458
6499.7928
6512.1874
6546.6150
6516.0326
6498.6902
6480.5430
6375.7437
6401.6479
6539.9665
6559.6526
6578.7260
6566.5441
6629.1661
6576.4761
6615.7042
6528.1624
6456.5980
6418.2114
6350.6465
6347.7732
6300.7128
6138.5049
6160.4612
6176.3981
6192.3044
6211.8624
6216.1150
6197.4779
6176.3053
6089.6828
5975.5395
6012.0016
5885.8410
5872.6391
5863.7832
5893.5075
6014.7344
6027.6504
5976.2998
5974.9772
5888.8127
5764.8759
5799.2499
5850.8006
5836.9338
5824.1042
5709.9994
5772.5174
5815.8022
5841.5232
5955.0153
5958.9770
5969.2741
5902.8551
5980.0566
5966.4314
6021.1651
6012.9996
6057.4115
6066.9046
6078.1925
5992.3352
6010.3137
6111.6406
6113.1658
6086.2112
6116.9932
6138.1556
6177.3953
6146.8527
6193.9641
6201.6535
6226.0108
6206.5568
6128.9942
6132.9922
6149.9337
6128.7397
5876.4592
5938.4342
6059.3582
6099.2835
6126.1083
6167.1282
6153.5984
6146.7028
6184.0207
6215.4633
6298.0004
6286.5362
6251.8627
6261.9676
6225.1151
6303.4209
6303.7160
6340.0220
6289.2174
6161.1903
6292.6418
6314.7608
6318.7986
6366.0340
6347.7557
6403.7803
6375.9814
6322.7819
6278.5900
6346.5305
6424.5841
6408.1567
6453.4636
6470.4259
6526.5046
6564.6804
6571.8591
6607.1176
6558.5963
6574.1826
6649.6276
6644.0118
6684.3798
6672.1849
6622.0438
6669.4548
6636.0201
6692.4724
6612.0456
6572.0096
6489.8441
6520.7175
6583.1401
6567.7915
6603.2587
6678.3710
6705.4812
6666.4696
6659.0957
6709.8164
6619.2056
6612.9428
6563.4369
6501.3999
6571.4240
6612.7637
6603.0042
6647.8920
6671.9288
6630.8067
6511.7616
6560.2054
6552.9545
6484.9258
6426.9799
6511.0958
6551.9363
6561.6897
6611.3517
6641.2164
6671.2054
6614.5136
6537.6563
6558.3085
6361.9415
6433.1702
6456.3520
6439.4419
6274.5116
6278.0287
6194.5522
6299.3122
6318.3684
6263.4210
6316.4072
6279.6206
6132.9120
6172.8031
6135.4702
6203.1433
6286.1656
6233.2115
6277.4410
6284.0807
6235.7608
6199.9889
6251.2416
6199.3628
6238.4987
6242.8847
6185.5907
6220.1473
6173.1528
6204.2702
6250.8207
6332.2269
6388.2533
6417.5350
6417.2537
6446.1818
6445.7462
6405.9395
6425.9401
6399.3737
6253.3759
6301.1327
6267.4599
6286.8007
6272.3800
6347.6383
6354.9978
6394.2999
6382.7165
6383.6312
6309.8836
6313.4420
6189.3413
5984.7428
6004.8494
5998.2236
5704.2641
5711.3322
5766.4797
5554.8974
5699.0979
5736.9505
5754.8344
5875.7272
5897.6765
6029.6795
6010.5573
6023.6770
6090.2247
6056.3354
6064.0983
6145.5768
6086.4874
6131.5142
6206.9754
6295.7776
6254.1457
6189.3170
6180.1108
6146.3058
6153.8339
6173.6984
6129.2042
6101.2276
5787.1523
5902.9588
6034.7750
5973.3414
6034.8572
6114.7382
6121.9642
6059.7089
6017.6863
6025.6493
6063.7423
6086.6126
6051.3346
6027.1867
6012.4053
5890.8571
5970.6577
6004.7334
5880.8359
5823.9205
5957.1927
5959.4220
5847.9766
5860.9836
5855.3233
5910.6058
5909.2944
6019.1409
6041.8143
6029.2329
6040.5716
5991.3424
5967.5541
6020.5697
6004.0696
5973.7785
5995.1497
6072.1991
6092.9069
6013.8472
5992.6209
5917.7978
5891.2627
5835.4456
5682.5881
5754.4746
5685.1155
5683.1486
5779.0778
5774.2575
5738.0176
5669.3031
5632.3566
5693.3461
5607.0173
5586.9314
5483.9446
5141.7095
5198.3935
5089.2522
5160.1228
5125.0333
5160.2829
5109.4975
5055.1093
5217.7643
5138.7826
5197.1313
5121.3436
4982.7627
4996.6299
5107.5507
5136.5326
5036.1565
5172.5032
5204.1855
5195.2002
5196.1969
5156.6363
5111.3271
5175.2516
5214.0038
5304.6410
5308.6569
5273.4789
5249.2904
5185.1510
5188.7166
5105.3741
4996.0120
4929.7500
4825.2508
4956.8718
4880.5694
5004.7733
5030.5148
5055.2753
5037.8831
4932.8063
4888.3712
4803.0285
4832.6512
4891.9801
4837.0183
4863.6651
4852.2887
4960.0655
4974.2072
4941.9607
4867.1214
4814.8237
4838.8730
4890.2806
4815.0343
4793.3454
4791.7779
4704.8782
4702.9032
4693.9743
4721.2121
4670.0799
4602.3901
4683.5056
4736.8934
4733.4806
4805.2151
4792.5507
4815.6306
4755.3803
4800.7287
4646.4929
4634.8939
4629.8877
4307.4208
4278.0353
4199.1532
4099.6831
4133.3832
4018.4614
4127.9854
4333.1445
4253.5561
4245.4884
4234.4208
4233.9585
4162.5255
4204.5424
4272.5518
4298.9837
4437.9456
4440.8274
4438.0965
4415.1360
4382.3286
4368.6143
4481.6881
4563.5351
4545.5089
4619.8141
4659.0965
4670.7370
4537.4493
4554.6747
4551.3264
4374.7644
4367.4619
4387.6515
4441.8569
4345.7030
4376.6511
4515.1735
4536.2104
4502.7021
4411.0884
4410.9593
4359.3122
4395.5702
4393.3240
4443.1572
4337.1025
4330.6465
4307.2675
4247.8991
4259.7614
4231.1440
4274.7218
4225.5124
4208.4053
4161.2702
4168.0363
4131.9567
4112.8070
4210.8786
4288.3234
4277.2967
4288.7717
4281.8606
4314.8757
4286.5474
4347.3555
4336.8779
4303.7308
4347.8112
4373.6333
4308.2518
4315.6846
4338.1700
4318.4417
4307.2196
4254.2875
4211.6235
4176.4739
4294.2696
4402.8668
4439.4850
4512.4088
4532.1699
4502.7348
4660.9990
4667.2836
4667.6243
4659.1431
4777.2977
5044.3466
5038.5435
5017.8842
5025.2913
5067.2250
5158.2467
5295.2878
5390.0294
5458.6153
5245.6999
5456.3810
5551.0029
5424.8642
5298.5024
5359.0087
5501.1830
5522.1801
5515.7856
5589.4780
5622.1402
5549.6711
5394.8787
5447.8795
5370.1234
5547.6561
5757.8379
5775.5497
5836.0369
5871.5575
5847.6296
5858.0464
5850.7609
5727.1749
5714.3676
5655.9825
5777.0111
5807.7288
5775.1710
5810.1798
5723.0417
5628.0624
5679.7256
5458.4194
5408.0306
5265.6011
5307.5600
4908.7984
4973.4043
4947.7419
4888.4128
5064.3230
5005.9044
4965.6124
5076.5550
5108.3588
4942.5792
4923.5589
5009.8725
4976.3929
4872.9202
4841.7573
4962.9470
4955.4855
4956.8638
4926.4030
4912.0005
4853.8153
4795.4129
4783.8245
4678.7844
4725.2643
4901.4723
4863.4922
4877.6505
4795.5267
4802.8185
4797.1468
4858.9164
4954.7338
5021.3051
5024.2046
4974.9882
4962.5936
5007.4833
4950.4798
5100.2619
5084.4100
5040.7227
5025.0207
5042.6599
4870.7807
4881.6235
4843.8649
4844.5474
4861.5679
4925.3243
4932.0458
4929.0850
4844.1087
4878.6903
4776.5749
4823.9182
4873.0271
4891.6432
4898.1099
4897.0183
4922.9175
4903.2030
4870.4690
4809.9198
4751.9846
4650.5627
4626.3641
4656.1009
4600.3526
4685.0450
4658.3884
4683.8403
4706.5504
4722.6625
4875.0363
4872.6061
4882.7213
4887.9142
4887.9024
4855.4584
4936.1238
4928.1935
4934.1838
4886.4940
5008.2958
5044.1805
5093.2662
5138.4051
5154.6378
5263.4594
5245.3050
5217.2913
5242.6115
5250.3398
5140.4502
5141.0381
5191.6687
5204.4848
5171.4840
5180.7418
5087.0091
4970.2403
5005.6299
4940.9030
4941.7607
4982.9535
5046.3594
5055.5165
5131.1312
5061.0029
5038.3560
5029.8540
4961.8072
4951.0354
5005.5525
4967.1949
4958.2465
4994.5684
5084.4677
5007.7126
4947.8954
4917.4174
4962.3495
4987.8364
5025.3029
4974.7343
5007.0666
4988.2938
4876.1594
4881.6144
4875.5430
4912.1075
4868.4367
4892.4609
4975.1128
4946.2757
4945.7188
4904.0828
4901.5021
4882.1624
4904.2568
4889.2595
4894.9416
4905.4209
4926.4548
4920.6682
4967.6021
5010.5104
5024.6040
5049.0514
5027.2784
5012.0011
5073.6858
5166.0391
5236.0624
5235.1248
5241.7376
5184.6752
5084.3505
5162.0702
5183.0986
5219.1404
5179.1929
5241.9383
5267.6622
5366.1375
5380.6372
5434.8503
5499.8395
5423.7966
5497.5429
5480.2279
5559.6272
5542.3316
5530.0266
5527.6676
5510.0453
5587.5359
5523.9419
5575.5126
5377.7411
4910.9011
4996.4743
5123.9619
5282.8922
5327.0369
5388.4349
5361.2768
5459.9461
5412.8418
5420.8025
5594.4366
5660.8142
5603.2626
5706.7127
5784.0321
5865.4665
5897.7219
5743.3929
5753.7277
5451.2897
5656.4193
5710.0235
5716.5112
5801.1199
5763.8602
5525.8167
5675.1113
5589.5311
5493.8838
5457.2006
5200.1142
5212.0619
5119.4716
5157.8235
5219.2809
4998.9095
5096.0408
5217.4237
5166.1091
5137.3371
5027.4856
5041.4534
5019.2187
5147.2019
5107.0393
5267.0730
5271.7961
5322.4614
5208.5102
5169.1757
5288.5930
5268.7497
5316.9707
5318.4547
5381.7857
5343.8806
5387.6233
5357.7904
5273.5474
5265.7248
5227.8460
5226.8116
5353.8595
5451.3159
5445.7519
5507.6965
5496.1920
5512.4640
5536.2802
5487.1070
5507.9336
5478.8218
5547.8759
5489.7024
5426.1745
5328.2268
5316.6036
5420.2126
5369.4992
5361.1670
5406.3403
5569.4800
5566.4438
5572.3125
5576.7535
5585.4231
5575.3036
5610.3774
5615.2417
5589.1019
5591.4871
5590.6435
5695.3007
5735.4183
5734.4030
5787.1482
5784.0269
5804.3430
5789.0893
5762.4378
5864.4164
5881.8875
5975.2794
6051.5099
6299.8551
6380.0276
6535.4151
6693.7452
6676.4373
6899.5175
6807.7270
6638.8384
6319.9981
6344.5912
6526.8325
6563.3239
6620.6893
6620.0859
6283.9831
6298.7351
6359.6637
6530.2712
6511.4360
6579.6696
6739.8085
6697.7071
6772.8422
6770.3016
6688.8822
6725.2956
6600.8472
6528.3999
6552.6567
6623.5633
6744.5468
6789.3979
6666.2740
6593.7850
6643.9444
6688.9647
6652.5478
6525.8786
6578.7912
6691.2096
6668.4331
6710.4599
6717.5579
6662.2515
6618.5762
6478.8124
6525.0980
6349.2234
6235.5687
6311.9670
6351.2422
6387.8805
6353.8360
6367.0206
6469.4692
6445.9649
6358.6520
6392.0329
6244.6389
6236.8904
6178.4693
6228.7708
6192.5045
6357.9711
6541.1760
6551.3987
6508.3743
6460.0408
6428.6822
6358.3213
6423.1128
6350.0127
6317.1438
6213.2626
6214.3779
6221.3414
6245.9986
6255.1933
6111.4803
6143.1157
6241.7676
6234.1580
6351.9789
6301.2477
6421.6506
6373.0853
6294.6055
6315.4938
6306.9700
6387.3710
6336.9406
6341.0136
6360.5998
6422.9854
6472.9301
6475.1881
6350.3667
6334.3042
6351.6119
6320.9441
6426.6155
6434.9791
6440.8808
6464.7345
6424.6823
6423.6513
6307.2207
6320.0956
6209.4270
6259.0175
6265.5819
6235.4352
6308.9013
6291.9180
6398.5987
6250.0606
6307.6040
6205.2247
6278.4981
6244.4818
6199.8523
6269.2484
6367.1149
6482.7868
6539.7315
6528.1425
6538.1162
6557.5964
6455.3987
6543.2286
6496.9131
6439.8854
6417.5011
6514.4644
6476.3736
6535.4185
6622.4959
6637.8052
6645.3137
6532.9610
6557.1608
6414.3811
6346.1371
6393.2780
6454.7853
6399.3315
6328.7881
6239.8709
6323.1622
6457.8814
6525.1658
6614.5443
6703.4821
6657.0560
6631.2286
6536.1861
6499.1528
6499.1528