1436.8850
1482.2840
1468.4560
1430.0870
1447.1430
1441.7310
1414.0800
1476.7090
1469.2040
1502.0040
1529.5760
1539.3730
1536.7590
1547.5890
1538.2730
1541.6780
1580.2930
1631.7420
1629.4660
1689.0020
1716.5050
1723.5480
1728.9420
1699.3460
1755.5690
1817.0610
1763.9450
1675.8580
1675.7690
1695.2550
1733.4240
1640.5680
1662.2630
1605.6110
1592.0100
1592.6120
1563.9700
1671.5690
1694.6480
1676.7900
1620.1290
1648.1510
1634.0770
1628.3360
1626.0180
1656.1840
1705.5120
1702.2960
1733.8000
1726.2110
1767.0490
1776.1170
1747.4190
1811.8730
1825.6310
1817.4070
1830.2800
1852.0190
1878.3960
1892.7270
1894.1240
1816.3330
1847.1650
1895.1590
1939.5580
1949.0220
1943.3500
1943.2140
1920.3090
1956.7770
1930.5720
1874.7510
1876.4240
1860.7480
1827.4710
1826.1360
1901.0680
1895.7000
1957.9400
1960.9800
1980.2000
1991.1670
2022.9530
2000.7750
2035.9760
2053.8020
2021.5600
2022.3010
2029.0600
2050.0460
2019.4100
1972.4680
1967.6610
1970.9800
1945.4960
1991.2850
2076.8770
2074.7570
2149.5770
2174.0150
2160.4160
2186.4740
2197.1450
2212.1910
2196.7260
2156.5340
2217.3800
2207.6220
2236.0760
2283.5320
2309.2240
2320.7500
2331.5050
2336.0800
2335.9230
2344.3980
2391.0700
2380.9000
2440.8970
2481.0710
2508.2820
2549.4900
2516.9890
2502.1540
2531.9810
2519.0750
2467.4850
2548.7690
2576.7760
2598.0740
2604.3540
2652.0260
2622.7120
2677.1510
2717.2300
2743.0250
2805.0390
2799.3120
2671.5930
2754.1890
2816.8860
2837.7370
2810.2590
2761.9570
2698.2550
2634.4880
2611.9930
2614.8500
2493.4810
2528.6440
2463.5230
2331.7180
2342.8090
2230.7190
2333.4860
2367.5670
2368.0520
2259.5500
2292.4880
2276.0120
2193.5180
2046.5890
2076.6840
2123.5050
2230.5170
2237.4920
2253.8050
2294.8860
2305.0000
2284.0710
2356.9800
2384.6220
2385.3300
2336.6150
2383.0330
2296.3190
2290.2560
2233.0800
2199.0850
2234.7050
2226.0030
2162.1530
2177.4340
2198.4070
2308.6820
2293.8220
2331.6430
2352.2410
2363.5980
2358.9680
2413.0130
2455.1840
2450.4560
2428.9720
2481.5420
2484.5240
2413.2160
2409.3180
2349.0150
2376.0320
2461.6210
2487.7260
2502.4540
2505.1400
2512.4160
2518.9850
2520.5710
2511.6760
2508.5030
2523.9890
2601.5070
2605.8130
2605.8360
2602.8450
2583.0120
2594.0390
2523.2840
2566.2140
2459.2020
2388.9420
2467.4780
2491.9010
2513.3180
2497.2730
2587.1460
2594.9670
2552.6700
2495.0300
2509.7470
2507.1960
2553.8110
2524.8560
2512.5770
2464.8020
2424.6850
2413.0740
2357.2690
2370.0800
2430.3630
2406.5970
2446.2180
2471.3570
2541.8060
2553.8000
2514.6460
2543.9910
2514.0140
2463.7580
2466.1650
2478.8100
2508.0390
2399.6420
2422.7710
2427.8070
2421.1880
2432.7130
2359.4850
2377.7530
2380.0550
2353.4710
2311.4470
2264.6050
2252.6100
2243.9940
2208.9360
2214.0330
2277.7980
2261.3580
2219.6000
2211.1350
2229.0380
2259.9900
2265.1380
2284.3860
2269.0450
2227.9520
2251.7000
2282.6400
2274.3250
2311.0750
2302.1850
2311.8410
2261.9260
2267.9390
2284.6820
2302.3930
2292.5030
2300.0430
2274.5320
2240.7310
2261.5150
2307.0830
2294.9470
2310.5460
2316.6310
2292.0040
2291.8330
2259.1410
2292.6730
2363.9760
2368.5100
2350.8180
2376.5970
2379.1940
2378.5750
2362.2810
2325.6720
2345.7540
2317.3830
2364.8370
2366.6110
2366.5720
2329.1200
2210.8200
2204.8120
2238.5010
2196.2240
2185.1550
2170.3190
2131.8410
2126.5290
2124.3920
2149.4530
2109.8120
2110.0450
2007.0120
1980.1680
2007.5220
1967.6600
2001.1310
2041.5560
2019.7300
1927.6920
1968.3700
1956.2200
1925.2440
1943.4290
2007.7630
1958.4580
1957.9430
1982.9520
1973.6220
1926.1090
1911.4320
1907.9020
1895.1470
1894.4500
1853.3630
1845.1300
1906.8960
1873.8240
1883.1960
1882.1330
1870.8710
1933.6160
1930.0020
1913.6260
1914.6460
1915.9100
1910.4690
1833.0370
1819.1090
1799.8810
1812.5800
1797.6600
1826.3950
1829.5570
1828.1310
1870.3030
1887.6710
1859.1520
1873.0380
1840.6680
1839.2190
1878.5280
1909.9650
1914.3300
1933.8770
1945.4510
1951.8700
1936.0740
1983.6280
1993.8700
1986.7600
2015.6550
1978.4140
1981.5250
1954.3360
1979.2280
1988.0170
1934.5870
1939.8440
1914.4510
1930.6710
1971.2950
1979.7890
1974.6640
1994.1620
1967.0610
1962.7780
1960.0550
1914.9970
1914.6360
1917.5810
1942.5590
1923.9070
1917.3300
1935.9220
1929.1860
1975.6770
1973.1400
1956.3300
1918.2860
1915.6450
1922.1420
1925.0140
1893.0270
1858.4490
1857.3100
1860.8540
1864.4140
1881.5450
1863.8810
1868.7490
1913.1090
1990.0140
2066.9480
2091.7810
2125.6140
2160.8370
2254.3920
2241.7220
2278.3530
2285.2140
2245.2480
2231.0570
2294.4510
2272.2080
2225.3710
2224.2380
2189.4790
2238.4710
2231.7040
2226.4680
2254.7630
2279.0040
2289.9640
2257.3480
2226.1600
2252.2830
2130.5810
2126.6970
2032.4980
2013.6070
2037.4620
2039.4450
2019.6680
1981.2610
2014.1550
2041.3370
2018.3970
2011.8980
1979.8910
1984.3050
1998.1490
2008.1200
2032.0300
2046.7230
2018.4610
1996.3840
2021.6510
2074.3340
2069.9210
2054.0170
2036.5540
2032.1380
1999.5250
2049.2230
2021.9760
2017.6650
2013.2500
1977.6920
1950.3290
1953.3340
1946.5150
1977.3660
2015.1120
1999.2190
1984.2780
2006.3740
1975.7440
1999.7640
2017.1490
2014.1670
1982.6230
1918.4220
1923.6950
1953.3520
1895.0040
1925.8380
1911.7540
1911.3060
1926.0360
1949.3720
1945.1410
1964.1060
1968.6870
1943.0010
1975.9800
1976.4730
2047.6940
2042.6440
2051.4880
2046.9750
2030.3180
2046.0850
1991.0130
1995.6790
2002.8320
2006.6600
2021.8490
2035.3650
2040.8920
2051.6490
2080.1430
2123.2800
2123.7810
2120.2110
2071.7240
2049.1130
2053.5200
2018.3890
2048.9300
2023.0470
2034.4850
2036.2310
2054.7530
2074.8080
2064.1650
2096.2860
2103.0430
2097.5640
2101.4400
2083.7480
2126.4510
2175.7780
2174.4010
2185.3160
2175.9640
2165.8330
2199.2290
2190.1470
2201.0860
2201.3710
2151.9570
2144.2740
2160.6990
2151.6690
2127.4620
2118.3260
2113.0120
2111.4890
2113.8710
2114.4170
2056.6990
2050.0690
2037.7480
2036.7640
2057.6660
2048.3420
2021.2830
2043.2590
2019.5360
2033.7800
2053.6370
2046.1130
2052.5440
1993.0670
1995.2730
1971.0970
1974.3280
1976.6930
1980.7400
2010.5640
2002.6590
1963.0520
1974.9510
1984.4460
1980.6720
1947.8750
1951.0310
1945.7200
1970.0990
1952.0760
1927.0470
1912.3790
1904.8000
1923.8160
1923.5620
1950.8740
1997.2980
1994.5830
1993.7230
1960.7710
1989.4330
1986.0300
2033.8550
2029.6230
2017.1720
2006.1410
2014.7330
2010.6890
1968.0760
1998.4130
2005.7520
2012.0320
2002.8260
1988.2970
1983.6680
1961.3020
1964.8280
1909.8130
1914.1540
1918.7870
1900.2190
1908.2130
1909.9520
1894.3230
1893.0030
1895.4300
1850.1430
1794.4310
1801.8220
1814.6670
1840.2890
1838.1590
1872.3890
1862.8920
1858.3030
1824.8570
1806.2830
1790.1360
1821.1920
1806.7900
1878.4790
1876.3340
1836.8770
1835.0720
1841.5390
1840.3710
1820.6760
1786.4650
1779.5180
1813.8640
1799.7840
1800.9340
1783.1810
1787.1150
1779.6840
1784.9340
1749.7050
1757.6410
1808.3700
1750.6110
1740.3220
1689.9310
1710.9870
1695.8370
1689.5380
1684.4970
1669.3480
1675.4200
1737.3580
1746.9350
1745.2140
1757.0560
1709.2830
1708.9460
1674.0270
1676.0970
1729.0330
1751.6770
1765.6300
1774.5060
1807.0560
1792.0510
1795.3920
1825.4530
1819.0420
1831.7550
1809.7980
1808.6090
1821.7560
1781.9110
1779.5140
1816.0570
1808.1760
1755.4150
1748.4470
1720.7640
1721.3860
1722.2340
1701.0650
1704.6910
1691.6710
1693.6680
1716.0950
1662.7480
1713.0480
1704.4570
1694.4960
1689.0100
1702.4540
1701.6800
1692.0610
1678.6980
1645.8150
1637.0090
1599.0120
1628.9990
1625.2570
1624.4450
1604.2510
1608.2380
1617.9440
1601.4670
1590.9950
1594.8350
1596.5870
1617.6130
1595.1200
1596.5930
1608.3580
1659.0540
1704.7440
1694.2640
1701.4520
1685.9130
1661.9940
1736.6060
1714.6990
1750.5210
1775.0910
1742.8180
1744.7080
1713.6840
1761.9410
1772.1920
1764.8180
1732.0240
1782.0590
1778.0970
1778.3170
1768.5390
1758.9840
1773.1690
1761.8770
1765.6520
1769.4120
1779.9400
1795.2600
1799.6440
1826.7160
1828.4080
1839.0550
1822.7690
1818.2790
1843.8480
1827.9380
1794.2640
1776.3630
1798.1000
1811.4860
1796.9370
1813.2010
1776.4070
1760.4760
1780.0760
1778.9810
1755.7250
1758.6240
1760.3350
1747.9160
1749.8880
1749.1850
1708.8530
1688.0900
1705.6330
1735.2830
1737.5120
1721.4260
1736.2400
1734.5940
1770.9470
1777.0680
1770.6790
1749.4000
1789.6270
1791.3820
1815.8820
1799.9070
1808.8590
1819.2170
1822.2060
1822.5420
1862.7550
1864.2950
1876.6580
1866.6190
1862.4010
1830.1320
1829.6070
1815.7320
1800.5030
1801.0640
1774.2430
1801.1100
1775.5720
1784.9430
1810.4110
1801.4660
1789.4340
1776.3760
1800.9130
1824.4290
1818.3850
1804.5930
1808.5270
1760.9550
1763.7000
1768.5750
1757.7660
1738.5870
1756.0310
1745.4540
1771.4220
1756.3010
1769.4920
1776.2440
1764.8810
1763.6310
1735.3360
1704.5670
1700.4990
1695.0310
1681.3840
1708.8560
1706.1680
1710.4120
1712.9370
1695.3560
1711.5790
1668.0220
1664.4240
1672.2520
1680.0500
1685.0190
1657.6230
1669.7060
1665.8650
1674.2680
1658.3000
1629.0650
1632.9520
1627.9590
1624.4640
1630.3100
1625.6360
1631.8850
1645.6160
1634.5530
1641.5990
1658.3710
1657.9110
1662.7680
1671.9540
1665.1750
1632.0010
1633.1430
1610.4130
1605.2760
1606.0030
1596.1950
1598.5000
1591.3340
1596.5740
1588.1110
1557.1650
1570.4400
1554.4030
1560.2860
1551.1990
1560.0800
1548.0420
1537.5310
1550.9710
1619.2130
1620.0270
1605.0730
1607.9890
1597.1600
1614.7000
1582.0950
1564.9820
1569.0690
1540.9560
1545.9640
1553.9730
1553.7010
1541.1400
1587.9560
1613.0920
1596.1440
1627.6570
1625.3280
1615.7470
1618.6590
1612.9550
1614.1380
1617.6640
1639.6670
1637.7650
1643.3420
1625.8100
1623.6410
1612.9470
1584.6970
1571.5250
1576.3210
1587.0520
1617.7320
1626.6070
1624.7090
1619.7390
1617.8340
1591.6150
1591.8520
1600.8780
1575.2590
1581.9460
1563.6980
1551.5580
1550.8910
1540.4880
1562.9740
1554.7540
1568.7530
1563.1980
1552.9200
1542.0740
1532.9210
1547.7590
1532.1760
1545.9540
1601.7360
1600.4150
1634.9190
1653.2840
1645.0090
1657.1280
1635.6260
1728.0610
1738.8520
1744.8540
1744.0180
1751.9360
1737.9890
1746.4380
1798.8820
1800.5640
1786.7790
1817.8520
1857.6800
1870.5000
1880.2620
1857.6880
1855.3420
1855.4870
1818.9840
1893.1000
1900.0510
1877.0000
1854.9360
1886.7940
1898.4380
1898.5020
1910.1350
1900.1760
1886.4540
1957.3950
1982.6230
1989.3150
1993.2520
2055.7240
2065.3940
2068.9520
2078.4940
2048.5750
2042.4220
2014.5770
1981.0740
1978.3030
1897.8960
1883.4750
1890.7650
1865.1290
1889.4760
1956.6060
1944.4230
1841.6240
1916.7090
1933.6990
1902.3740
1901.4810
1879.8180
1854.6180
1835.6120
1838.3580
1841.3200
1811.2390
1830.9590
1905.7650
1902.2950
1904.4620
1901.9320
1861.2590
1868.4400
1791.6430
1793.1940
1784.0710
1783.2170
1789.6660
1773.1030
1788.6330
1787.9280
1784.1280
1774.5050
1759.8020
1772.6430
1761.6170
1768.1500
1827.9830
1823.9470
1760.6770
1793.8850
1778.2940
1766.0370
1763.0500
1795.4890
1816.5980
1817.9250
1824.3770
1807.8620
1819.1170
1810.7240
1785.5750
1789.4310
1821.4530
1843.8090
1861.2520
1851.0840
1858.1980
1823.7370
1829.1410
1827.2630
1870.0940
1861.7020
1855.4560
1841.3660
1838.6400
1819.5030
1806.8210
1784.7020
1760.2240
1700.8020
1704.1470
1692.4760
1704.2220
1687.6130
1631.5540
1633.1640
1525.1660
1526.8030
1509.6820
1512.2040
1552.3830
1549.3740
1541.3410
1522.9110
1535.3210
1542.0490
1506.7270
1505.2990
1546.7430
1635.6600
1587.5890
1604.6620
1606.3410
1582.1410
1549.3480
1511.4000
1514.0520
1555.8370
1532.3530
1529.2990
1521.6120
1484.2100
1500.9380
1504.1670
1537.8100
1536.5050
1554.1880
1556.2970
1551.1550
1544.6240
1553.0440
1610.2650
1619.7430
1610.2180
1595.1520
1592.7940
1608.8650
1594.5400
1588.0810
1582.6180
1566.2930
1601.3790
1602.0020
1592.8690
1588.1530
1589.7770
1591.9340
1614.5370
1613.5370
1609.6040
1625.8540
1713.3850
1737.5810
1741.3180
1772.6640
1749.2440
1738.2480
1698.6290
1700.5870
1713.0840
1673.5580
1661.6070
1632.6950
1639.1520
1643.0550
1659.7130
1668.4760
1637.9330
1669.2680
1662.1680
1656.2590
1634.2230
1627.1770
1636.8000
1657.5830
1640.0660
1638.4990
1621.6050
1611.5190
1610.6860
1633.7210
1653.4170
1631.0470
1644.7520
1638.5120
1633.6620
1614.2140
1610.5840
1587.4400
1591.1390
1610.7770
1569.2450
1572.7290
1604.8230
1675.1590
1659.5300
1663.7590
1648.0860
1642.4960
1633.7820
1630.9400
1648.7890
1664.6250
1661.4090
1678.8670
1681.5090
1699.1760
1692.3800
1675.2550
1669.8720
1670.5530
1639.1820
1631.9140
1626.4100
1602.4550
1597.2650
1598.6780
1580.1130
1537.4130
1541.2650
1539.5990
1547.3590
1524.8830
1550.2210
1547.9190
1574.7810
1561.0990
1536.0670
1512.9300
1510.6540
1515.3330
1503.8810
1498.2680
1494.6130
1499.2850
1488.5090
1493.0940
1475.6710
1464.8420
1478.8840
1514.1210
1499.0310
1502.0650
1478.8650
1487.8030
1494.4900
1477.3450
1475.3430
1505.8340
1528.3220
1527.0010
1528.0150
1534.2390
1538.1050
1508.5410
1533.3960
1520.1380
1505.3310
1468.0600
1440.8920
1444.1980
1452.4610
1464.3210
1462.6860
1464.2840
1448.3310
1459.5080
1455.5850
1408.8730
1412.7330
1418.6980
1437.3920
1426.3950
1434.1570
1427.6300
1418.7070
1406.9150
1464.0800
1477.5320
1470.1210
1467.0800
1464.5300
1472.0470
1465.7830
1473.1420
1491.3030
1477.4880
1490.3340
1534.7470
1530.8750
1570.3970
1565.3080
1557.7000
1523.2200
1527.0540
1520.5620
1521.2780
1493.7560
1509.5470
1507.0410
1510.2850
1501.0460
1483.7760
1496.0090
1494.8080
1487.5320
1485.2500
1476.1760
1478.7170
1480.7370
1508.3870
1503.5170
1500.8250
1488.7710
1487.7350
1459.2120
1460.8200
1474.1390
1471.5520
1484.3750
1486.0490
1479.7330
1491.7560
1484.3070
1482.0960
1477.5220
1466.3870
1484.2410
1472.2680
1475.3470
1493.5330
1488.7640
1483.8610
1502.9610
1518.7050
1501.9390
1495.4310
1478.0380
1484.4790
1475.7600
1480.1280
1469.9540
1478.0060
1473.7560
1482.4050
1481.6630
1484.8410
1489.5450
1492.4630
1492.8360
1491.9640
1475.1370
1471.1680
1468.5410
1482.7770
1484.6620
1483.1760
1473.6680
1478.7550
1479.8370
1495.9270
1506.7550
1541.8990
1557.0150
1609.4770
1611.8520
1601.3770
1621.8470
1607.9740
1644.6340
1632.4080
1619.0120
1593.4190
1595.6620
1619.2530
1607.9100
1610.1390
1596.8390
1612.0040
1613.1270
1609.0930
1600.3380
1587.0250
1594.1830
1577.4250
1573.3910
1572.7910
1563.8890
1581.2840
1586.0220
1607.4990
1624.0320
1637.2870
1656.2370
1645.1120
1629.9850
1622.8150
1630.2040
1624.0680
1600.9160
1604.9160
1609.8690
1619.5810
1583.8860
1595.6420
1625.7310
1618.5240
1616.0880
1621.8160
1619.6970
1633.5710
1634.0420
1621.7130
1605.9860
1600.2990
1612.7720
1608.7350
1608.5160
1612.4020
1600.8440
1597.1250
1586.5570
1583.4190
1559.9060
1585.7440
1608.4020
1619.0960
1657.2860
1651.0520
1645.6240
1637.6250
1635.9640
1640.3230
1689.0240
1710.8820
1731.0210
1726.3370
1728.8050
1708.0960
1679.4230
1671.6540
1676.5980
1714.7110
1758.0960
1777.6730
1820.4890
1853.0040
1914.4400
1920.3800
2021.5400
2037.5850
2160.6600
2200.2530
2298.8490
2182.6930
2254.8230
2193.5420
2193.2870
2201.5360
2299.2780
2383.9480
2364.0410
2390.2800
2426.6840
2374.9540
2270.8830
2359.6550
2464.8190
2481.6630
2523.6270
2581.5670
2649.6390
2629.4020
2635.2310
2558.1070
2569.0190
2543.8520
2527.8280
2534.2300
2632.8900
2653.0340
2410.2010
2403.7240
2542.3180
2544.3080
2564.5140
2562.3630
2522.1030
2486.2850
2442.0380
2405.3800
2332.5330
2405.7600
2372.4550
2348.9210
2325.2410
2366.7660
2403.5480
2415.1280
2416.4490
2427.4740
2431.2100
2445.2600
2407.4570
2478.0610
2474.5950
2479.2370
2396.8050
2397.9930
2366.8990
2371.6230
2429.8670
2395.4280
2408.5030
2485.1140
2495.2770
2550.8610
2583.1980
2649.6420
2630.2430
2680.6790
2720.6710
2683.6470
2649.1610
2687.7620
2689.2400
2784.4560
2754.6580
2799.4510
2781.6410
2817.1810
2889.4520
2952.0790
2931.7720
2986.6050
3041.1250
3052.4070
3053.3040
3183.3020
3235.3320
3164.4610
3214.3640
3299.2210
3273.3980
3223.9580
3308.4540
3282.3300
3283.2820
3250.4900
3272.0050
3148.8130
3139.0200
3094.8830
3110.4550
3169.1340
3188.3130
3141.2960
3128.5720
3060.4110
2998.3890
3116.0860
3122.8500
3150.9010
3248.8550
3349.9450
3386.5930
3344.7380
3124.6210
3111.3340
3244.3190
3258.3100
3238.4280
3299.0300
3303.9880
3458.7070
3413.9960
3370.3833
3347.1161
3350.2482
3262.4793
3179.6524
3211.7065
3068.4878
2903.0573
3003.1629
3045.2444
2943.9898
2736.6950
2678.3683
2870.0253
2736.8473
2714.2469
2582.2655
2749.9982
2812.4457
2608.9765
2781.0767
2898.4101
2869.0511
2763.0728
2757.9508
2742.8468
2807.0649
2783.7614
2772.7737
2739.7856
2790.7639
2741.0438
2493.2903
2485.6742
2531.4449
2467.3671
2461.2401
2479.7243
2534.7111
2487.0616
2467.5246
2503.7961
2617.6592
2590.7101
2561.1265
2580.7779
2577.0381
2550.4668
2407.9666
2430.2809
2356.9173
2271.3586
2058.2515
1914.0515
1942.4498
2094.7223
2159.9579
2210.4467
2230.3210
2243.6313
2133.9783
2180.1306
2211.1995
2208.4814
2195.3905
2228.1535
2175.1725
2241.9486
2194.8233
2198.9898
2214.4483
2237.3135
2178.5460
2188.0879
2183.4036
2169.9410
2127.2026
2146.1180
2191.3432
2219.2937
2283.4292
2270.9481
2253.9082
2297.9014
2323.7752
2318.4716
2337.0801
2340.3603
2331.7909
2343.9648
2350.0196
2349.9042
2310.7026
2307.3450
2312.9738
2280.0924
2271.6533
2370.5032
2440.6507
2493.4843
2534.0841
2522.6834
2505.8297
2476.4292
2447.7733
2447.2933
2453.2569
2439.4469
2468.4880
2466.7568
2456.8404
2447.9039
2459.5633
2450.9624
2334.4400
2336.2903
2344.8327
2458.4105
2461.4492
2397.5621
2395.5835
2364.3437
2369.7377
2357.2086
2342.4527
2414.9166
2383.8318
2376.5351
2408.3212
2422.8345
2500.0640
2496.0540
2503.0590
2481.7542
2492.3364
2411.4081
2432.8795
2432.7730
2420.8008
2270.4609
2288.1127
2317.6465
2180.5889
2219.6119
2120.2342
2131.3679
2105.5066
2132.0757
2070.9283
2069.2746
2128.5743
2088.7229
2040.9775
2061.9621
2065.4437
1951.6136
1953.4647
1912.7205
1973.0052
1937.0729
1969.6161
1952.3665
1974.2364
1967.2595
1948.2752
2000.9027
2014.4428
2009.2727
2004.1065
2053.8631
2029.5223
2041.3881
1932.6015
1955.3953
1944.6111
1973.1936
2043.4067
2053.2726
2122.2692
2107.6731
2115.1580
2111.9188
2061.4510
2070.7239
2078.4096
2101.1167
2136.1277
2131.4813
2141.1770
2193.3853
2173.2560
2175.2834
2137.5900
2149.2039
2123.0349
2106.8616
2157.5295
2156.5410
2167.7824
2180.2624
2168.0372
2139.4042
2123.8041
2148.4394
2143.8961
2171.3150
2178.8677
2182.0667
2158.2302
2163.6070
2154.8859
2147.7184
2157.7235
2148.2801
2155.7914
2145.3804
2142.0569
2135.5087
2158.2717
2152.9337
2152.8822
2107.0089
2072.4670
2072.3818
2078.4126
2084.8384
2076.1879
2082.6159
2075.4651
2078.7593
2073.8041
2083.1174
2082.4118
2066.6428
2071.9071
2076.1366
2074.9195
2092.1606
2155.6557
2138.9632
2137.6519
2152.6368
2136.3228
2139.0690
2132.9630
2084.3001
2095.0228
2106.6312
2094.8146
2102.2006
2104.2202
2104.5582
2115.7685
2105.5324
2076.2999
2095.8930
2102.0531
2122.9696
2122.6330
2127.0939
2163.2922
2168.8551
2167.1010
2166.8843
2148.7606
2155.7160
2200.3482
2197.7879
2195.2265
2192.3939
2187.9829
2175.3972
2167.1205
2177.7781
2157.2315
2159.5537
2182.5050
2173.9725
2163.8087
2155.2387
2147.5582
2148.4547
2145.7877
2143.8436
2148.6819
2159.6726
2175.3450
2170.1028
2177.0644
2222.4884
2287.6559
2257.6988
2253.7364
2244.7198
2249.3415
2237.1276
2241.9516
2232.2134
2222.1523
2219.3076
2214.2593
2224.0621
2232.7117
2220.4031
2229.8930
2228.7184
2232.4508
2236.5455
2236.6259
2229.3097
2199.9764
2193.1932
2176.5230
2189.4611
2184.2066
2187.1542
2200.6981
2196.2903
2167.2640
2176.4476
2166.7226
2175.3696
2177.3524
2202.8725
2209.2276
2200.9969
2202.1167
2209.8145
2192.8845
2222.7832
2221.5341
2223.4242
2240.7496
2270.9504
2266.1718
2257.1164
2250.2589
2253.8017
2250.4693
2263.4785
2244.7436
2273.6329
2271.9263
2276.9543
2282.4184
2263.9243
2289.4491
2308.4288
2317.7726
2310.9010
2309.9426
2316.7211
2307.2741
2334.6776
2353.0023
2360.3355
2368.7336
2393.9464
2403.1352
2441.5786
2419.4136
2431.3063
2416.5077
2375.2578
2368.6823
2376.9191
2379.0013
2411.3144
2387.1588
2372.9307
2360.3788
2309.8159
2302.3152
2291.3842
2279.6828
2297.3706
2292.0412
2278.4779
2294.7094
2286.9617
2277.1759
2275.1064
2286.8984
2307.8917
2322.2059
2322.6843
2308.9363
2318.3365
2312.5985
2300.4749
2295.4033
2308.0552
2337.3944
2329.5950
2342.7751
2334.9572
2347.1829
2347.1047
2352.4242
2358.6974
2364.0244
2339.9894
2343.9673
2337.5346
2346.4263
2354.9009
2368.1834
2379.3057
2373.5138
2372.1920
2376.7626
2362.7086
2394.1201
2396.8843
2398.1922
2387.4172
2389.8774
2370.5594
2370.7070
2371.9252
2354.9134
2347.1456
2349.8889
2356.2933
2358.0740
2346.5527
2339.2339
2354.8904
2354.8998
2357.3071
2369.1940
2346.9602
2350.0671
2357.1359
2338.5468
2347.4342
2365.6043
2364.4277
2356.3135
2352.6937
2346.6672
2359.7520
2384.2636
2390.3893
2388.2714
2379.1574
2382.1093
2378.8628
2368.1061
2355.5204
2357.5233
2337.3507
2325.0424
2335.6472
2347.6745
2341.9296
2344.7410
2344.5049
2351.6403
2347.0391
2336.7917
2329.7661
2325.4332
2320.6020
2326.0968
2316.2944
2324.9219
2339.2903
2375.4495
2381.7516
2381.3170
2363.5591
2354.7530
2361.6616
2381.5525
2411.7999
2407.5706
2473.4953
2471.2141
2479.0780
2496.4482
2475.4636
2450.3457
2466.0064
2484.0334
2507.0335
2519.2731
2521.1681
2515.1427
2477.3173
2461.9740
2452.7899
2484.1159
2474.4253
2497.2544
2516.6729
2529.0983
2543.3213
2554.6996
2537.6363
2552.9754
2549.9676
2534.3675
2511.1507
2548.0993
2553.8793
2543.6576
2550.1147
2570.5919
2565.1428
2600.9535
2622.9835
2631.4144
2624.3081
2657.8882
2665.4483
2639.2128
2654.3785
2643.0733
2636.2005
2636.6262
2636.3937
2638.1244
2681.8054
2680.6314
2646.2164
2627.8026
2634.1759
2635.1841
2620.3807
2611.3412
2570.2565
2591.4536
2605.2415
2595.0017
2604.0837
2613.2647
2616.8248
2643.5032
2659.7804
2646.4016
2706.2421
2736.4617
2739.1290
2728.2308
2714.6313
2710.1186
2711.3475
2729.8476
2714.3309
2691.8290
2686.6899
2674.7502
2692.5401
2687.6707
2672.8364
2668.3759
2674.1759
2670.6914
2662.6266
2675.5508
2679.0529
2680.6516
2678.9912
2661.5532
2661.2832
2672.3272
2692.0769
2695.5374
2707.5221
2718.3508
2713.3767
2726.6423
2723.5345
2753.0105
2756.0354
2737.6411
2734.3683
2753.6492
2752.1394
2771.0435
2814.2720
2809.1069
2793.7119
2789.4022
2794.1017
2800.4688
2792.2237
2821.9558
2819.9571
2832.9612
2862.3432
2873.5145
2861.4234
2850.0504
2879.3977
2938.7983
2941.1532
2987.1731
3012.3552
2940.7256
2936.8339
2917.3060
2897.1070
2893.2825
2863.4469
2842.1841
2861.3609
2910.4755
2875.7315
2848.8880
2865.3407
2899.1036
2850.1969
2872.9400
2850.0458
2820.1666
2829.0585
2873.0302
2879.6434
2895.3659
2880.7725
2880.0968
2894.3358
2839.6346
2859.0537
2860.4363
2908.7318
2913.2596
2919.4787
2932.3558
2947.7613
2969.3175
2995.5641
2997.0448
3018.5957
3048.8075
3063.8609
3076.1819
3106.5516
3117.8212
3130.3299
3176.5042
3180.3318
3157.4592
3172.7776
3120.6951
3079.1178
3116.8331
3141.2300
3149.6414
3181.3393
3117.4905
3029.6011
2945.8438
2810.0273
2805.2110
2852.7169
2871.7873
2931.8815
2957.1710
2973.7855
2927.0968
2878.6666
2891.2982
2864.1834
2863.9909
2892.4752
2878.1506
2898.2542
2908.1974
2909.5793
2883.3771
2871.3340
2894.9828
2870.7318
2897.2558
2904.3972
2894.1835
2866.6702
2791.4674
2738.8680
2747.5872
2694.8259
2738.7906
2722.1530
2711.3735
2697.2720
2702.3692
2715.7318
2780.8036
2785.3386
2749.6986
2726.3956
2664.7045
2635.7032
2653.7691
2682.5518
2647.3763
2664.9175
2722.8474
2702.9802
2666.0239
2653.5436
2652.7311
2663.9752
2646.3548
2683.8487
2722.8800
2717.2393
2729.4001
2724.7162
2753.5353
2750.8309
2716.7818
2700.8768
2740.5347
2745.8041
2728.0004
2683.6934
2665.6758
2661.2911
2673.1985
2663.4034
2605.9005
2658.2917
2647.1867
2694.5770
2707.0168
2692.1807
2695.2374
2652.0823
2660.4084
2687.7018
2671.6265
2671.2975
2667.9751
2599.7801
2598.3280
2579.0517
2583.7080
2536.4599
2506.7166
2452.6386
2425.1758
2479.9115
2386.3765
2388.9763
2368.4251
2374.3553
2402.6170
2471.2851
2471.2299
2432.2785
2474.6247
2476.8642
2448.7650
2430.4445
2420.7591
2426.1628
2493.7650
2526.8127
2563.5835
2563.6871
2530.9913
2525.0915
2541.3081
2545.1243
2490.2454
2440.3127
2413.5032
2406.5365
2479.7796
2446.9978
2504.6172
2503.2058
2478.5086
2469.2002
2408.7219
2405.1638
2374.1729
2409.1289
2452.3833
2450.1537
2461.0673
2471.9989
2522.3395
2511.1452
2503.4801
2479.2095
2474.4765
2465.8797
2500.4376
2441.2299
2416.0328
2437.6770
2413.4258
2398.7678
2381.3883
2415.3115
2425.4208
2399.8807
2458.7677
2487.0771
2487.4223
2573.6031
2547.7911
2582.7666
2575.4485
2606.6676
2486.8222
2491.6628
2494.0558
2390.5025
2444.1305
2412.4791
2415.4920
2429.2145
2369.0679
2446.3196
2540.1521
2464.8117
2477.4883
2485.0987
2468.9096
2389.5766
2415.6485
2451.1207
2460.1619
2542.7680
2511.5897
2499.6793
2482.3343
2485.9978
2434.2120
2444.9673
2462.9726
2429.9857
2459.1411
2461.4445
2492.0842
2446.7911
2451.2723
2437.6387
2399.2026
2401.8978
2394.2943
2421.1336
2401.8524
2428.0445
2488.0567
2496.1425
2481.7917
2434.4908
2430.7223
2408.6063
2415.5777
2423.3178
2457.9046
2423.3814
2425.9446
2397.8676
2369.5483
2334.9217
2306.1451
2309.2327
2297.3326
2281.5579
2276.0571
2293.0985
2262.7908
2269.2430
2314.6466
2314.3193
2305.1708
2332.7192
2331.8507
2354.4987
2331.1358
2378.3696
2381.2178
2371.3481
2417.3630
2432.4870
2401.2330
2397.0493
2411.5621
2441.6400
2437.0261
2455.8968
2440.0146
2483.4709
2499.6442
2527.4736
2533.1817
2580.6116
2576.3062
2517.4622
2582.8512
2579.0463
2588.1660
2577.2255
2623.0736
2787.6987
2733.9005
2750.3391
2743.9716
2819.4681
2832.5878
2828.8685
2840.2717
2789.7001
2685.5920
2708.5982
2719.7727
2723.9618
2729.1324
2755.8053
2825.1837
2806.8964
2812.9179
2802.9647
2795.3909
2718.1807
2706.1537
2741.5907
2733.9743
2838.5054
2892.6190
2888.5304
2920.0013
2951.9848
2962.2749
2967.5136
2979.0985
2928.4268
2920.5151
2924.9257
3023.0253
3017.4162
3004.9245
3042.4321
2970.4880
2978.8451
2974.8473
2927.9950
2892.8568
2939.4050
2945.2438
2805.0354
2806.2577
2758.2435
2698.7804
2793.7589
2741.1118
2724.7337
2783.5439
2791.4146
2735.2124
2715.4315
2739.7852
2725.7343
2685.9336
2702.0252
2722.3345
2748.7987
2755.8081
2742.9635
2728.9459
2743.0644
2721.3139
2719.5949
2706.7621
2743.3745
2812.8986
2796.7319
2794.5361
2785.6055
2793.7037
2806.4540
2842.7358
2942.6287
2938.7729
2949.5176
2910.1212
2903.4868
2937.1283
2930.5982
3002.9395
2999.0759
2964.7309
2953.2719
2961.9222
2897.5121
2881.5517
2878.7812
2887.8313
2902.1295
2902.6099
2884.5610
2875.0299
2859.1646
2895.6249
2881.9038
2881.0982
2906.5502
2931.1758
2939.3547
2930.4891
2944.0250
2912.6612
2887.8665
2843.7704
2786.7196
2760.6799
2747.2491
2786.8715
2772.1492
2824.8041
2792.9137
2804.3553
2814.3881
2824.2258
2877.2312
2875.6530
2869.2196
2878.0047
2917.3773
2863.4793
2887.2385
2867.0269
2855.4504
2872.4010
2894.9575
2892.1821
2919.6782
2955.8399
2981.0728
2981.5862
2969.8048
2957.1439
2999.5617
2982.4481
2937.0077
2954.3577
2956.8294
2963.4349
2930.9132
2940.0806
2928.8351
2927.8766
2929.4659
2897.7027
2922.3480
2922.9797
2940.8002
2983.1198
3013.5334
3015.4202
3004.7233
3011.7535
2963.1753
2968.9051
2973.2173
2954.3052
2959.0317
2967.0517
2981.3615
2968.2831
2952.1181
2954.7340
3002.6488
3022.2749
3039.9772
3032.7916
3033.2991
3012.4594
2965.7075
2971.3606
2967.6702
2968.5686
2954.7013
2980.9457
3000.7451
2968.1238
2949.3369
2922.2669
2951.2474
2946.5669
2944.3218
2930.4816
2894.7154
2899.4390
2909.6232
2901.0663
2921.9474
2939.8184
2933.0421
2936.9931
2949.6467
2938.0443
3006.3127
2999.2015
3033.1423
3025.7847
3017.7128
3012.6257
2984.2426
2996.7650
2986.0036
3011.6361
3017.7787
3062.7500
3063.2190
3090.8331
3078.2793
3056.8359
3074.0152
3037.8525
3067.5456
3067.8810
3090.1284
3080.6016
3058.0078
3043.0931
3053.1729
3065.9906
3012.1123
3017.8785
2932.4932
2727.0931
2794.6606
2812.8993
2854.8878
2851.7105
2850.0642
2879.8575
2895.5859
2875.4794
2895.0644
2950.0699
2924.3981
2923.7633
2978.1829
2968.1381
2930.0332
2909.3240
2901.6734
2912.0364
2821.0419
2907.8863
2921.4435
2947.5666
3018.0701
2964.8348
2868.8297
2924.2165
2888.3612
2841.9824
2798.7695
2694.0229
2685.5907
2625.7470
2569.7891
2628.4161
2559.6192
2639.3834
2700.1865
2689.2803
2701.4447
2690.0420
2689.3790
2682.0795
2719.8864
2708.8246
2757.4064
2743.8865
2752.5880
2749.8466
2739.1666
2785.7200
2764.4883
2768.2616
2809.0757
2819.7938
2784.5328
2804.2373
2797.6612
2776.0245
2805.2202
2825.1393
2844.8143
2861.9077
2863.8452
2854.4230
2873.0125
2871.8476
2869.5973
2867.7123
2834.5328
2819.6911
2837.1721
2860.6682
2856.1398
2846.8239
2775.8096
2789.7095
2808.8419
2795.4807
2809.6648
2806.6643
2870.3558
2885.9208
2889.1086
2883.3633
2896.3495
2909.5867
2928.3043
2908.4753
2876.5130
2884.1157
2838.6074
2878.9924
2881.1321
2888.9575
2925.9356
2921.8915
2925.4160
2943.4733
2925.4834
2942.0741
3009.8611
3084.2381
3159.1583
3374.1362
3381.7608
3429.9449
3442.0205
3351.7800
3390.1150
3348.0312
3313.7646
3162.0251
3185.8909
3287.9150
3286.8146
3291.3605
3284.1103
3158.2854
3163.2306
3185.8904
3243.3849
3231.5193
3249.3375
3281.1012
3312.1336
3292.3094
3292.2003
3263.7455
3285.7602
3262.8244
3249.7381
3241.8446
3288.5141
3368.8488
3367.3313
3307.6593
3264.5329
3284.7267
3298.7205
3310.8389
3277.8901
3290.7855
3368.4384
3343.8881
3355.0960
3347.3042
3334.4119
3309.2096
3253.4259
3289.9142
3235.7032
3245.5017
3265.4966
3294.1507
3317.6402
3295.5836
3264.6864
3347.7784
3311.5936
3270.5190
3275.7387
3218.7160
3229.7769
3250.5018
3241.3230
3232.4183
3286.8572
3387.8848
3386.8930
3369.4978
3371.4014
3380.1689
3354.3075
3363.5030
3377.4246
3369.5300
3346.6080
3304.7036
3294.0881
3313.2314
3324.4397
3280.3835
3265.8963
3307.4846
3332.1901
3369.5029
3359.1193
3418.2753
3416.1408
3411.2295
3397.3544
3338.3101
3377.1100
3379.2742
3387.0447
3410.0937
3411.9323
3469.8046
3442.7229
3420.2916
3445.7388
3498.6589
3469.4178
3554.0139
3545.3401
3536.8144
3541.5209
3509.9419
3499.0572
3468.5269
3459.0346
3427.8565
3467.7669
3468.8286
3485.4049
3539.5401
3507.9743
3522.2620
3470.9024
3494.5868
3489.2742
3512.4862
3523.8369
3517.3500
3574.1307
3640.6389
3643.3592
3683.3634
3736.6480
3808.0695
3788.3191
3776.5293
3906.1225
3873.2285
3811.2242
3817.9345
3849.3982
3808.6940
3814.6537
3850.0559
3846.3945
3898.1473
3813.2902
3818.2682
3735.0337
3713.2471
3746.3717
3771.4700
3775.7224
3801.6178
3840.7663
3890.4654
3952.8276
4028.5289
4014.3241
4014.4564
3881.8681
3897.7164
3805.4719
3851.0290
3851.0290