1.080471
1.081180
1.081787
1.084116
1.084521
1.084724
1.084319
1.082294
1.078344
1.076117
1.074800
1.072876
1.071864
1.077231
1.077939
1.078446
1.075205
1.071661
1.070547
1.073079
1.075712
1.076564
1.076458
1.079122
1.080721
1.081573
1.077737
1.075818
1.077204
1.077630
1.078269
1.078056
1.078056
1.075285
1.073687
1.073260
1.073687
1.073580
1.073367
1.074113
1.074113
1.074326
1.074539
1.074966
1.074752
1.074966
1.075179
1.075392
1.075392
1.075498
1.075925
1.075498
1.075392
1.075179
1.075179
1.075179
1.077204
1.077097
1.076991
1.076351
1.075818
1.074219
1.074433
1.074006
1.074539
1.074646
1.075072
1.075392
1.075392
1.076564
1.076991
1.075072
1.074433
1.074539
1.074113
1.074219
1.074966
1.075285
1.075925
1.076244
1.076884
1.077737
1.078589
1.075179
1.077523
1.078589
1.078589
1.079335
1.080295
1.081680
1.079122
1.075392
1.076351
1.075072
1.073687
1.074326
1.076138
1.077204
1.078376
1.082426
1.083705
1.083385
1.083172
1.087435
1.084131
1.081254
1.080827
1.078376
1.078696
1.079016
1.079868
1.079016
1.076777
1.076884
1.076458
1.077318
1.078178
1.078824
1.080329
1.080867
1.080975
1.082911
1.082911
1.083341
1.085062
1.086352
1.085599
1.089364
1.090869
1.091945
1.093235
1.097537
1.095816
1.098505
1.099688
1.099150
1.105496
1.108400
1.096032
1.099150
1.107539
1.114638
1.117004
1.115068
1.108077
1.094849
1.094526
1.093665
1.084631
1.085922
1.080652
1.070650
1.071403
1.066886
1.070865
1.072371
1.073984
1.071833
1.073984
1.072263
1.064735
1.051291
1.052367
1.052367
1.052582
1.052797
1.052797
1.055055
1.054840
1.053227
1.056776
1.059895
1.060971
1.058605
1.061078
1.057959
1.059035
1.057637
1.056238
1.055270
1.054625
1.054733
1.054625
1.055486
1.055486
1.055163
1.055486
1.055701
1.055916
1.056561
1.058067
1.058282
1.057852
1.058067
1.058497
1.057852
1.053550
1.054195
1.050431
1.059465
1.061293
1.062584
1.062584
1.063444
1.065165
1.066563
1.069359
1.068607
1.072048
1.074522
1.077641
1.080437
1.081512
1.081943
1.082050
1.082695
1.077856
1.083126
1.080652
1.076350
1.080545
1.083126
1.086137
1.085814
1.083018
1.087428
1.088073
1.086890
1.086137
1.087750
1.085492
1.084524
1.083771
1.082050
1.081082
1.081728
1.080867
1.080545
1.081728
1.085814
1.087105
1.087862
1.087970
1.087862
1.087321
1.087105
1.086673
1.086564
1.086348
1.087213
1.087646
1.088078
1.089375
1.088835
1.088727
1.089051
1.089051
1.091430
1.089375
1.088619
1.089267
1.088727
1.086997
1.086781
1.085916
1.086673
1.086564
1.086781
1.086348
1.086132
1.085051
1.086564
1.087105
1.089375
1.088835
1.088402
1.091538
1.093376
1.093376
1.094457
1.094241
1.094457
1.091646
1.092186
1.093484
1.093700
1.093484
1.094565
1.094781
1.093808
1.093484
1.094889
1.095322
1.095862
1.095646
1.095322
1.097376
1.097700
1.099106
1.099106
1.099646
1.103755
1.107215
1.107106
1.107863
1.108620
1.106998
1.112945
1.114350
1.109701
1.108944
1.106566
1.107215
1.105377
1.106241
1.108775
1.110207
1.110317
1.109657
1.106792
1.107013
1.107784
1.107013
1.106902
1.108004
1.107343
1.109106
1.108775
1.109216
1.108004
1.108885
1.108665
1.107123
1.108555
1.109106
1.108996
1.110317
1.110428
1.108885
1.108555
1.109326
1.108335
1.106462
1.103487
1.103708
1.104369
1.105030
1.106021
1.106131
1.106242
1.105801
1.105691
1.104920
1.101945
1.102826
1.102937
1.102937
1.102826
1.102386
1.102716
1.102055
1.102606
1.103267
1.103157
1.103598
1.104259
1.105581
1.106572
1.108004
1.108665
1.109767
1.110648
1.109987
1.111419
1.111089
1.110538
1.112080
1.111199
1.111639
1.112521
1.112741
1.112741
1.112300
1.112521
1.113072
1.113292
1.113182
1.115165
1.116597
1.117037
1.122986
1.123647
1.123867
1.124859
1.124749
1.125850
1.127062
1.127613
1.128384
1.128935
1.129596
1.129155
1.129155
1.130036
1.131028
1.132350
1.132240
1.132680
1.134663
1.134994
1.134883
1.134663
1.134223
1.133892
1.131579
1.131028
1.129706
1.129155
1.130036
1.130488
1.129811
1.130149
1.130262
1.130036
1.131504
1.133535
1.134438
1.135002
1.135002
1.136582
1.138952
1.136921
1.138614
1.133422
1.130714
1.131165
1.134551
1.135115
1.133986
1.134889
1.136018
1.139065
1.136131
1.135905
1.137485
1.136808
1.135905
1.137936
1.137936
1.137146
1.133535
1.133196
1.134776
1.134325
1.133648
1.133874
1.131955
1.130036
1.129246
1.130149
1.130262
1.131616
1.128908
1.130262
1.131616
1.132519
1.132858
1.135905
1.135905
1.135115
1.139968
1.143805
1.144369
1.143692
1.144933
1.146401
1.147078
1.148883
1.147416
1.144369
1.142198
1.140598
1.139226
1.141741
1.145284
1.146998
1.148826
1.148941
1.148598
1.149741
1.149055
1.147684
1.142541
1.144255
1.143455
1.140826
1.140826
1.141626
1.140826
1.139798
1.137969
1.137740
1.138198
1.138312
1.138769
1.139569
1.139912
1.136598
1.136940
1.137626
1.137969
1.137283
1.137969
1.138541
1.136369
1.138083
1.132255
1.130883
1.131569
1.131340
1.133740
1.134540
1.134883
1.132712
1.136483
1.136712
1.137398
1.138426
1.137398
1.134426
1.132940
1.132940
1.134540
1.134883
1.136140
1.136026
1.147112
1.138998
1.137055
1.142198
1.142655
1.141398
1.141626
1.140369
1.140255
1.139226
1.139569
1.140255
1.141283
1.142426
1.142655
1.143798
1.144255
1.144598
1.142883
1.143569
1.143569
1.143798
1.143226
1.142883
1.143226
1.145855
1.143455
1.143798
1.144598
1.144483
1.145969
1.146426
1.147226
1.146998
1.148598
1.148712
1.148712
1.148598
1.148826
1.148941
1.149055
1.146884
1.147798
1.146769
1.146769
1.148026
1.147341
1.147455
1.146884
1.146655
1.147341
1.147341
1.147226
1.146769
1.146998
1.145969
1.145741
1.143683
1.143912
1.143341
1.142883
1.142883
1.142083
1.142883
1.143226
1.143912
1.143683
1.142883
1.143112
1.143912
1.143912
1.143226
1.142198
1.141855
1.141969
1.141741
1.142198
1.142198
1.141398
1.139341
1.139341
1.136369
1.134998
1.133055
1.131112
1.129969
1.129512
1.128026
1.129512
1.129512
1.126312
1.124940
1.123454
1.122312
1.122197
1.124940
1.124712
1.124712
1.126312
1.127112
1.128140
1.127340
1.126883
1.126997
1.126769
1.126997
1.126769
1.128026
1.127912
1.127340
1.122083
1.118540
1.118997
1.119226
1.117397
1.114540
1.114883
1.114540
1.114769
1.115226
1.114426
1.114540
1.114083
1.112940
1.112826
1.112140
1.112140
1.110997
1.110883
1.110654
1.110311
1.110083
1.110083
1.111226
1.113054
1.114654
1.113054
1.112254
1.114540
1.113740
1.116254
1.118883
1.121283
1.123797
1.121969
1.119683
1.120026
1.119226
1.118540
1.118311
1.120826
1.119683
1.119340
1.122426
1.123912
1.125054
1.129969
1.134198
1.138312
1.135912
1.137740
1.135340
1.132598
1.130769
1.132712
1.132598
1.131569
1.131340
1.132140
1.134426
1.133626
1.135912
1.137969
1.139569
1.138541
1.137740
1.138426
1.140369
1.141626
1.141283
1.140941
1.141169
1.139798
1.139112
1.136140
1.136826
1.135912
1.135912
1.136140
1.135226
1.135683
1.135798
1.136026
1.136483
1.136369
1.136483
1.138541
1.137855
1.139226
1.136369
1.139112
1.139112
1.139912
1.140026
1.137740
1.141283
1.142998
1.144483
1.146655
1.146312
1.146884
1.147226
1.147684
1.147684
1.147798
1.147341
1.148255
1.148255
1.148484
1.149169
1.149512
1.149512
1.150655
1.151112
1.151684
1.151341
1.152255
1.151798
1.152484
1.152712
1.153398
1.153969
1.154312
1.155112
1.156141
1.157627
1.159227
1.160027
1.159455
1.160255
1.161170
1.162084
1.162427
1.162198
1.162655
1.163236
1.163700
1.164629
1.164397
1.164629
1.165210
1.166487
1.166487
1.166603
1.166487
1.166835
1.167532
1.168345
1.169971
1.170551
1.170899
1.172293
1.173454
1.174615
1.175196
1.175776
1.176009
1.176357
1.177866
1.178679
1.179840
1.181118
1.181930
1.182163
1.182743
1.183324
1.184020
1.185790
1.187442
1.188622
1.188504
1.189801
1.190627
1.191571
1.191807
1.193223
1.195346
1.196998
1.197588
1.197942
1.199357
1.199947
1.200537
1.201599
1.202307
1.203015
1.205020
1.206082
1.206790
1.206908
1.206790
1.207616
1.205256
1.205138
1.205964
1.206082
1.206082
1.206200
1.206082
1.206200
1.207380
1.207144
1.207498
1.208324
1.208442
1.209636
1.209875
1.209516
1.209875
1.210113
1.210830
1.211069
1.210710
1.210949
1.211307
1.211188
1.210830
1.210113
1.209636
1.209039
1.209158
1.208800
1.207606
1.206054
1.201158
1.198173
1.198890
1.198293
1.197696
1.197696
1.197457
1.198173
1.198173
1.197935
1.198651
1.200084
1.199726
1.200203
1.199248
1.200442
1.200323
1.200442
1.200442
1.200442
1.200561
1.200561
1.200800
1.202352
1.202233
1.202591
1.202233
1.202352
1.202472
1.202949
1.202949
1.202949
1.202591
1.202949
1.203188
1.203308
1.203308
1.203546
1.204024
1.204502
1.204979
1.205934
1.206890
1.207845
1.207845
1.208203
1.209994
1.209994
1.209158
1.211069
1.210830
1.210591
1.211427
1.211307
1.210949
1.210710
1.210591
1.210233
1.210830
1.211069
1.211666
1.211904
1.212501
1.212860
1.213218
1.213457
1.213815
1.214770
1.215248
1.215486
1.215725
1.215844
1.216441
1.216561
1.216800
1.216561
1.217158
1.217635
1.218113
1.218352
1.218829
1.219426
1.219307
1.219068
1.219904
1.220262
1.220382
1.221337
1.220620
1.221098
1.221337
1.222053
1.222175
1.222662
1.222784
1.222906
1.223393
1.223515
1.224611
1.224854
1.225463
1.225342
1.226316
1.226438
1.228265
1.229239
1.229848
1.231066
1.230944
1.232162
1.233867
1.235207
1.235816
1.237155
1.238008
1.238495
1.238739
1.238495
1.238373
1.240078
1.240200
1.240931
1.241540
1.243123
1.243123
1.243245
1.243976
1.243976
1.244828
1.244950
1.244828
1.245072
1.244463
1.243976
1.244097
1.243245
1.243854
1.244950
1.244950
1.243489
1.244463
1.245559
1.245803
1.246290
1.246777
1.247629
1.247508
1.247629
1.247629
1.246759
1.246510
1.247381
1.247878
1.248624
1.249619
1.248873
1.249246
1.247381
1.248127
1.248873
1.249619
1.250241
1.251235
1.252479
1.253225
1.252479
1.252727
1.251733
1.252727
1.252354
1.252106
1.252479
1.250862
1.246262
1.246635
1.249246
1.251981
1.253473
1.255090
1.256333
1.257328
1.257701
1.257950
1.258944
1.259442
1.259815
1.260685
1.261556
1.262799
1.263669
1.263296
1.262799
1.262923
1.263545
1.264167
1.265659
1.265783
1.265534
1.265286
1.265783
1.264540
1.264291
1.263669
1.263172
1.259939
1.259566
1.259062
1.258935
1.254143
1.251116
1.250233
1.248089
1.249098
1.254647
1.257044
1.260197
1.261584
1.263224
1.265494
1.266377
1.266755
1.267259
1.267259
1.266881
1.267133
1.266250
1.266124
1.265242
1.263980
1.262971
1.262467
1.261332
1.260449
1.260449
1.260197
1.260449
1.260323
1.259692
1.260197
1.260827
1.261584
1.261710
1.261206
1.260197
1.260071
1.259818
1.259566
1.259188
1.252756
1.258053
1.257674
1.257296
1.256413
1.256413
1.256539
1.256665
1.257927
1.258431
1.259314
1.259692
1.260449
1.261080
1.261206
1.261584
1.261332
1.262341
1.262845
1.263097
1.263350
1.262845
1.263350
1.263476
1.264359
1.264737
1.266884
1.266253
1.266379
1.266632
1.267011
1.267895
1.269158
1.269158
1.269410
1.269916
1.269916
1.269916
1.270042
1.270042
1.269537
1.270547
1.270421
1.270168
1.268905
1.268779
1.269410
1.269158
1.268779
1.269032
1.269537
1.269032
1.268526
1.268274
1.267895
1.265242
1.265242
1.263979
1.263979
1.261579
1.260316
1.259811
1.258800
1.256906
1.256022
1.258043
1.257916
1.257411
1.257411
1.258927
1.261579
1.257916
1.259937
1.262337
1.259558
1.257285
1.258927
1.256401
1.257032
1.258169
1.258927
1.255769
1.255516
1.253874
1.249454
1.246043
1.247433
1.248443
1.249454
1.250969
1.251096
1.251222
1.251222
1.253243
1.253495
1.249580
1.249201
1.250590
1.249454
1.245791
1.242128
1.244528
1.245917
1.246422
1.246170
1.243138
1.243517
1.240359
1.241370
1.244780
1.247306
1.249454
1.251853
1.259937
1.262590
1.265621
1.265748
1.264358
1.265495
1.271431
1.275726
1.274842
1.276989
1.275473
1.277115
1.278757
1.278631
1.279136
1.280526
1.281284
1.282420
1.283052
1.281663
1.281536
1.281663
1.281410
1.282041
1.281915
1.282041
1.282926
1.284820
1.284568
1.284315
1.283810
1.286218
1.286091
1.286851
1.286725
1.286091
1.286344
1.288752
1.287739
1.286218
1.286978
1.287358
1.288119
1.288245
1.289133
1.286978
1.289640
1.288879
1.290146
1.289640
1.291287
1.291921
1.292047
1.292047
1.291921
1.292174
1.293442
1.293568
1.294836
1.295849
1.297370
1.298764
1.299398
1.300158
1.300665
1.302313
1.302947
1.303453
1.303707
1.303834
1.303707
1.303960
1.304214
1.304467
1.305228
1.309663
1.307002
1.307382
1.307129
1.308776
1.310551
1.312071
1.311184
1.312705
1.314226
1.314986
1.314986
1.312551
1.315114
1.314602
1.314602
1.314345
1.317806
1.319600
1.320497
1.321138
1.322675
1.323316
1.323829
1.322547
1.320369
1.322419
1.321009
1.322804
1.323316
1.323572
1.324470
1.325238
1.326648
1.326136
1.325110
1.322932
1.322291
1.323060
1.324854
1.325751
1.327930
1.328570
1.332287
1.333953
1.334337
1.336644
1.337798
1.339464
1.339848
1.340617
1.340745
1.342027
1.344718
1.345487
1.344974
1.347025
1.349331
1.349460
1.351254
1.350997
1.351766
1.351638
1.353048
1.353048
1.353560
1.354842
1.355611
1.356252
1.356636
1.356636
1.356508
1.357661
1.358943
1.359327
1.359840
1.359968
1.361762
1.361378
1.363428
1.365735
1.367786
1.368042
1.368554
1.368170
1.368301
1.368562
1.369606
1.369998
1.371956
1.371695
1.372217
1.372478
1.374697
1.377830
1.379135
1.381877
1.386445
1.389839
1.391406
1.392842
1.394669
1.395322
1.397149
1.400021
1.402110
1.406026
1.409942
1.415294
1.419080
1.422474
1.425607
1.430306
1.429131
1.430306
1.430045
1.428218
1.428740
1.426651
1.424954
1.421430
1.417513
1.427826
1.428087
1.427956
1.427695
1.428479
1.429523
1.429131
1.423910
1.419733
1.412814
1.406940
1.383182
1.376263
1.372739
1.370520
1.369345
1.365298
1.361774
1.359816
1.359816
1.361643
1.362818
1.365690
1.370047
1.374272
1.377573
1.378366
1.378498
1.382723
1.386552
1.389193
1.389853
1.392098
1.389589
1.391438
1.393154
1.393682
1.396851
1.398040
1.400284
1.401077
1.402661
1.403057
1.404113
1.403453
1.402661
1.401737
1.401209
1.399492
1.399228
1.399096
1.401209
1.400812
1.401869
1.403057
1.403849
1.405698
1.407414
1.411112
1.411376
1.414016
1.415073
1.415205
1.415997
1.415205
1.414941
1.416129
1.415601
1.417185
1.418902
1.420618
1.420883
1.421279
1.428013
1.430918
1.433162
1.432370
1.434087
1.438312
1.437784
1.436727
1.435662
1.433530
1.433796
1.430865
1.432198
1.437260
1.439259
1.439525
1.434462
1.431265
1.435262
1.439792
1.439658
1.438593
1.441657
1.444321
1.450849
1.453514
1.455379
1.455779
1.456179
1.458310
1.458044
1.463506
1.465105
1.467636
1.467636
1.467636
1.469768
1.472166
1.478960
1.483091
1.485622
1.493349
1.493349
1.493749
1.498945
1.500943
1.506006
1.510935
1.518662
1.521194
1.524258
1.511601
1.513866
1.526123
1.531985
1.532252
1.535982
1.537447
1.538380
1.540512
1.541444
1.540378
1.540512
1.538312
1.528823
1.531024
1.529236
1.516173
1.521398
1.525111
1.523736
1.516585
1.516448
1.524698
1.514523
1.510947
1.509435
1.514798
1.521398
1.521948
1.521810
1.523598
1.524561
1.524836
1.524836
1.526073
1.528136
1.530199
1.531024
1.532674
1.535149
1.537486
1.538312
1.539274
1.541199
1.541612
1.542987
1.544362
1.544912
1.546700
1.547937
1.549862
1.550825
1.549312
1.549037
1.549450
1.550000
1.551787
1.551925
1.552475
1.552612
1.553575
1.554400
1.554538
1.555225
1.555638
1.556050
1.556875
1.557150
1.557563
1.558250
1.558388
1.558525
1.558525
1.558525
1.559213
1.558800
1.559658
1.560087
1.560372
1.560801
1.560658
1.561230
1.561373
1.561658
1.562230
1.562659
1.563230
1.564659
1.564802
1.565517
1.566088
1.567232
1.567803
1.568232
1.568804
1.569661
1.570233
1.570519
1.571090
1.573091
1.573662
1.574806
1.575520
1.575949
1.576521
1.576378
1.576092
1.576092
1.576521
1.574377
1.572805
1.572948
1.572805
1.573091
1.573091
1.573377
1.573091
1.572519
1.572805
1.572805
1.573234
1.574091
1.574234
1.574377
1.575234
1.575806
1.576092
1.577235
1.578807
1.580236
1.580951
1.581379
1.582094
1.582094
1.582383
1.582961
1.583394
1.584983
1.585127
1.586427
1.587728
1.587439
1.588594
1.589894
1.589750
1.591339
1.592928
1.592206
1.588161
1.586427
1.588305
1.585705
1.587439
1.585272
1.587872
1.588305
1.591050
1.590617
1.592495
1.593361
1.592928
1.590328
1.592061
1.591917
1.587583
1.585561
1.583394
1.584983
1.584261
1.586861
1.586139
1.588161
1.588017
1.590183
1.592784
1.593650
1.594950
1.595817
1.598417
1.598851
1.599718
1.597984
1.598129
1.597840
1.598995
1.600151
1.600589
1.601319
1.602195
1.603070
1.604092
1.605114
1.605552
1.606574
1.606866
1.607012
1.607887
1.608033
1.608471
1.608471
1.608909
1.608617
1.609347
1.608909
1.608179
1.609201
1.609493
1.609931
1.611099
1.611099
1.610953
1.610369
1.610953
1.609347
1.608471
1.606282
1.605552
1.605990
1.605844
1.604822
1.602778
1.600443
1.597523
1.595772
1.596502
1.597377
1.598399
1.599859
1.600297
1.601027
1.601465
1.602340
1.603216
1.603657
1.603951
1.604686
1.605568
1.606009
1.606009
1.606450
1.606450
1.607920
1.607773
1.608361
1.608214
1.608507
1.609242
1.609389
1.609389
1.609536
1.609683
1.610124
1.610271
1.610418
1.610418
1.611153
1.612182
1.612623
1.612770
1.613946
1.612917
1.615121
1.614093
1.613946
1.617473
1.617620
1.617179
1.617767
1.618796
1.625410
1.626292
1.626145
1.627614
1.627467
1.628055
1.630407
1.631583
1.632465
1.632024
1.633934
1.634081
1.634375
1.635110
1.634522
1.636286
1.636874
1.635404
1.636433
1.637168
1.637315
1.638050
1.638932
1.639372
1.639519
1.641430
1.642753
1.643341
1.643635
1.644517
1.646280
1.645105
1.645105
1.644811
1.647015
1.646133
1.646868
1.645545
1.644517
1.644811
1.645105
1.645105
1.645839
1.645692
1.646280
1.645986
1.646280
1.646427
1.646868
1.647162
1.647162
1.647015
1.647165
1.647766
1.647466
1.647916
1.648967
1.649568
1.650019
1.650169
1.650319
1.650469
1.650920
1.652571
1.653322
1.653322
1.653623
1.653923
1.653773
1.654524
1.654223
1.654824
1.655575
1.657076
1.656776
1.656476
1.655875
1.656025
1.656476
1.656776
1.656776
1.658278
1.658578
1.658878
1.659329
1.659479
1.659179
1.662032
1.662783
1.660530
1.658878
1.657527
1.656776
1.656926
1.657527
1.657677
1.658127
1.658428
1.658878
1.657659
1.655678
1.654916
1.653087
1.652324
1.649581
1.653391
1.652782
1.652934
1.645618
1.645161
1.641960
1.635864
1.634949
1.633425
1.630377
1.630682
1.632358
1.634340
1.635559
1.636626
1.636473
1.637845
1.639674
1.640284
1.640893
1.641503
1.641198
1.642722
1.643180
1.643180
1.643027
1.642875
1.642570
1.642570
1.641960
1.640589
1.641960
1.643942
1.644551
1.644704
1.645618
1.645771
1.645313
1.645161
1.644704
1.645009
1.645313
1.646380
1.646685
1.646228
1.646228
1.644704
1.645771
1.646685
1.646990
1.647752
1.648057
1.648819
1.648819
1.649429
1.648971
1.648362
1.649276
1.649276
1.649124
1.648514
1.648514
1.648971
1.649886
1.650800
1.653544
1.652934
1.653391
1.652324
1.652782
1.653087
1.656287
1.657354
1.657819
1.657664
1.656889
1.657509
1.658129
1.657974
1.659834
1.659834
1.659369
1.659369
1.659059
1.656889
1.651774
1.650844
1.650689
1.648984
1.646195
1.641235
1.645575
1.645730
1.646350
1.645575
1.644490
1.643250
1.641545
1.641080
1.640615
1.639685
1.638600
1.638135
1.637825
1.637980
1.637825
1.638135
1.637670
1.637515
1.637825
1.637825
1.638600
1.639065
1.639220
1.640150
1.639840
1.640305
1.640460
1.640615
1.641700
1.642010
1.641855
1.641235
1.642785
1.643405
1.644490
1.644335
1.646660
1.648364
1.649294
1.648673
1.649450
1.651315
1.652402
1.653024
1.654267
1.655044
1.656287
1.656598
1.657685
1.658618
1.660016
1.660482
1.659550
1.659861
1.660172
1.660793
1.660793
1.660016
1.660949
1.661415
1.661415
1.662192
1.662813
1.662036
1.663435
1.663901
1.666387
1.665766
1.665455
1.664678
1.665144
1.664989
1.665299
1.665455
1.665144
1.664523
1.665144
1.665299
1.665766
1.665455
1.664833
1.666232
1.665921
1.665610
1.664833
1.664523
1.664367
1.663901
1.663279
1.663124
1.663435
1.663901
1.664212
1.664523
1.664833
1.665299
1.665921
1.666543
1.666698
1.667320
1.667630
1.668252
1.668566
1.668723
1.668723
1.669038
1.670923
1.670766
1.670295
1.670923
1.671709
1.672652
1.672652
1.672494
1.672023
1.672652
1.672180
1.671394
1.671552
1.671866
1.672180
1.672966
1.672966
1.672652
1.673123
1.672652
1.672180
1.672023
1.671866
1.672023
1.672809
1.673437
1.673280
1.673123
1.672966
1.671866
1.672023
1.670766
1.669666
1.670295
1.670137
1.671709
1.671237
1.668880
1.665895
1.665581
1.664481
1.664166
1.663538
1.663224
1.663381
1.664324
1.664166
1.664795
1.665424
1.665738
1.665581
1.665424
1.665424
1.665266
1.665424
1.667152
1.666993
1.666674
1.666356
1.666833
1.666993
1.666993
1.666674
1.668904
1.669859
1.672726
1.673204
1.674797
1.674159
1.676548
1.676548
1.674000
1.674000
1.673522
1.673522
1.672248
1.671771
1.672408
1.673045
1.674956
1.677026
1.678460
1.680689
1.680689
1.681645
1.680689
1.681008
1.680689
1.682441
1.684193
1.680530
1.678778
1.678460
1.676230
1.677823
1.677982
1.678619
1.682123
1.682600
1.683874
1.684352
1.684830
1.685149
1.684034
1.684352
1.685467
1.685626
1.686423
1.687060
1.679893
1.679734
1.679893
1.680211
1.680689
1.681335
1.680851
1.681335
1.681658
1.682304
1.682788
1.684242
1.683919
1.684080
1.688279
1.688763
1.688602
1.688279
1.691347
1.692154
1.693285
1.691831
1.689894
1.691993
1.691024
1.700874
1.700551
1.697483
1.693931
1.697806
1.699259
1.696353
1.696514
1.696514
1.699421
1.701197
1.708302
1.709756
1.706526
1.705557
1.702651
1.698291
1.703135
1.701036
1.699421
1.699421
1.702328
1.702812
1.701843
1.701520
1.676329
1.676814
1.677137
1.675522
1.674553
1.675037
1.674230
1.677621
1.680366
1.679236
1.673261
1.667448
1.666963
1.661312
1.652107
1.642903
1.629823
1.628692
1.629177
1.628047
1.627885
1.628208
1.626755
1.628208
1.632568
1.632730
1.634667
1.633052
1.632245
1.631599
1.630792
1.630307
1.629338
1.633537
1.633375
1.630307
1.633698
1.630953
1.633537
1.640804
1.650008
1.649523
1.646294
1.642257
1.641126
1.636444
1.638866
1.634829
1.626593
1.627401
1.624010
1.628047
1.625786
1.628370
1.630630
1.632245
1.629823
1.622718
1.619488
1.617066
1.617066
1.622718
1.619811
1.623525
1.627078
1.631922
1.631922
1.635313
1.632891
1.632245
1.637089
1.639350
1.642903
1.641126
1.639996
1.633860
1.637735
1.635313
1.634990
1.631922
1.631922
1.631761
1.635313
1.630792
1.634990
1.636282
1.633860
1.635636
1.637574
1.637735
1.640481
1.641611
1.638058
1.637412
1.635636
1.632407
1.632891
1.631599
1.634667
1.637089
1.636928
1.637089
1.638543
1.639512
1.642095
1.642903
1.645325
1.647424
1.650815
1.651300
1.651300
1.651623
1.652269
1.652269
1.655498
1.657113
1.659858
1.662280
1.666479
1.668094
1.668578
1.668901
1.668417
1.668901
1.666802
1.668255
1.669547
1.667125
1.667609
1.676814
1.676652
1.675845
1.672131
1.675360
1.675683
1.676168
1.675845
1.677783
1.673746
1.672769
1.670490
1.668049
1.668863
1.667886
1.670816
1.670816
1.670490
1.668863
1.670002
1.672118
1.675210
1.678140
1.683186
1.685790
1.687744
1.688883
1.690673
1.692464
1.695719
1.696533
1.696208
1.697998
1.700928
1.699951
1.700277
1.701579
1.704020
1.704672
1.704183
1.704020
1.704509
1.706950
1.715903
1.718344
1.723715
1.725669
1.724366
1.734784
1.730877
1.731366
1.732830
1.735760
1.743410
1.741783
1.738202
1.738527
1.739992
1.745201
1.751223
1.756432
1.753665
1.745852
1.756269
1.759524
1.755292
1.753303
1.756287
1.764409
1.765900
1.766398
1.768552
1.769878
1.768884
1.764574
1.764906
1.763911
1.769713
1.775845
1.775514
1.778995
1.783470
1.781812
1.781481
1.781647
1.776343
1.777171
1.775348
1.776177
1.778166
1.777669
1.779326
1.776343
1.774354
1.774188
1.769381
1.768221
1.768055
1.771702
1.761757
1.765072
1.764906
1.764077
1.778663
1.775348
1.772365
1.777834
1.779989
1.773359
1.770541
1.773193
1.772530
1.766895
1.767889
1.770376
1.770541
1.769547
1.766398
1.765237
1.765569
1.761922
1.762585
1.756287
1.756784
1.766563
1.764077
1.765569
1.762254
1.760762
1.761425
1.769713
1.776674
1.782144
1.784962
1.781647
1.786122
1.790266
1.790597
1.802365
1.803857
1.803028
1.807669
1.806343
1.795901
1.796233
1.796067
1.796398
1.794244
1.795901
1.794244
1.797227
1.789603
1.793581
1.791260
1.795570
1.801537
1.806343
1.811647
1.806675
1.808332
1.805846
1.803360
1.799216
1.790763
1.779658
1.778829
1.782807
1.778332
1.780155
1.778000
1.782641
1.782641
1.785293
1.794741
1.790431
1.791923
1.791757
1.792586
1.787116
1.794741
1.794409
1.792089
1.790100
1.796398
1.797559
1.801868
1.807835
1.812145
1.818775
1.818940
1.816454
1.821427
1.818609
1.808332
1.810653
1.816454
1.817614
1.812310
1.811482
1.806343
1.806178
1.805183
1.801868
1.804189
1.810156
1.817780
1.823913
1.832200
1.832698
1.829217
1.832200
1.827725
1.824244
1.826399
1.822421
1.820101
1.822918
1.827062
1.824907
1.821592
1.819272
1.825239
1.835018
1.840654
1.837007
1.837007
1.838167
1.828222
1.826896
1.825570
1.830874
1.826399
1.832698
1.837007
1.834521
1.833526
1.831869
1.841482
1.839991
1.838830
1.836841
1.834687
1.836013
1.840985
1.838333
1.840156
1.843803
1.849604
1.852588
1.856566
1.853748
1.869826
1.871835
1.877528
1.876021
1.876691
1.875184
1.870328
1.876858
1.877528
1.883891
1.887407
1.895612
1.901472
1.909677
1.909677
1.908505
1.913193
1.907500
1.915705
1.917212
1.920561
1.922402
1.917547
1.914868
1.915035
1.916709
1.909342
1.909509
1.899630
1.892933
1.899463
1.902644
1.907668
1.908002
1.912356
1.912523
1.915872
1.914700
1.918216
1.930105
1.931612
1.931947
1.939649
1.940654
1.941826
1.938644
1.942663
1.946179
1.941491
1.945509
1.946849
1.948523
1.951705
1.951872
1.952207
1.951537
1.950533
1.949528
1.947797
1.945719
1.948143
1.947277
1.945892
1.950740
1.947104
1.951952
1.956627
1.956627
1.960609
1.963206
1.959743
1.959051
1.962860
1.959916
1.972729
1.973075
1.976538
1.973940
1.975499
1.979481
1.974806
1.975326
1.980000
1.984848
1.982597
1.983636
1.983290
1.980520
1.980520
1.977750
1.981559
1.985541
1.987965
1.984848
1.989523
1.994371
1.992293
1.990562
1.983636
1.980520
1.978961
1.979827
1.973594
1.971170
1.965803
1.961301
1.962340
1.961821
1.960089
1.962212
1.966280
1.961858
1.958144
1.957436
1.953368
1.952484
1.953191
1.952838
1.953545
1.954253
1.956021
1.958144
1.958144
1.961151
1.961681
1.959205
1.955845
1.956198
1.953015
1.955668
1.961858
1.971763
1.978661
2.000947
2.005899
2.017042
2.029246
2.017573
2.037205
2.025178
2.023056
2.005899
2.012620
2.032076
2.038974
2.042865
2.045695
2.026063
2.028716
2.033845
2.045695
2.048348
2.055069
2.067450
2.071165
2.075587
2.072403
2.069219
2.077532
2.069396
2.066035
2.069927
2.078593
2.089913
2.093804
2.096634
2.088144
2.091505
2.095750
2.097872
2.087437
2.092212
2.096634
2.102825
2.106539
2.108308
2.103002
2.099464
2.092389
2.096281
2.073110
2.062852
2.071342
2.079333
2.080968
2.075338
2.083874
2.093319
2.091140
2.084056
2.084238
2.070433
2.069707
2.064076
2.072613
2.074974
2.092229
2.109303
2.110938
2.114207
2.116387
2.117295
2.115842
2.122925
2.119656
2.124378
2.120564
2.122562
2.127648
2.129283
2.129646
2.117295
2.131280
2.136003
2.138364
2.148354
2.138909
2.149989
2.146174
2.137819
2.141634
2.142360
2.145448
2.140725
2.138727
2.138909
2.140181
2.144540
2.142723
2.132370
2.124197
2.125832
2.120564
2.132370
2.134005
2.134732
2.138546
2.138727
2.138909
2.131099
2.133097
2.121654
2.123107
2.114419
2.107765
2.108874
2.106471
2.117562
2.106841
2.107580
2.097044
2.107211
2.095565
2.095935
2.101665
2.120704
2.128837
2.129946
2.126989
2.123846
2.121259
2.118116
2.129577
2.119780
2.121998
2.129946
2.141591
2.134013
2.146767
2.156009
2.155639
2.153976
2.144549
2.140297
2.126065
2.124586
2.139188
2.145658
2.142331
2.134567
2.123292
2.139004
2.157673
2.166360
2.180224
2.181333
2.185954
2.175602
2.162294
2.162663
2.162663