0.963200
0.976100
0.973000
0.957300
0.968700
0.971100
0.953100
0.976900
0.975600
0.988500
0.993100
0.996200
0.996400
1.005900
1.002000
1.012600
1.029200
1.044900
1.032100
1.061700
1.080100
1.088900
1.091900
1.098400
1.123100
1.137800
1.110300
1.076700
1.083200
1.104000
1.129800
1.088500
1.088900
1.044700
1.030100
1.045300
1.040900
1.082600
1.084300
1.076000
1.044400
1.059000
1.054200
1.049800
1.043400
1.051400
1.075600
1.076900
1.090000
1.082900
1.099300
1.107000
1.084900
1.098800
1.103700
1.102400
1.113000
1.126100
1.133000
1.137700
1.138200
1.108100
1.123300
1.148000
1.164200
1.171900
1.175200
1.185800
1.178500
1.197400
1.194600
1.156200
1.163400
1.159024
1.139441
1.147099
1.173028
1.181670
1.208584
1.213507
1.223572
1.222806
1.223025
1.199503
1.219852
1.221384
1.220071
1.223025
1.221493
1.227511
1.217445
1.200378
1.203004
1.203879
1.205630
1.216023
1.237029
1.237904
1.247860
1.247203
1.250376
1.256612
1.265802
1.279696
1.272257
1.250923
1.280024
1.278165
1.293153
1.307594
1.314049
1.306719
1.305625
1.311205
1.314158
1.312627
1.324880
1.321379
1.342166
1.345339
1.360108
1.369517
1.364484
1.365359
1.386474
1.393367
1.397524
1.422906
1.427829
1.423562
1.430017
1.447740
1.429361
1.447631
1.464807
1.461963
1.483187
1.481546
1.402119
1.420061
1.459665
1.489752
1.499926
1.492924
1.473232
1.433737
1.440192
1.441395
1.385599
1.395155
1.351967
1.285076
1.297611
1.249211
1.295005
1.318088
1.328760
1.300589
1.324789
1.321562
1.278623
1.204410
1.210615
1.222901
1.274404
1.289048
1.300341
1.321562
1.328760
1.319949
1.341046
1.365619
1.368721
1.354822
1.378029
1.336207
1.348493
1.332235
1.311634
1.313620
1.307911
1.284828
1.279368
1.291282
1.346259
1.347500
1.359538
1.364378
1.366239
1.365370
1.391928
1.414143
1.410668
1.406821
1.429407
1.434371
1.405828
1.405455
1.382124
1.398630
1.445292
1.464776
1.470485
1.472843
1.476566
1.483888
1.497167
1.499649
1.501883
1.514169
1.551648
1.551648
1.549538
1.550282
1.547180
1.557853
1.505730
1.544946
1.489969
1.470237
1.523849
1.550158
1.556488
1.554130
1.565671
1.575351
1.564554
1.538989
1.544450
1.547180
1.556115
1.549910
1.543209
1.505482
1.467010
1.468003
1.442810
1.457951
1.494312
1.502503
1.515162
1.521615
1.534770
1.545567
1.534646
1.540975
1.535638
1.506599
1.507840
1.507964
1.532164
1.508088
1.535266
1.539113
1.550282
1.543705
1.502131
1.506847
1.492699
1.480537
1.449388
1.434992
1.444175
1.450008
1.439211
1.431145
1.450629
1.447898
1.424939
1.418610
1.419727
1.437722
1.440825
1.455841
1.452118
1.442686
1.464156
1.483516
1.477062
1.489798
1.485598
1.495624
1.456198
1.462972
1.471236
1.476114
1.464327
1.462701
1.446714
1.427339
1.432488
1.462836
1.460262
1.462972
1.467036
1.460533
1.461075
1.451862
1.466494
1.487766
1.490882
1.485733
1.502127
1.511340
1.505921
1.501721
1.493727
1.503753
1.496437
1.506598
1.516218
1.509850
1.498063
1.442107
1.446714
1.470965
1.468933
1.458230
1.451049
1.419752
1.420700
1.397803
1.389268
1.379648
1.395365
1.359054
1.333854
1.330196
1.312854
1.301338
1.325725
1.329383
1.281557
1.293209
1.297273
1.287112
1.304183
1.339274
1.323693
1.318409
1.337106
1.339951
1.315428
1.300389
1.305944
1.302286
1.312041
1.311770
1.319493
1.343745
1.342525
1.339951
1.322744
1.295647
1.320035
1.321254
1.308789
1.307435
1.289144
1.275866
1.234950
1.227634
1.209208
1.202027
1.192001
1.211917
1.222485
1.216388
1.242808
1.250666
1.242131
1.247144
1.234408
1.242537
1.264486
1.286570
1.288602
1.296731
1.303234
1.312312
1.309873
1.333448
1.332635
1.326809
1.350519
1.332228
1.330603
1.332770
1.348216
1.364338
1.332906
1.346996
1.336835
1.350654
1.376939
1.381952
1.381816
1.376668
1.349570
1.349435
1.359325
1.344151
1.349841
1.357564
1.380190
1.381003
1.363390
1.380461
1.386016
1.392519
1.397397
1.404713
1.386558
1.398752
1.409049
1.415281
1.394687
1.372739
1.375990
1.366371
1.371519
1.401055
1.394010
1.378429
1.406474
1.438313
1.441565
1.441836
1.456604
1.438991
1.447120
1.438584
1.478146
1.493998
1.491424
1.507682
1.548870
1.545482
1.526785
1.522585
1.526244
1.567296
1.551986
1.538166
1.556050
1.567025
1.601438
1.601031
1.599948
1.601302
1.531934
1.578676
1.545482
1.490882
1.509443
1.543315
1.548328
1.537353
1.579218
1.591141
1.591006
1.599406
1.580709
1.578541
1.587889
1.584231
1.581115
1.625012
1.630838
1.607941
1.610515
1.649806
1.661458
1.647503
1.645200
1.643980
1.629890
1.646419
1.636122
1.613496
1.598593
1.578541
1.562283
1.573528
1.587212
1.619864
1.632600
1.622574
1.613903
1.609974
1.574341
1.554831
1.552799
1.555237
1.540199
1.495217
1.496708
1.523534
1.484514
1.484649
1.462430
1.459043
1.472727
1.494404
1.503753
1.519876
1.517708
1.516624
1.548463
1.562012
1.591954
1.590464
1.597373
1.598864
1.580167
1.599812
1.573663
1.584367
1.593038
1.603606
1.620270
1.635174
1.628264
1.612277
1.624606
1.641542
1.639238
1.642490
1.622167
1.611599
1.630296
1.605502
1.618645
1.598186
1.602793
1.584773
1.593444
1.612683
1.618390
1.627379
1.614253
1.593422
1.584718
1.576015
1.594135
1.599700
1.616250
1.627664
1.614966
1.610971
1.631374
1.629091
1.630518
1.630661
1.609116
1.607690
1.617962
1.615965
1.593136
1.579439
1.574731
1.548764
1.559893
1.573732
1.544341
1.549192
1.552759
1.552759
1.562603
1.563888
1.548478
1.553900
1.546766
1.547194
1.558894
1.553044
1.547480
1.503820
1.509099
1.491407
1.479280
1.474001
1.470719
1.488554
1.494118
1.477710
1.495402
1.499968
1.496972
1.468294
1.473145
1.468579
1.494118
1.483988
1.469578
1.461302
1.448033
1.463871
1.462729
1.486842
1.512952
1.527219
1.528789
1.514806
1.529074
1.538063
1.562889
1.569024
1.563602
1.572591
1.575302
1.573019
1.556754
1.583434
1.590711
1.605264
1.601126
1.582721
1.583862
1.566028
1.574731
1.533497
1.530358
1.551617
1.547622
1.542201
1.541915
1.537350
1.541202
1.542914
1.524509
1.483703
1.484844
1.497971
1.524509
1.534781
1.554328
1.542914
1.534211
1.507958
1.501966
1.489695
1.509242
1.508386
1.542486
1.538634
1.519515
1.518659
1.514949
1.503678
1.488982
1.461730
1.444038
1.469578
1.460874
1.451886
1.437761
1.445180
1.443182
1.443753
1.423065
1.422637
1.458877
1.429628
1.422922
1.398667
1.405944
1.393245
1.376695
1.377836
1.371130
1.363996
1.396242
1.409653
1.406086
1.411365
1.381546
1.376267
1.347160
1.330753
1.352012
1.378692
1.398524
1.406657
1.430341
1.428915
1.428201
1.454597
1.459733
1.466867
1.461730
1.451315
1.464869
1.456879
1.454882
1.483417
1.490694
1.453741
1.457165
1.424634
1.421923
1.429771
1.423921
1.436477
1.429057
1.433480
1.447463
1.408940
1.436334
1.423636
1.391105
1.385826
1.392532
1.392960
1.386539
1.369989
1.337744
1.325331
1.303644
1.330753
1.334748
1.330182
1.308352
1.304215
1.308780
1.299792
1.275108
1.266405
1.268117
1.291088
1.260841
1.225314
1.224886
1.258130
1.292800
1.286808
1.277249
1.238012
1.204483
1.244575
1.210618
1.221747
1.247001
1.234303
1.235872
1.232305
1.249141
1.259271
1.269401
1.252565
1.272112
1.276107
1.276678
1.283669
1.285381
1.294798
1.297366
1.295369
1.293371
1.303359
1.320194
1.321621
1.332893
1.336888
1.330610
1.315914
1.315058
1.335889
1.326187
1.309066
1.309066
1.323048
1.336317
1.341453
1.353581
1.316199
1.315771
1.341739
1.348302
1.324617
1.317056
1.315486
1.300220
1.298222
1.289947
1.256988
1.248570
1.254706
1.280102
1.282100
1.270257
1.276963
1.277534
1.297509
1.304928
1.307353
1.299506
1.317626
1.313061
1.318482
1.304928
1.298507
1.307068
1.307353
1.304928
1.326758
1.333463
1.342167
1.351155
1.346304
1.332322
1.332322
1.328470
1.329754
1.327614
1.314345
1.325474
1.308923
1.309922
1.328042
1.326044
1.318197
1.304215
1.314345
1.328755
1.329183
1.331751
1.331609
1.306069
1.308780
1.303929
1.299364
1.297366
1.316913
1.319481
1.344450
1.338885
1.337886
1.349443
1.343594
1.339599
1.325045
1.302502
1.299934
1.304215
1.297223
1.314059
1.324903
1.323191
1.318768
1.308210
1.329754
1.305784
1.294941
1.302360
1.320052
1.318340
1.286808
1.297081
1.297223
1.314630
1.305213
1.293086
1.296225
1.293799
1.279817
1.272540
1.264265
1.259699
1.273111
1.263266
1.275679
1.293656
1.297509
1.291516
1.307211
1.307496
1.280958
1.285667
1.272540
1.267118
1.260413
1.257987
1.270115
1.263694
1.273396
1.260698
1.234445
1.235159
1.230736
1.225029
1.224315
1.239439
1.229452
1.231877
1.240010
1.280530
1.287236
1.279959
1.283526
1.276107
1.278247
1.244147
1.237727
1.244005
1.215327
1.209905
1.220178
1.216325
1.203056
1.229880
1.251139
1.245860
1.270257
1.272112
1.255562
1.247572
1.236015
1.235016
1.236015
1.253421
1.249284
1.257702
1.244575
1.239582
1.231449
1.209049
1.207051
1.210618
1.214898
1.235016
1.236728
1.234731
1.230165
1.227026
1.205054
1.201915
1.203484
1.182796
1.184651
1.170668
1.161965
1.159968
1.154831
1.165675
1.156258
1.167530
1.161537
1.139137
1.126153
1.121017
1.134143
1.120161
1.129863
1.162679
1.161252
1.184080
1.194638
1.186506
1.187219
1.179372
1.224173
1.225029
1.217467
1.221176
1.226598
1.224886
1.232448
1.261411
1.274252
1.264693
1.285096
1.299078
1.291944
1.306355
1.313917
1.316057
1.320337
1.297509
1.344307
1.356720
1.352582
1.347731
1.366565
1.368419
1.350014
1.350727
1.331038
1.336174
1.381118
1.388680
1.387966
1.378121
1.396527
1.389393
1.406942
1.416787
1.422066
1.438046
1.436762
1.410081
1.438331
1.401663
1.394957
1.406372
1.378550
1.374840
1.415218
1.429057
1.373984
1.406086
1.427060
1.412935
1.397098
1.397954
1.369418
1.355721
1.367421
1.368705
1.355293
1.360715
1.397098
1.404231
1.403803
1.402805
1.397098
1.402947
1.375268
1.374840
1.376695
1.353438
1.347303
1.357719
1.363426
1.356435
1.363996
1.353296
1.336745
1.348587
1.357005
1.356863
1.392104
1.401663
1.362142
1.392247
1.370988
1.351441
1.361999
1.386825
1.414219
1.418499
1.431626
1.423778
1.422494
1.427631
1.405373
1.418071
1.438046
1.464441
1.464869
1.463728
1.456023
1.439473
1.451886
1.459876
1.470862
1.476284
1.472146
1.467152
1.458734
1.426204
1.434764
1.420069
1.403946
1.365566
1.381974
1.377123
1.383971
1.379834
1.334320
1.325188
1.268117
1.289091
1.312775
1.302074
1.305356
1.322192
1.343308
1.350870
1.348159
1.344307
1.316342
1.315058
1.339171
1.375981
1.368277
1.392817
1.410795
1.392675
1.381260
1.356577
1.379263
1.404517
1.407941
1.387824
1.382402
1.357719
1.352297
1.358147
1.388252
1.397668
1.429200
1.448176
1.432767
1.440614
1.452884
1.463015
1.463157
1.465012
1.440900
1.405230
1.441470
1.445893
1.441898
1.449746
1.440900
1.459305
1.458592
1.433623
1.433623
1.409653
1.431768
1.459020
1.453170
1.463585
1.470434
1.471290
1.465012
1.453598
1.453598
1.458164
1.462159
1.443040
1.448604
1.480849
1.484416
1.471290
1.463443
1.475142
1.484702
1.513950
1.519800
1.503535
1.526506
1.529502
1.517945
1.486699
1.483275
1.486128
1.521512
1.515663
1.480707
1.465155
1.441185
1.443040
1.423493
1.443896
1.425490
1.425062
1.417072
1.431768
1.411936
1.397954
1.383686
1.395243
1.401521
1.372557
1.396527
1.415788
1.449746
1.443040
1.447463
1.446749
1.439473
1.444181
1.449460
1.460018
1.473430
1.487983
1.435906
1.468864
1.489981
1.478424
1.463157
1.477568
1.477140
1.459590
1.470719
1.471575
1.436762
1.438046
1.445751
1.433195
1.429200
1.436334
1.440757
1.452171
1.435192
1.448747
1.453027
1.454169
1.473430
1.465297
1.430341
1.443468
1.450744
1.437047
1.415075
1.409225
1.427773
1.444906
1.435980
1.409345
1.392356
1.408913
1.437563
1.440731
1.451529
1.432668
1.441883
1.449225
1.439579
1.455416
1.492705
1.499327
1.518188
1.498752
1.519628
1.533017
1.522507
1.516460
1.500335
1.495584
1.492849
1.448073
1.449081
1.425326
1.447497
1.465206
1.462471
1.454840
1.455416
1.459159
1.422590
1.433964
1.430365
1.449369
1.435692
1.459159
1.466358
1.452249
1.413952
1.438283
1.441307
1.436556
1.446778
1.422590
1.395667
1.397683
1.415680
1.410785
1.408769
1.427485
1.452249
1.458151
1.471685
1.471829
1.482339
1.468085
1.464918
1.462183
1.465206
1.447066
1.437563
1.424750
1.420287
1.401138
1.367593
1.388181
1.400706
1.406897
1.410641
1.392788
1.388469
1.378823
1.396819
1.396387
1.399843
1.378535
1.372344
1.357083
1.353915
1.363850
1.366729
1.377815
1.392068
1.384150
1.400275
1.391060
1.391636
1.389045
1.383862
1.395523
1.387461
1.383718
1.394948
1.403586
1.401858
1.409633
1.415104
1.400994
1.398259
1.380262
1.387173
1.391060
1.397395
1.394516
1.404594
1.405026
1.420575
1.423886
1.436556
1.448073
1.438859
1.430941
1.437851
1.412800
1.405602
1.412224
1.430365
1.424606
1.406321
1.398547
1.397683
1.402002
1.420719
1.411360
1.415824
1.426477
1.448937
1.457863
1.462471
1.474420
1.472549
1.490113
1.497744
1.499327
1.478451
1.485218
1.504367
1.502783
1.498032
1.485650
1.503935
1.519772
1.520779
1.516460
1.513293
1.517900
1.507390
1.492705
1.488674
1.477012
1.495872
1.512717
1.527834
1.534889
1.541799
1.550870
1.552741
1.553173
1.547126
1.553317
1.557204
1.518332
1.528266
1.539352
1.549718
1.532441
1.554757
1.570450
1.568146
1.567282
1.571026
1.574913
1.601404
1.597949
1.582687
1.573329
1.568146
1.572321
1.556053
1.549718
1.563251
1.559652
1.544823
1.526106
1.528122
1.533449
1.557780
1.577936
1.581104
1.578368
1.582831
1.572177
1.578224
1.589166
1.584847
1.602412
1.580528
1.601116
1.592046
1.583983
1.592334
1.586287
1.595933
1.594061
1.620984
1.643444
1.651506
1.670798
1.686060
1.698873
1.693546
1.736594
1.749839
1.804117
1.792887
1.824993
1.731123
1.775034
1.768844
1.778058
1.790583
1.812755
1.820962
1.811171
1.807572
1.781657
1.731267
1.710103
1.759054
1.804405
1.805269
1.806996
1.833343
1.869048
1.870344
1.863289
1.837518
1.836943
1.822113
1.841406
1.835791
1.880854
1.908929
1.808148
1.848028
1.912672
1.917711
1.897699
1.923902
1.920302
1.905185
1.904034
1.869048
1.852204
1.893812
1.887333
1.869336
1.826433
1.840686
1.865593
1.886613
1.886757
1.901442
1.936427
1.945354
1.917279
1.935420
1.945354
1.971413
1.931820
1.960471
1.953848
1.922318
1.969397
1.993440
1.980339
2.003231
2.043831
2.116681
2.143460
2.189963
2.178589
2.207239
2.274906
2.298374
2.313028
2.294392
2.302993
2.320196
2.321789
2.376107
2.395062
2.441256
2.487927
2.447946
2.412106
2.482511
2.533165
2.498918
2.408601
2.451928
2.458618
2.391876
2.469768
2.542244
2.551005
2.554191
2.565182
2.474547
2.516918
2.533643
2.538899
2.457344
2.445238
2.415769
2.528864
2.643233
2.748842
2.750594
2.739921
2.744541
2.829282
2.854928
2.927882
3.026004
3.008004
3.031101
3.132886
3.213327
2.992553
3.025844
3.223362
3.326422
3.316227
3.282777
3.290900
3.211097
3.172390
3.257609
3.288352
3.345377
3.260636
3.126833
3.155664
3.040340
2.874998
2.930430
2.977421
2.846485
2.621889
2.444282
2.597518
2.453202
2.315736
2.202163
2.160748
2.041919
1.971354
2.057370
2.148165
2.263808
2.310320
2.212995
2.239596
2.352850
2.408601
2.457184
2.485697
2.562474
2.510387
2.317807
2.225420
2.317170
2.273365
2.246605
2.173173
2.274640
2.262534
2.256799
2.313506
2.403186
2.415610
2.382797
2.418477
2.422778
2.449857
2.305223
2.342497
2.299170
2.205668
2.054981
1.921816
1.882949
1.954470
2.059282
2.008469
1.916878
1.867976
1.887409
1.955585
2.005920
1.988080
1.993177
1.889958
1.830384
1.937904
1.907798
1.931851
2.002734
2.017230
1.995088
2.014681
1.943638
1.980593
1.934718
1.940930
2.025035
2.069954
2.176359
2.188943
2.152943
2.221597
2.251861
2.246286
2.301719
2.153740
2.219844
2.291684
2.300444
2.308568
2.240233
2.253295
2.273047
2.223827
2.207898
2.341859
2.355399
2.444919
2.485378
2.487290
2.525838
2.504334
2.453521
2.487449
2.463556
2.420229
2.475025
2.503856
2.472795
2.485697
2.516440
2.499237
2.342975
2.363682
2.391239
2.379452
2.435203
2.406690
2.439663
2.414495
2.430265
2.421504
2.398407
2.438548
2.479325
2.493502
2.555784
2.555306
2.564226
2.593854
2.541289
2.534280
2.542404
2.492546
2.507042
2.547342
2.513254
2.312550
2.273525
2.313506
2.136537
2.117581
1.976930
1.980912
1.891551
1.961319
1.905409
1.954629
2.029654
2.010858
1.938700
1.968328
1.994929
1.871162
1.843446
1.750899
1.824331
1.807765
1.873551
1.874985
1.911621
1.906524
1.914329
1.990628
2.004327
1.993177
2.008150
2.045105
2.035866
2.023123
1.878649
1.861923
1.758545
1.798367
1.884383
1.887569
1.827039
1.863675
1.885976
1.847747
1.819075
1.815889
1.865268
1.847747
1.823853
1.893940
1.968806
2.019778
2.016592
2.026150
2.007035
2.010221
2.003751
1.963312
2.032058
2.032058
2.025992
2.066431
2.084629
2.040146
2.019926
2.058343
2.046212
2.078563
2.102826
2.084629
2.038124
2.030036
1.953202
1.945114
1.955224
1.963312
1.987575
1.987575
1.979487
1.981509
2.052277
2.044190
2.054299
1.987575
1.918829
1.916807
1.912763
1.906697
1.896587
1.916807
1.918829
1.880412
1.882434
1.898609
1.910741
1.888500
1.880412
1.882434
1.878390
1.868280
1.935004
1.943092
1.955224
1.973421
1.991619
1.987575
1.987575
1.918829
1.932982
1.989597
1.995663
2.017904
2.034080
2.009816
2.032058
2.015882
2.009816
2.054299
2.060365
2.050255
2.052277
2.050255
2.072497
2.080585
2.104848
2.098782
2.116980
2.121024
2.165506
2.165506
2.169550
2.173594
2.175616
2.159441
2.153375
2.153375
2.125067
2.129111
2.157419
2.106870
2.106870
2.094738
2.062387
2.076541
2.086650
2.094738
2.082607
2.096760
2.119002
2.108892
2.076541
2.090694
2.129111
2.135177
2.141243
2.139221
2.137199
2.112936
2.108892
2.114958
2.110914
2.108892
2.106870
2.100804
2.100804
2.084629
2.076541
2.074519
2.096760
2.094738
2.098782
2.086650
2.040146
2.042168
2.025992
2.052277
2.062387
2.064409
2.070475
2.064409
2.032058
2.034080
2.030036
2.048233
2.060365
2.096760
2.102826
2.092716
2.086650
2.088672
2.076541
2.100804
2.106870
2.098782
2.088672
2.121024
2.139221
2.121024
2.110914
2.104848
2.102826
2.114958
2.090694
2.088672
2.082607
2.100804
2.098782
2.100804
2.123046
2.147309
2.177638
2.169550
2.165506
2.165506
2.147309
2.147309
2.177638
2.169550
2.181682
2.193814
2.199880
2.189770
2.163484
2.181682
2.149331
2.143265
2.137199
2.153375
2.153375
2.147309
2.064409
2.066431
2.056321
2.048233
2.052277
2.052277
2.044190
2.058343
2.064409
2.046212
2.052277
2.050255
2.044190
2.040146
2.046212
2.066431
2.086650
2.080585
2.066431
2.072497
2.074519
2.052277
2.040146
2.023970
2.003751
2.015882
2.019926
2.013860
2.036102
2.044190
2.040146
2.048233
2.056321
2.046212
2.058343
2.052277
2.058343
2.066431
2.066431
2.076541
2.082607
2.072497
2.082607
2.068453
2.106870
2.112936
2.119002
2.112936
2.114958
2.104848
2.119002
2.116980
2.104848
2.104848
2.114958
2.129111
2.123046
2.104848
2.108892
2.129111
2.139221
2.135177
2.141243
2.114958
2.119002
2.139221
2.129111
2.137199
2.149331
2.141243
2.131133
2.123046
2.102826
2.121024
2.141243
2.141243
2.149331
2.137199
2.133155
2.119002
2.129111
2.104848
2.096760
2.092716
2.084629
2.096760
2.106870
2.080585
2.092716
2.092716
2.090694
2.086650
2.076541
2.076541
2.066431
2.054299
2.034080
2.036102
2.019926
2.030036
2.044190
2.050255
2.084629
2.066431
2.064409
2.064409
2.068453
2.070475
2.066431
2.092716
2.092716
2.106870
2.098782
2.088672
2.080585
2.100804
2.135177
2.161463
2.165506
2.163484
2.181682
2.161463
2.165506
2.157419
2.169550
2.167528
2.183704
2.185726
2.201902
2.236275
2.246384
2.230209
2.246384
2.252450
2.248406
2.222121
2.256494
2.260538
2.250428
2.228187
2.230209
2.222121
2.232231
2.248406
2.216055
2.207967
2.238297
2.248406
2.238297
2.252450
2.236275
2.226165
2.236275
2.254472
2.262560
2.274692
2.274692
2.252450
2.226165
2.244362
2.240319
2.250428
2.240319
2.201902
2.242340
2.248406
2.242340
2.248406
2.250428
2.266604
2.274692
2.282779
2.266604
2.292889
2.309065
2.309065
2.315131
2.325240
2.335350
2.347482
2.363657
2.357592
2.337372
2.335350
2.351526
2.355570
2.351526
2.343438
2.351526
2.357592
2.353548
2.359613
2.357592
2.351526
2.347482
2.353548
2.349504
2.355570
2.373767
2.402074
2.408140
2.414206
2.426338
2.420272
2.420272
2.420272
2.432404
2.436447
2.430382
2.430382
2.432404
2.454645
2.446557
2.472843
2.442513
2.428360
2.416228
2.414206
2.412184
2.430382
2.446557
2.448579
2.456667
2.489018
2.493062
2.462733
2.450601
2.472843
2.468799
2.489018
2.525413
2.529457
2.446557
2.440491
2.414206
2.420272
2.414206
2.393987
2.396009
2.396009
2.398030
2.402074
2.371745
2.391965
2.432404
2.400052
2.420272
2.418250
2.396009
2.402074
2.430382
2.424316
2.442513
2.432404
2.420272
2.428360
2.393987
2.404096
2.416228
2.448579
2.470821
2.476886
2.472843
2.476886
2.491040
2.491040
2.484974
2.484974
2.450601
2.462733
2.470821
2.491040
2.491040
2.531479
2.541589
2.553720
2.543611
2.555742
2.519347
2.505194
2.501150
2.470821
2.489018
2.491040
2.406118
2.377811
2.381855
2.282779
2.331306
2.353548
2.357592
2.412184
2.422294
2.472843
2.452623
2.434426
2.458689
2.428360
2.434426
2.458689
2.436447
2.464755
2.501150
2.519347
2.499128
2.478908
2.491040
2.458689
2.480930
2.486996
2.460711
2.436447
2.351526
2.351526
2.375789
2.343438
2.373767
2.393987
2.387921
2.365679
2.355570
2.355570
2.398030
2.404096
2.381855
2.367701
2.341416
2.302999
2.325240
2.351526
2.300977
2.278736
2.329284
2.329284
2.284801
2.300977
2.302999
2.321196
2.302999
2.343438
2.369723
2.367701
2.385899
2.375789
2.396009
2.400052
2.385899
2.363657
2.389943
2.398030
2.404096
2.371745
2.355570
2.337372
2.359613
2.351526
2.311087
2.367701
2.349504
2.365679
2.400052
2.383877
2.375789
2.349504
2.345460
2.385899
2.353548
2.345460
2.333328
2.244362
2.256494
2.230209
2.246384
2.224143
2.220099
2.179660
2.151353
2.214033
2.155397
2.155397
2.125067
2.100804
2.108892
2.165506
2.173594
2.145287
2.189770
2.203923
2.193814
2.173594
2.173594
2.175616
2.220099
2.236275
2.268626
2.270648
2.242340
2.240319
2.234253
2.236275
2.201902
2.163484
2.123046
2.086650
2.151353
2.121024
2.175616
2.181682
2.175616
2.163484
2.100804
2.090694
2.048233
2.062387
2.106870
2.092716
2.104848
2.102826
2.165506
2.163484
2.153375
2.131133
2.119002
2.106870
2.127089
2.090694
2.068453
2.084629
2.046212
2.040146
2.025992
2.036102
2.036102
2.013860
2.052277
2.080585
2.080585
2.147309
2.129111
2.163484
2.147309
2.181682
2.076541
2.084629
2.074519
1.975443
2.007794
1.991619
1.971399
1.973421
1.924895
1.995663
2.094738
2.046212
2.030036
2.023970
2.003751
1.935004
1.953202
1.997685
2.019926
2.119002
2.112936
2.098782
2.084629
2.072497
2.056321
2.090694
2.104848
2.078563
2.102826
2.104848
2.121024
2.068453
2.082607
2.076541
2.030036
2.028014
2.025992
2.068453
2.038124
2.056321
2.116980
2.123046
2.116980
2.070475
2.070475
2.058343
2.064409
2.072497
2.106870
2.074519
2.064409
2.042168
2.009816
2.003751
1.983531
2.003751
1.995663
1.981509
1.969377
1.977465
1.949158
1.935004
1.975443
1.991619
1.985553
2.005773
2.019926
2.032058
2.017904
2.078563
2.076541
2.064409
2.096760
2.110914
2.086650
2.090694
2.104848
2.129111
2.116980
2.114958
2.098782
2.116980
2.163484
2.205945
2.214033
2.254472
2.256494
2.218077
2.305021
2.292889
2.296933
2.300977
2.363657
2.486996
2.460711
2.438469
2.446557
2.495084
2.525413
2.543611
2.549677
2.511260
2.422294
2.480930
2.491040
2.452623
2.446557
2.474865
2.551699
2.541589
2.551699
2.557764
2.555742
2.497106
2.468799
2.511260
2.501150
2.582028
2.650774
2.648752
2.673015
2.693235
2.683125
2.699301
2.699301
2.650774
2.634598
2.608313
2.654818
2.666950
2.670993
2.693235
2.652796
2.634598
2.646730
2.602247
2.573940
2.604269
2.616401
2.509238
2.557764
2.517325
2.468799
2.555742
2.539567
2.513282
2.586072
2.600225
2.543611
2.523391
2.551699
2.543611
2.501150
2.507216
2.527435
2.559786
2.549677
2.541589
2.541589
2.535523
2.513282
2.503172
2.474865
2.517325
2.596181
2.571918
2.563830
2.547655
2.535523
2.547655
2.586072
2.666950
2.664928
2.683125
2.658862
2.666950
2.701323
2.695257
2.766025
2.768047
2.731652
2.697279
2.717498
2.656840
2.654818
2.656840
2.658862
2.681103
2.677059
2.658862
2.656840
2.638642
2.673015
2.681103
2.705367
2.721542
2.745806
2.757937
2.753893
2.766025
2.743784
2.719520
2.705367
2.652796
2.626511
2.622467
2.666950
2.634598
2.675037
2.648752
2.654818
2.656840
2.691213
2.757937
2.739740
2.745806
2.749849
2.778157
2.745806
2.786245
2.784223
2.764003
2.774113
2.816574
2.806464
2.820618
2.832749
2.846903
2.861057
2.857013
2.836793
2.854991
2.846903
2.800398
2.804442
2.814552
2.808486
2.786245
2.808486
2.799081
2.787885
2.801320
2.785645
2.785645
2.794603
2.832670
2.859541
2.886412
2.859541
2.834909
2.855063
2.816995
2.805799
2.821474
2.801320
2.792363
2.819234
2.843866
2.848345
2.850584
2.861780
2.902087
2.931198
2.951351
2.940155
2.951351
2.940155
2.884173
2.884173
2.902087
2.908805
2.895369
2.920001
2.971504
2.944633
2.940155
2.888652
2.890891
2.893130
2.864020
2.852823
2.828191
2.819234
2.825952
2.830431
2.859541
2.881934
2.852823
2.879695
2.875216
2.868498
2.926719
2.949112
2.973744
2.964787
2.962547
2.955830
2.924480
2.948014
2.955446
2.965356
2.945537
2.985174
3.007470
3.049585
3.042153
3.044630
3.074358
3.042153
3.113995
3.118950
3.138768
3.113995
3.111518
3.118950
3.123904
3.131336
3.084267
3.096654
2.997561
2.799375
2.913332
2.970310
3.037198
3.052062
3.089222
3.106563
3.141246
3.118950
3.128859
3.188315
3.166019
3.146200
3.208133
3.240339
3.237861
3.245293
3.170974
3.218043
3.106563
3.195747
3.227952
3.237861
3.314658
3.277498
3.175928
3.232907
3.195747
3.128859
3.099131
2.955446
2.940582
2.910855
2.868740
2.952969
2.871217
2.960401
3.052062
3.052062
3.049585
3.032243
3.044630
3.032243
3.061971
3.039675
3.131336
3.116472
3.146200
3.123904
3.128859
3.210611
3.188315
3.210611
3.247771
3.262634
3.242816
3.275021
3.262634
3.245293
3.297317
3.329522
3.329522
3.341909
3.356773
3.364205
3.406319
3.386501
3.403842
3.426138
3.361727
3.361727
3.406319
3.445956
3.428615
3.428615
3.344386
3.361727
3.416228
3.374114
3.376591
3.421183
3.500457
3.468252
3.475684
3.480639
3.480639
3.470730
3.515321
3.545049
3.532663
3.547527
3.515321
3.582209
3.574777
3.569823
3.649097
3.636710
3.686257
3.703598
3.706075
3.780395
3.820032
3.869579
3.899306
4.047946
4.112356
4.184199
4.270905
4.233745
4.345225
4.360089
4.372475
4.226313
4.315497
4.407158
4.439363
4.461659
4.501296
4.278337
4.290724
4.362566
4.474045
4.466613
4.488909
4.553320
4.588002
4.620208
4.592957
4.555797
4.573138
4.516160
4.444318
4.436886
4.503773
4.548365
4.592957
4.533501
4.459182
4.528547
4.575616
4.590480
4.563229
4.610298
4.721778
4.699482
4.744074
4.736642
4.709391
4.644981
4.493864
4.501296
4.372475
4.374953
4.441840
4.486432
4.528547
4.496341
4.493864
4.568184
4.538456
4.508728
4.548365
4.451750
4.451750
4.454227
4.506251
4.516160
4.627639
4.766370
4.786188
4.781234
4.758938
4.736642
4.664799
4.729210
4.699482
4.657367
4.550842
4.560752
4.607821
4.647458
4.716823
4.640026
4.637549
4.682141
4.719300
4.758938
4.687095
4.749028
4.741596
4.694527
4.697005
4.662322
4.689573
4.662322
4.640026
4.701959
4.709391
4.746551
4.714346
4.617730
4.620208
4.667277
4.635071
4.741596
4.731687
4.749028
4.791143
4.749028
4.734164
4.659845
4.679663
4.630117
4.667277
4.687095
4.716823
4.747383
4.720151
4.816975
4.744357
4.771589
4.753435
4.792769
4.804872
4.798821
4.862361
4.947082
5.040880
5.146780
5.210321
5.301093
5.288990
5.288990
5.461457
5.434226
5.331351
5.343453
5.428174
5.373711
5.446329
5.540126
5.591564
5.630899
5.491715
5.555255
5.376737
5.419097
5.570384
5.700491
5.685362
5.712594
5.724696
5.900189
6.024245
6.096862
6.084759
5.993987
5.803366
5.812443
5.630899
5.655104
5.491715
5.597615
5.549204
5.618796
5.416071
5.382788
5.198218
5.046931
5.098369
5.207295
5.273861
5.152832
5.201244
5.231501
5.313196
5.146780
5.201244
5.125600
5.016674
5.065086
5.170986
5.180064
5.258733
5.231501
5.285964
5.325299
5.325299