1000.0000
973.2330
997.1190
998.3940
1027.6810
1069.4680
1067.1540
1077.8230
1117.4780
1122.1990
1064.8390
1000.2770
1040.8020
1034.9950
1047.3370
1050.6010
1016.2830
987.8270
913.3090
919.3140
882.1900
873.1200
862.2680
893.7180
908.5490
905.5090
932.1470
930.1730
931.0800
922.3620
892.5570
892.2980
908.0490
937.0170
941.2500
950.2090
960.5880
966.1540
957.9670
972.5340
975.3620
968.4310
994.2280
975.6450
978.0140
987.3510
1011.3900
1032.3390
993.9920
1004.6370
991.7770
1007.2060
1030.2170
1033.5810
1026.7220
1025.5260
995.9440
995.6130
1004.9850
976.8780
980.6300
999.4560
1024.9280
1025.5700
995.5860
1014.9220
1036.7030
1010.7640
1022.6220
1026.3270
1021.8320
1034.9390
1042.4820
1031.2190
990.1030
972.6020
972.2290
949.1950
934.4610
950.6710
942.0490
926.7580
942.5390
959.8630
947.1100
951.7900
962.7380
958.4950
944.2540
932.3590
995.9220
1004.5420
991.8420
1013.4480
1039.0540
1036.0070
1030.5930
1038.6220
1064.5220
1107.5230
1075.1510
1040.6210
1057.7140
1072.2190
1107.0610
1115.6480
1141.5820
1132.7220
1082.2400
1148.5390
1126.1750
1085.3490
1102.8450
1153.1710
1174.9380
1183.5020
1208.4500
1186.3580
1196.0190
1220.1100
1181.5040
1177.1750
1177.8400
1157.9390
1134.3830
1161.6920
1160.2390
1144.5310
1166.8010
1209.2710
1218.5200
1211.8040
1225.0300
1232.9820
1212.3370
1215.0220
1201.6470
1176.3640
1144.5020
1105.2960
1091.4830
1113.3100
1117.2140
1137.6620
1155.1060
1155.3490
1134.7920
1126.5170
1093.7650
1078.3650
1089.6730
1093.8560
1067.4180
1028.1610
1025.7160
1048.5350
1020.3890
1024.5050
994.9670
978.9980
995.7440
1013.0240
1020.9380
1029.1200
1032.6040
1025.1520
1063.9460
1071.5820
1086.5580
1087.7250
1107.2400
1115.3340
1100.4610
1117.6720
1088.2660
1114.0520
1101.9530
1095.0980
1099.7760
1098.0030
1088.8970
1064.3070
1071.8600
1078.1110
1084.8210
1087.2990
1093.9040
1101.7600
1107.5370
1094.9540
1102.2150
1078.3710
1083.5970
1070.6010
1067.2850
1076.5630
1077.9880
1072.3430
1052.1130
1019.0400
1006.3660
1008.2960
1015.0760
994.2610
1004.4120
1019.1420
1002.8040
1000.1650
1020.7470
1016.6160
1010.0580
1003.2580
994.2990
1008.1800
1010.5600
1004.6460
975.1750
958.2920
942.5430
904.1470
912.7150
922.0720
903.9850
914.5930
918.2820
931.7700
931.2050
929.9530
909.2550
909.7740
906.3370
895.1490
890.7940
884.8900
875.4300
840.8980
870.9390
842.3500
830.9210
822.9440
834.3160
846.3150
851.1660
833.7370
847.5450
847.7090
844.9780
828.0160
824.0300
829.3590
838.4740
827.5330
810.7090
802.6370
791.7580
795.6080
791.5130
814.4440
832.3240
843.8590
844.1770
836.3840
845.9190
855.2700
876.1680
883.4170
894.2770
899.7980
894.9090
903.3100
891.5160
913.0850
932.7750
951.1380
946.1180
927.2970
930.8280
915.3680
923.9950
887.0630
892.5400
915.5480
919.3950
913.2780
927.3840
932.1210
945.5090
937.4750
919.1850
877.4430
878.7610
891.7520
915.4890
926.2970
942.4850
933.1390
936.1590
915.6840
912.4210
910.6060
936.4160
940.1960
942.9440
952.8060
954.0290
934.1850
921.4950
917.7510
909.8530
883.8730
874.7380
899.6140
891.9320
881.5770
861.9160
876.9490
875.8610
874.8830
854.7120
856.8120
881.0310
852.9200
843.4790
829.3470
830.8840
817.5150
791.8940
791.1340
790.0420
786.1510
816.1380
833.0210
830.1970
832.2890
806.6000
804.4360
778.9540
763.2950
772.4100
797.8580
811.1340
810.9220
833.4230
852.7980
853.3590
881.0470
877.6580
882.2530
878.7580
862.3600
891.1230
895.2720
891.1930
915.9770
920.9740
893.5080
898.3390
869.1900
863.1340
868.4320
864.8110
868.1420
863.4950
866.8370
880.3130
838.1080
852.8720
829.1760
792.4950
798.0960
802.6250
809.4310
798.8370
790.7920
768.9240
755.7620
746.5550
778.7750
793.4400
781.4180
761.3370
757.8960
761.4420
753.0490
727.1730
717.5540
716.5490
729.5040
707.1070
666.9050
669.0170
692.4180
716.4530
717.9360
709.8900
666.0780
633.9080
662.6900
624.9110
632.7990
646.3830
651.2460
648.6810
650.7760
665.4020
680.0450
686.5080
673.6790
692.3030
697.7900
698.8540
714.9560
712.2960
724.7510
721.8320
717.7970
721.0990
736.8820
759.5620
756.8970
762.2900
760.3730
747.7680
735.3360
743.1480
757.6690
759.3690
750.8370
749.2660
761.7030
777.6940
786.0490
792.3780
756.4590
746.4410
765.5620
779.5570
755.5830
751.7910
750.8510
737.8920
737.2130
735.7340
698.4860
683.9590
678.5190
697.7510
701.9010
689.7150
697.1650
698.4870
713.1240
718.9590
716.2290
709.1390
723.4620
725.1200
728.7180
690.4320
681.5340
682.5240
678.4440
685.1310
693.6090
699.3060
713.1860
733.0450
731.7230
719.3500
727.2850
721.0780
719.8720
720.1150
709.9560
716.1700
706.2160
704.8030
714.6620
713.0170
712.5770
702.7240
706.4700
720.4540
727.1880
734.4540
734.2570
717.1010
715.9300
715.2400
711.4280
713.9210
734.5040
735.2940
746.5050
740.9660
742.2680
752.9780
747.4920
748.3880
739.0470
720.6000
715.9240
718.9280
711.1440
726.6840
741.1860
743.9020
739.6240
724.3130
737.2890
722.2810
713.5260
719.2990
734.3230
725.7880
691.3850
697.0030
702.1380
709.1660
706.2500
704.5730
706.3960
708.3010
706.7250
703.5810
688.4740
676.9600
689.4890
690.9820
711.9250
730.4190
736.0120
730.0650
743.1990
743.0730
727.6370
736.3470
729.7300
723.5300
721.0490
730.8660
748.9350
746.8530
750.5610
733.3090
722.5740
727.6160
726.9410
704.0350
706.6250
723.8710
722.7210
730.6160
739.7410
759.4600
762.3130
761.7310
762.5110
749.8920
744.4640
724.1450
723.6100
728.2510
706.6930
691.1380
690.3380
682.3350
661.4900
676.9570
689.6400
690.7670
712.7020
721.8480
711.7970
708.8680
701.9640
705.3880
709.0940
720.5240
719.4480
724.2780
711.2620
707.7530
697.4360
685.3330
688.1200
689.6100
691.6530
701.7780
701.3800
692.8680
690.4970
689.7460
675.8490
672.6700
676.5970
667.3270
665.1850
659.2110
656.1960
656.9360
656.6060
660.0320
651.8260
651.4300
638.8780
616.2840
607.6700
603.1700
606.7660
593.6600
600.8010
624.8240
624.3180
637.4870
646.3190
641.1670
639.5090
632.1810
656.2170
649.6120
646.0460
652.1010
658.3110
668.0890
679.7590
694.1160
709.0750
699.5690
707.6680
713.8630
705.3420
718.1140
733.1380
734.5060
741.1800
731.5870
760.5500
778.6030
774.4850
768.3080
787.3860
792.6000
775.1350
778.4780
757.8690
762.8480
784.7600
791.6710
783.6820
776.0050
782.3630
771.9020
780.9810
791.2630
805.5860
823.0280
835.2770
819.7090
850.8630
839.2980
838.7630
855.6940
851.2170
846.0900
861.0950
884.8910
863.5000
888.0990
902.9030
877.3370
864.6990
869.1500
839.8360
834.0490
842.0360
853.9060
852.1170
842.6850
866.2670
882.7340
882.0010
881.7560
876.3610
882.7520
867.5110
866.4550
877.0010
845.1630
835.1380
853.4840
861.9910
850.5330
847.7820
846.6120
836.3420
846.0540
867.5110
873.4810
892.2100
916.0210
893.7900
923.4060
903.6340
889.3810
913.6510
939.2100
958.0220
957.4400
980.0830
992.1610
988.3000
995.1090
976.3330
1012.6560
1009.5260
1023.4030
1051.6530
1073.5830
1039.8110
1042.8970
1073.7820
1089.7240
1059.0020
1065.9600
1073.8690
1073.0230
1052.1360
1022.4600
1032.7560
1022.1300
1030.1390
1029.2750
1068.1470
1073.6910
1072.9300
1067.6250
1029.5280
1025.4970
971.4540
984.7460
1038.9760
1022.5030
1011.6580
1055.8390
1083.2480
1104.5780
1087.9040
1057.2730
1030.6040
1050.7150
1068.8570
1080.7820
1096.2960
1139.5670
1143.1950
1129.4800
1127.9660
1116.0050
1153.7720
1178.5880
1203.3080
1150.3870
1158.3540
1136.9840
1124.1020
1134.0150
1190.1130
1188.8510
1202.8320
1211.7820
1175.7020
1185.9550
1172.5190
1161.8720
1172.3290
1180.6560
1167.0940
1132.0860
1171.4020
1175.7830
1181.3400
1197.1340
1219.8250
1238.1720
1250.7510
1227.9950
1226.2960
1185.1450
1210.1850
1234.5870
1236.3500
1267.2600
1282.7460
1275.9120
1263.5890
1220.7050
1220.6330
1253.4480
1278.7980
1269.3600
1289.6420
1326.0910
1328.4040
1323.0400
1306.3440
1323.7590
1367.9120
1387.6630
1415.8330
1378.1480
1379.9000
1393.6020
1389.7490
1335.1000
1322.9880
1349.9370
1400.9670
1350.4730
1311.2310
1295.9320
1269.1710
1279.0500
1261.6840
1273.2910
1235.5550
1221.9620
1222.4560
1260.0250
1241.7890
1224.0500
1211.1100
1212.6890
1228.3460
1212.0800
1249.6670
1269.0520
1291.1510
1298.1660
1299.2640
1298.9530
1295.0670
1293.7950
1291.8540
1329.4770
1336.6610
1366.8340
1253.9290
1255.3290
1240.2870
1202.0660
1206.7830
1241.7150
1231.9210
1244.5050
1279.3180
1278.1430
1279.9580
1267.6730
1256.0000
1256.0840
1253.7140
1242.8060
1258.8230
1288.3410
1269.5350
1294.3020
1307.9880
1304.4440
1333.0030
1352.8400
1323.3280
1352.2760
1405.0230
1380.2440
1353.3020
1362.7880
1400.9160
1415.3230
1395.1630
1395.5090
1372.7360
1407.1520
1431.7410
1461.5250
1484.4320
1477.6690
1471.3400
1496.5270
1495.9780
1532.6870
1553.4150
1527.1510
1539.9660
1485.1310
1515.7840
1558.6160
1545.3410
1544.4020
1515.1640
1519.6650
1540.0260
1472.6910
1465.9850
1414.6570
1434.8940
1465.1390
1460.4520
1464.5780
1462.5280
1460.6110
1407.0730
1395.8130
1399.2660
1436.8560
1434.0210
1477.4150
1485.6400
1466.2170
1417.6580
1419.8400
1397.2940
1394.8240
1417.6140
1367.9640
1330.5000
1327.8000
1355.0510
1327.9830
1326.1764
1346.7380
1351.1830
1370.4620
1381.1420
1363.8990
1372.7280
1369.8890
1359.3040
1367.5910
1377.4190
1363.8510
1336.1870
1326.4380
1319.5050
1291.9030
1257.2630
1266.5430
1283.2090
1302.1460
1316.8580
1290.0250
1279.8370
1258.5840
1278.2820
1276.2440
1278.6610
1253.8790
1226.4730
1228.3710
1244.6470
1257.7960
1269.5130
1295.9980
1320.7590
1306.2840
1338.9710
1314.2120
1318.1270
1319.6250
1321.7180
1355.4820
1350.4470
1326.6750
1353.8710
1367.3880
1363.7390
1382.7330
1395.6110
1377.4310
1363.9910
1320.6550
1333.9820
1361.2830
1369.4390
1358.7080
1386.2730
1388.8150
1404.7100
1411.7360
1419.9370
1422.6030
1411.6380
1393.8890
1410.7250
1384.5790
1363.8820
1359.3420
1367.0700
1341.2690
1318.6150
1312.8090
1305.9220
1306.9650
1329.3490
1293.0940
1271.8790
1285.7680
1314.5270
1331.7640
1342.7380
1344.5440
1325.9380
1329.8210
1360.6920
1365.7400
1362.0280
1377.4450
1397.7840
1396.4380
1384.3090
1380.3030
1392.4510
1428.7390
1436.3960
1427.4040
1447.8810
1461.7220
1443.8060
1411.1500
1420.5400
1403.7950
1424.4690
1452.8430
1465.0330
1477.6730
1495.5130
1489.8350
1494.0170
1504.9140
1513.0140
1524.1210
1526.1350
1473.1300
1479.1180
1490.7870
1499.1240
1483.3530
1500.9900
1517.4210
1508.4160
1511.3570
1526.1750
1540.8740
1557.5680
1561.1660
1554.2170
1548.3270
1539.1190
1545.6230
1526.5600
1511.0540
1532.3800
1517.4830
1504.5520
1477.8370
1477.5880
1492.0100
1522.0520
1530.0840
1525.7670
1513.2670
1529.8920
1516.3960
1512.4870
1532.5200
1522.6250
1514.8180
1461.5080
1475.7530
1442.8590
1441.2130
1471.6850
1481.8600
1505.5520
1494.5910
1504.8330
1507.8110
1541.9220
1554.2200
1563.4090
1570.8510
1552.3060
1565.4170
1604.4470
1621.8450
1581.9070
1567.1630
1504.6230
1572.6850
1587.6650
1623.5690
1657.4980
1649.5820
1644.2120
1634.0520
1596.8110
1517.9280
1496.5340
1519.7980
1529.4680
1536.0820
1499.4000
1460.1080
1471.7640
1464.7740
1539.8280
1523.3870
1541.8870
1553.2390
1586.1240
1601.1680
1588.0070
1586.3350
1639.5550
1630.0650
1700.8520
1722.5810
1744.0370
1697.2880
1739.7900
1743.6750
1731.4130
1711.3720
1680.5800
1696.8290
1750.9060
1757.7390
1774.3120
1730.9660
1708.8450
1747.6750
1772.8450
1788.8090
1825.4880
1896.6280
1894.3060
1876.7450
1880.3880
1928.0440
1986.9860
1961.7430
2009.8270
2014.7860
1951.3980
1994.3900
2045.3220
2035.8290
2018.1320
2069.0720
2142.6720
2137.4620
2182.9190
2183.8780
2213.7660
2293.6490
2357.9690
2385.0140
2291.7890
2323.8180
2290.4760
2335.1710
2404.9090
2475.3250
2510.1600
2556.6980
2488.1580
2496.4870
2552.8290
2577.7760
2558.8480
2441.7390
2484.3300
2463.9900
2424.8480
2566.0910
2634.9310
2706.1850
2734.7500
2747.4970
2687.9740
2797.5240
2857.8900
2845.2520
2783.4430
2846.5580
2806.0470
2973.5960
3146.8300
3250.2960
3192.1470
3141.5930
3145.3350
3278.4830
3322.7740
3406.2840
3527.4130
3516.6270
3467.9160
3618.2310
3628.6730
3432.9820
3542.8440
3718.7530
3901.5430
3982.2510
3943.4670
3885.8320
3704.5530
3705.5360
3834.6990
3862.1380
3899.7050
3696.0270
3590.6690
3741.3570
3504.5540
3314.9760
3393.9400
3383.4040
3206.3810
2920.7030
2689.7600
2858.6060
2759.4080
2649.3160
2605.2760
2493.8280
2352.0100
2364.0490
2435.7550
2535.8890
2683.0740
2726.0480
2590.0310
2627.0760
2783.3240
2848.3030
2882.8970
2897.3730
2967.9520
2897.8240
2683.4460
2581.9620
2693.8650
2561.1910
2539.8440
2399.2730
2546.1620
2502.0410
2480.9260
2576.9930
2706.7180
2698.9120
2622.1880
2684.2580
2674.0220
2666.2870
2504.1720
2570.6910
2508.8170
2341.9540
2152.6140
1990.7060
1890.0360
1959.4940
2082.1240
1996.8650
1889.4910
1855.0320
1893.5210
2001.1560
2071.7170
2039.1180
2060.5050
1906.2140
1797.5570
1926.2450
1933.2970
1983.2980
2079.0600
2078.7180
2077.9900
2106.5940
2020.9720
2122.2570
2098.5670
2082.6730
2190.3110
2216.6560
2316.7820
2342.0390
2305.0030
2404.5330
2449.0300
2433.5990
2511.1640
2344.7400
2458.1380
2538.3830
2527.4770
2563.9580
2485.2350
2485.2760
2478.2770
2432.0380
2429.2700
2584.3170
2564.7220
2661.4120
2724.6190
2746.6090
2804.6770
2783.2980
2710.1610
2797.1620
2717.0520
2661.1650
2770.7520
2800.1500
2770.5770
2816.0480
2897.5690
2833.1980
2649.5500
2672.5810
2655.3450
2613.2630
2708.1230
2692.1610
2738.1490
2691.6580
2667.9120
2695.5070
2671.2920
2709.2650
2745.7000
2763.1140
2835.7010
2830.2590
2829.9210
2839.8520
2783.9420
2795.7800
2794.7300
2735.4850
2749.8220
2779.5130
2714.0480
2491.2400
2416.7250
2468.3660
2256.5240
2248.9900
2106.3580
2147.5310
2059.7760
2175.0120
2112.9020
2174.9340
2241.6960
2204.6480
2112.4040
2149.5860
2158.8240
1994.0470
1997.4650
1906.4610
1994.0650
1992.6950
2075.2870
2090.5130
2126.6360
2096.9860
2116.8380
2201.9250
2215.3410
2190.9110
2211.0060
2245.5640
2218.1190
2203.7410
2037.1430
2014.9200
1880.1460
1934.9190
2017.6040
2007.0760
1907.0410
1953.3320
2002.1910
1970.8130
1936.9680
1934.8700
2023.1280
1996.9200
1977.5380
2087.2930
2177.8700
2227.0340
2221.7020
2259.1060
2219.7700
2216.0860
2199.6850
2152.5480
2248.7830
2238.2860
2205.3690
2279.5200
2297.0410
2248.6840
2229.9340
2283.1430
2264.0160
2294.0150
2324.3940
2309.6760
2265.5930
2272.5200
2145.2390
2110.1620
2136.9240
2126.8340
2155.6970
2146.6110
2155.2290
2138.7380
2217.2300
2211.0180
2224.0950
2129.1940
2053.5970
2054.2220
2034.9250
2034.5650
2025.2230
2057.8570
2081.4400
2020.4750
2037.4030
2065.3010
2098.2340
2075.5090
2067.2540
2086.0070
2069.8850
2058.5180
2159.8000
2168.8200
2188.5580
2204.9740
2199.3010
2196.7270
2186.5440
2054.7070
2058.3140
2128.7990
2101.4160
2122.8900
2119.6300
2092.0010
2144.8180
2137.4850
2127.3640
2191.8060
2216.7100
2209.7880
2227.7900
2211.1770
2248.7120
2246.0240
2241.5600
2233.9220
2239.0020
2218.5880
2247.3540
2285.3690
2293.0790
2263.7840
2249.8710
2273.7190
2268.5350
2265.1280
2249.9990
2245.8850
2279.5500
2155.3860
2139.7440
2122.4120
2099.1790
2113.2140
2108.3140
2129.6520
2109.0550
2130.5940
2154.5050
2137.0010
2103.3950
2123.8410
2193.2110
2201.0960
2208.1950
2201.5940
2204.5560
2167.4000
2174.1580
2192.1700
2180.6600
2189.7490
2193.2000
2195.5310
2191.7580
2181.3260
2170.8570
2182.6940
2222.8370
2212.0530
2223.4680
2202.9670
2145.5630
2145.8680
2144.5570
2165.2130
2158.4320
2162.1310
2168.4220
2156.5100
2122.9000
2140.8030
2139.6280
2146.1840
2149.9010
2208.4690
2210.8610
2209.6850
2208.5670
2194.2270
2167.8620
2198.1410
2184.9100
2193.2550
2180.9960
2200.8030
2200.2070
2184.4930
2182.4770
2165.4330
2159.7600
2176.4470
2146.3990
2153.1850
2145.2290
2130.3010
2150.3030
2123.8450
2143.3210
2147.1070
2161.6860
2179.3000
2182.4670
2163.0410
2157.9600
2152.6020
2177.6510
2165.7070
2146.6270
2167.5280
2166.0450
2160.3460
2183.0490
2181.9290
2143.4520
2143.8780
2122.2590
2134.9870
2114.7110
2099.8880
1984.3950
1985.0430
1963.0800
1975.8540
1998.1130
1980.4102
1982.2972
1991.6964
1986.2744
1964.5412
1974.0101
1968.6195
1957.1545
1959.2396
1962.0587
1963.2550
1991.5652
1983.9713
1965.0300
1961.6191
1951.6773
1937.5466
1930.1447
1899.9428
1830.8477
1867.8683
1845.7875
1844.1400
1880.7483
1887.3245
1861.2158
1870.7028
1886.2320
1876.7607
1900.4472
1889.1337
1903.6279
1914.0823
1904.6849
1913.6805
1909.3954
1892.3570
1897.6297
1882.8685
1894.9616
1921.0773
1919.9732
1925.9512
1938.4445
1926.7715
1927.1597
1931.9682
1920.4049
1928.2890
1962.7697
1977.8531
1964.6284
1953.9425
1950.0077
1970.8788
1958.0230
1957.8199
1966.7266
1949.6610
1953.8158
1961.0632
1948.5799
1948.3692
1965.1368
1947.5282
1944.3626
1929.1958
1893.7009
1907.3381
1943.1602
1944.2345
1946.0485
1912.4507
1917.6329
1897.5065
1910.4760
1887.4603
1868.2814
1848.2027
1845.3821
1850.3900
1839.0064
1809.9113
1818.8704
1820.4805
1842.9222
1850.7336
1850.8493
1840.4534
1838.1038
1818.1911
1788.7083
1802.4908
1771.3195
1772.4131
1774.6277
1778.6359
1814.9405
1822.6389
1813.5065
1801.0776
1788.0753
1758.2348
1776.2778
1777.6939
1759.6318
1763.7292
1728.4880
1745.9265
1761.2457
1766.3934
1799.8524
1794.7496
1796.1348
1775.5508
1795.6316
1790.6354
1816.2585
1810.0526
1816.3997
1820.9764
1824.6908
1798.3806
1807.4288
1821.2775
1819.9338
1808.1995
1813.5524
1818.0668
1835.9857
1829.5051
1836.6309
1838.9952
1835.4390
1803.2473
1783.9117
1786.7462
1778.8626
1745.5672
1656.4333
1667.4881
1684.7710
1688.6097
1690.1454
1686.4385
1688.0945
1681.3097
1742.1908
1734.0736
1736.3000
1741.0741
1724.8330
1733.1235
1719.6172
1732.4341
1762.4211
1763.0491
1753.6692
1742.1394
1793.4818
1798.5691
1825.1869
1833.3982
1821.8032
1829.2167
1814.9153
1807.3663
1795.7391
1812.8781
1842.8285
1831.5912
1838.6308
1849.3789
1865.2500
1883.6179
1885.1622
1902.8567
1890.3823
1885.2737
1896.3754
1884.4841
1888.4324
1879.2524
1875.6347
1894.8022
1880.2964
1892.6689
1872.7698
1866.4245
1843.6213
1839.4553
1854.9428
1854.7341
1866.9817
1889.8381
1917.4576
1901.5506
1899.9862
1926.0744
1882.6861
1876.9913
1868.1586
1862.6112
1880.2142
1898.7594
1901.6928
1913.2643
1910.7217
1896.2235
1855.9863
1869.7873
1872.7464
1847.5650
1832.9665
1850.3028
1859.0682
1866.1423
1884.1117
1900.6308
1906.4371
1896.7210
1868.0808
1878.2595
1833.8951
1859.7498
1856.9607
1853.3781
1794.7808
1782.6567
1760.8995
1793.8676
1787.3816
1770.3016
1804.6224
1797.7654
1758.5897
1784.3148
1776.9899
1792.1554
1816.9847
1798.6909
1806.0902
1794.3441
1783.9732
1780.6443
1798.5023
1782.4132
1789.7362
1779.3392
1755.8060
1758.8205
1745.2360
1745.0175
1752.6520
1769.6718
1795.3831
1794.6087
1801.4185
1806.1562
1803.5858
1791.0845
1804.2349
1785.7050
1732.6225
1729.5974
1742.0344
1738.0019
1728.1396
1768.2140
1767.8290
1813.2751
1810.8346
1816.8003
1799.7709
1782.3990
1735.0570
1697.3900
1702.4264
1688.2724
1598.1161
1616.4003
1641.4307
1592.5102
1648.0721
1648.5816
1646.7714
1677.7647
1668.8345
1729.1527
1743.5413
1753.6274
1789.8488
1772.0054
1795.6928
1797.6095
1785.2696
1793.2216
1856.4554
1882.4090
1872.6782
1841.2893
1848.7105
1821.3223
1842.9199
1864.6204
1829.9129
1817.2279
1726.0209
1780.6093
1844.6929
1835.1539
1842.1872
1900.4817
1900.2546
1872.4701
1836.8127
1841.6531
1835.5201
1834.6256
1826.8897
1824.5943
1838.7088
1783.7407
1822.2644
1820.2808
1782.8085
1753.0476
1806.8609
1819.4064
1781.2761
1805.5958
1801.5708
1826.7912
1814.8549
1852.3359
1856.8680
1855.8086
1865.3588
1834.7797
1830.9804
1858.0114
1846.6748
1831.2045
1836.7539
1862.4808
1875.9994
1845.9733
1838.4028
1804.5488
1796.9134
1773.6458
1726.2188
1743.7426
1709.5476
1702.9297
1746.1130
1743.2475
1730.3750
1711.5224
1688.6179
1712.7684
1685.8948
1673.3194
1641.6627
1547.1453
1563.7925
1521.6761
1549.6605
1538.5650
1564.9174
1546.2315
1543.6637
1606.7147
1588.3739
1607.1223
1565.6104
1532.6789
1541.3135
1581.9302
1592.9761
1563.0085
1614.6324
1618.4632
1616.9125
1621.6318
1607.8841
1590.0633
1609.5479
1620.9733
1629.6096
1632.3204
1606.1153
1594.5674
1559.6408
1561.2576
1541.8601
1510.0876
1481.6065
1440.7955
1479.4408
1447.7568
1497.6063
1511.7073
1531.3404
1518.4912
1478.5059
1463.8718
1434.3058
1435.6902
1456.9724
1439.5515
1455.5021
1450.0912
1493.4329
1493.1057
1481.1915
1457.9160
1435.2005
1443.6877
1455.5027
1430.2399
1422.8699
1425.2289
1390.8229
1395.1665
1385.7962
1391.2791
1366.5653
1349.7765
1377.3027
1392.4026
1387.6192
1411.1190
1405.8060
1420.7498
1400.3593
1411.3398
1353.6711
1345.9527
1346.7045
1261.8831
1268.4055
1250.2184
1216.6868
1231.8615
1205.0314
1249.8896
1314.9449
1292.0559
1284.1023
1273.6029
1263.1881
1250.4796
1259.9480
1275.5743
1286.3265
1348.2794
1348.8759
1349.1087
1345.7678
1329.5909
1322.8308
1368.7907
1392.0549
1385.7324
1405.2479
1403.2829
1394.4000
1355.3343
1363.0284
1353.9237
1308.7387
1304.5572
1315.4328
1341.0832
1312.7163
1329.3885
1372.7939
1378.7535
1381.7668
1345.7608
1341.0187
1326.8478
1338.0788
1338.7307
1348.5039
1310.4576
1299.1747
1293.3351
1268.8139
1278.1573
1270.3043
1284.3322
1273.4473
1264.0702
1248.0765
1250.5254
1228.7668
1214.4969
1245.1567
1268.0583
1263.5102
1262.5167
1258.9886
1261.5603
1245.9994
1266.2745
1267.3048
1251.4137
1269.5046
1274.7889
1252.2391
1251.1266
1265.1607
1265.4942
1259.7432
1243.5918
1230.8193
1227.9878
1271.2746
1316.0984
1332.2704
1357.6657
1361.9384
1357.8362
1413.6002
1406.0375
1408.3818
1412.5350
1456.2989
1536.3711
1546.9869
1520.4193
1535.6804
1567.8731
1619.7099
1676.5659
1700.4964
1692.4163
1654.4853
1727.8014
1773.4325
1693.8604
1650.1862
1662.6229
1707.0560
1708.8743
1687.9000
1703.8545
1693.8654
1668.8413
1630.1903
1637.7728
1626.8187
1693.5475
1760.8920
1754.1565
1768.1781
1777.2628
1739.6551
1741.1706
1726.6364
1691.1042
1695.7294
1666.8971
1697.5287
1717.4373
1704.5468
1715.7952
1697.5121
1683.8000
1718.8461
1669.9777
1657.8243
1615.6164
1623.7819
1494.8864
1504.1637
1481.8730
1469.4755
1533.8712
1503.0646
1494.6033
1528.6912
1533.6697
1478.7481
1469.3110
1493.7156
1488.6266
1451.2448
1443.7467
1491.9516
1505.1630
1497.8922
1485.2423
1483.6576
1468.9816
1456.2678
1451.1766
1416.0552
1431.3371
1487.3499
1473.9007
1479.8305
1453.9575
1442.3479
1455.7456
1469.9874
1498.0144
1523.8089
1514.4648
1498.4655
1504.5487
1525.2438
1511.5071
1568.1598
1570.5116
1544.3566
1532.7435
1547.7370
1506.6612
1517.7927
1510.4346
1514.1994
1518.0741
1547.4677
1545.2729
1550.2173
1524.4792
1541.9814
1515.9654
1534.9261
1553.7177
1566.0771
1561.8552
1566.5244
1580.1286
1570.3934
1573.8657
1556.7442
1531.3724
1507.9105
1500.2514
1522.9742
1507.7060
1539.9133
1524.3574
1536.6595
1555.7734
1567.9928
1622.8437
1611.5925
1609.8333
1613.4575
1615.5592
1600.7952
1628.1214
1625.1881
1620.8606
1610.8982
1652.2882
1660.4265
1669.4104
1689.0540
1692.2391
1733.2301
1725.3082
1703.5377
1710.5723
1714.3683
1677.9866
1679.3059
1705.5991
1705.0471
1684.3236
1694.5964
1672.6464
1623.7908
1647.5332
1627.5454
1616.5842
1622.4150
1666.9663
1666.8345
1679.3784
1660.8870
1656.3719
1658.2592
1648.6253
1644.5077
1666.8685
1650.2900
1653.8646
1675.3402
1704.4168
1686.5802
1684.0782
1671.3122
1686.9984
1699.9194
1713.2892
1703.0175
1715.5753
1711.2157
1673.1288
1671.4421
1681.7939
1692.5827
1674.7838
1682.4917
1729.0785
1719.6649
1713.2023
1679.8026
1661.7742
1679.0823
1674.3888
1673.7948
1664.8963
1669.5358
1675.3852
1673.7793
1709.8264
1726.8011
1721.0707
1734.0216
1718.2595
1720.9860
1755.4132
1780.3330
1801.6162
1792.4178
1790.4375
1771.7065
1736.6240
1769.8688
1784.3947
1793.6354
1767.5818
1790.2385
1798.1181
1832.7416
1836.0118
1859.9209
1893.2141
1862.6992
1913.1422
1904.1945
1935.0716
1922.5573
1924.2384
1929.9608
1932.5106
1982.1762
1967.0268
1993.8991
1927.7418
1795.7744
1882.6910
1939.6198
2012.2485
2015.7993
2042.1773
2028.4442
2085.2780
2064.5956
2069.2188
2146.1776
2170.9493
2139.4372
2186.7374
2226.6389
2263.9716
2287.3117
2180.7012
2196.7138
2071.5665
2135.4152
2173.3465
2169.4428
2209.5883
2192.9361
2093.0632
2148.8097
2101.4635
2045.9255
2030.5800
1910.7666
1917.7019
1887.0419
1894.9431
1915.0464
1827.0522
1876.9102
1937.8546
1927.2753
1903.8810
1860.4845
1871.9174
1864.8002
1916.9506
1906.6747
1969.7818
1964.7573
1997.1361
1949.8848
1923.0814
1985.4260
1977.5145
2008.3881
2020.7696
2043.4370
2023.9423
2043.1705
2029.5244
2003.7478
2018.6659
2030.7242
2030.4769
2069.4321
2110.2665
2106.8418
2125.2433
2102.8251
2124.1500
2140.6809
2117.6473
2124.3107
2114.8582
2144.1207
2118.1192
2099.4317
2046.5956
2052.3022
2112.9733
2071.4735
2054.9640
2086.6658
2158.2231
2145.2857
2143.1169
2151.3849
2166.3751
2153.5642
2181.5887
2201.9882
2195.6376
2206.7641
2219.5495
2260.4575
2263.9606
2266.0319
2319.4494
2342.8804
2382.0473
2382.4734
2372.5363
2438.1967
2419.6294
2424.3934
2462.5624
2529.4870
2591.2634
2651.9694
2757.6534
2778.4567
2889.4265
2858.6719
2813.0607
2646.2604
2662.4024
2697.3006
2736.5118
2769.0280
2799.6735
2627.8426
2631.7619
2666.5213
2767.4018
2743.6336
2795.3998
2868.8821
2832.8447
2860.2415
2814.3737
2749.9533
2735.2561
2688.7004
2635.5022
2622.6405
2668.7124
2696.3924
2701.0606
2612.8354
2587.8614
2632.4520
2684.6293
2701.6042
2644.1440
2689.1705
2757.8387
2728.3134
2750.4235
2771.8503
2746.9528
2732.1546
2641.2016
2650.6290
2523.3957
2483.0316
2536.6181
2572.6012
2595.1539
2554.7996
2557.3211
2596.0818
2569.2194
2555.5441
2599.8846
2535.8685
2540.4261
2521.2460
2563.3794
2574.7583
2672.9344
2777.3880
2784.7166
2764.2438
2737.9628
2724.4966
2689.6690
2740.5830
2700.5327
2673.5850
2600.8426
2617.7427
2650.7637
2670.4815
2699.9229
2655.8646
2708.3878
2744.3137
2750.5536
2787.8780
2733.0715
2813.9978
2773.2176
2681.5244
2700.5098
2706.8134
2712.4087
2658.0921
2620.6722
2645.1610
2667.0925
2686.3577
2674.7983
2615.5311
2609.3862
2618.9908
2631.8893
2698.4431
2682.9718
2712.5177
2730.8373
2726.4828
2746.2816
2697.8256
2718.5452
2687.7808
2726.6010
2758.8546
2760.6399
2785.6153
2780.7302
2882.4426
2811.7493
2842.9704
2820.7532
2840.8006
2842.8101
2812.9974
2900.5375
2966.2563
3078.1113
3097.9770
3115.0913
3162.3980
3150.7797
3092.8608
3180.3496
3130.2979
3089.1774
3089.9447
3149.2004
3084.4881
3204.9320
3283.7210
3358.2377
3355.2401
3258.3553
3281.0305
3161.8634
3128.8649
3159.9933
3228.6976
3223.7662
3200.5493
3193.7066
3278.0603
3334.2422
3413.8101
3320.1440
3285.5347
3138.6723
3112.3574
3007.4559
2977.1759
2977.1759