1.0000
1.0000
1.0030
1.0220
1.0270
1.0200
1.0230
1.0200
1.0120
1.0150
1.0160
1.0150
1.0150
1.0130
1.0120
1.0110
1.0110
1.0110
1.0100
1.0150
1.0150
1.0150
1.0170
1.0200
1.0140
1.0150
1.0150
1.0160
1.0200
1.0290
1.0300
1.0330
1.0240
1.0300
1.0370
1.0410
1.0490
1.0550
1.0420
1.0410
1.0510
1.0500
1.0380
1.0460
1.0550
1.0520
1.0480
1.0500
1.0520
1.0620
1.0710
1.0820
1.0640
1.0690
1.0530
1.0660
1.0760
1.0960
1.1030
1.1110
1.1030
1.0990
1.1040
1.1090
1.1030
1.0930
1.0930
1.0820
1.0780
1.0810
1.0820
1.0850
1.0830
1.0810
1.0790
1.0790
1.0860
1.0940
1.0840
1.0850
1.0870
1.1150
1.1340
1.1420
1.1580
1.1600
1.1700
1.1850
1.1840
1.1860
1.1940
1.1910
1.1870
1.1960
1.2040
1.2060
1.2140
1.2150
1.2240
1.2250
1.2210
1.2190
1.2130
1.2150
1.2180
1.2280
1.2310
1.2290
1.2270
1.2270
1.2190
1.2130
1.2140
1.2200
1.2190
1.2120
1.1830
1.1800
1.1780
1.1770
1.1760
1.1860
1.1970
1.2020
1.1950
1.1960
1.2000
1.2030
1.2030
1.2010
1.2010
1.2010
1.2010
1.2010
1.2000
1.2000
1.2000
1.2000
1.2000
1.1990
1.2010
1.2020
1.1990
1.1990
1.1990
1.1990
1.1970
1.1970
1.1960
1.1970
1.1970
1.1980
1.1980
1.1980
1.1970
1.1970
1.1980
1.2000
1.1990
1.1990
1.1990
1.1990
1.1990
1.1990
1.1980
1.1980
1.1980
1.1980
1.1980
1.1990
1.1980
1.1960
1.1940
1.1940
1.1940
1.1940
1.1940
1.1940
1.1940
1.1940
1.1950
1.1940
1.1940
1.1940
1.1940
1.1940
1.1940
1.1940
1.1950
1.1940
1.1960
1.1920
1.1940
1.1950
1.1940
1.1950
1.1940
1.1930
1.1930
1.1920
1.1920
1.1920
1.1910
1.1910
1.1910
1.1910
1.1920
1.1920
1.1910
1.1920
1.1920
1.1910
1.1920
1.1920
1.1920
1.1920
1.1930
1.1930
1.1930
1.1930
1.1930
1.1910
1.1910
1.1920
1.1920
1.1920
1.1920
1.1920
1.1910
1.1910
1.1910
1.1910
1.1920
1.1920
1.1920
1.1920
1.1920
1.1930
1.1930
1.1930
1.1940
1.1950
1.1950
1.1940
1.1950
1.1950
1.1950
1.1960
1.1960
1.1960
1.1960
1.1970
1.1970
1.1970
1.1980
1.1980
1.1970
1.1980
1.1980
1.1970
1.1970
1.1960
1.1970
1.1970
1.1970
1.1970
1.1970
1.1970
1.1970
1.1980
1.1980
1.1980
1.1980
1.2000
1.1990
1.1990
1.1960
1.1960
1.1950
1.1950
1.1960
1.1960
1.1950
1.1950
1.1950
1.1950
1.1950
1.1950
1.1950
1.1950
1.1950
1.1950
1.1950
1.1960
1.1960
1.1970
1.1960
1.1960
1.1960
1.1960
1.1970
1.1970
1.1970
1.1970
1.1970
1.1970
1.1980
1.1970
1.1980
1.1970
1.1970
1.1980
1.1970
1.1980
1.1980
1.1980
1.1980
1.1980
1.1990
1.1990
1.1990
1.1990
1.1990
1.1990
1.2000
1.1990
1.2000
1.2000
1.2000
1.2000
1.2000
1.2000
1.2000
1.2000
1.2000
1.2000
1.2010
1.2010
1.2010
1.2010
1.2010
1.2010
1.2010
1.2020
1.2020
1.2020
1.2030
1.2040
1.2040
1.2040
1.2050
1.2050
1.2050
1.2060
1.2060
1.2060
1.2060
1.2060
1.2060
1.2070
1.2070
1.2070
1.2070
1.2080
1.2080
1.2080
1.2080
1.2080
1.2080
1.2070
1.2090
1.2080
1.2080
1.2090
1.2090
1.2090
1.2090
1.2090
1.2090
1.2090
1.2090
1.2100
1.2100
1.2110
1.2110
1.2110
1.2110
1.2110
1.2110
1.2110
1.2100
1.2100
1.2100
1.2110
1.2100
1.2100
1.2110
1.2110
1.2110
1.2110
1.2120
1.2120
1.2130
1.2130
1.2130
1.2130
1.2130
1.2130
1.2130
1.2130
1.2130
1.2130
1.2130
1.2130
1.2130
1.2130
1.2130
1.2140
1.2140
1.2130
1.2140
1.2130
1.2110
1.2120
1.2120
1.2120
1.2120
1.2130
1.2130
1.2130
1.2130
1.2140
1.2130
1.2140
1.2140
1.2140
1.2140
1.2140
1.2150
1.2150
1.2150
1.2150
1.2160
1.2160
1.2160
1.2160
1.2160
1.2160
1.2170
1.2160
1.2170
1.2170
1.2170
1.2180
1.2180
1.2190
1.2180
1.2190
1.2190
1.2200
1.2200
1.2200
1.2200
1.2190
1.2190
1.2200
1.2200
1.2210
1.2210
1.2220
1.2220
1.2230
1.2230
1.2230
1.2230
1.2240
1.2240
1.2250
1.2260
1.2260
1.2250
1.2240
1.2240
1.2250
1.2250
1.2240
1.2250
1.2250
1.2260
1.2260
1.2260
1.2260
1.2260
1.2270
1.2250
1.2250
1.2230
1.2230
1.2230
1.2220
1.2220
1.2220
1.2230
1.2230
1.2230
1.2230
1.2230
1.2240
1.2250
1.2250
1.2250
1.2250
1.2270
1.2260
1.2250
1.2270
1.2270
1.2280
1.2290
1.2310
1.2310
1.2300
1.2280
1.2280
1.2290
1.2280
1.2300
1.2320
1.2330
1.2320
1.2310
1.2320
1.2330
1.2330
1.2340
1.2330
1.2320
1.2330
1.2350
1.2340
1.2340
1.2320
1.2320
1.2320
1.2310
1.2310
1.2320
1.2330
1.2360
1.2360
1.2350
1.2380
1.2380
1.2390
1.2390
1.2370
1.2350
1.2360
1.2370
1.2380
1.2340
1.2350
1.2340
1.2350
1.2350
1.2330
1.2320
1.2310
1.2300
1.2270
1.2280
1.2250
1.2230
1.2240
1.2230
1.2230
1.2210
1.2210
1.2210
1.2180
1.2160
1.2160
1.2120
1.2130
1.2140
1.2140
1.2140
1.2140
1.2150
1.2150
1.2160
1.2160
1.2170
1.2160
1.2160
1.2160
1.2160
1.2160
1.2160
1.2180
1.2150
1.2180
1.2180
1.2180
1.2160
1.2180
1.2180
1.2180
1.2200
1.2220
1.2210
1.2200
1.2180
1.2200
1.2220
1.2200
1.2220
1.2250
1.2260
1.2250
1.2250
1.2240
1.2230
1.2230
1.2210
1.2180
1.2210
1.2180
1.2220
1.2200
1.2160
1.2140
1.2160
1.2170
1.2190
1.2180
1.2150
1.2180
1.2200
1.2200
1.2180
1.2150
1.2160
1.2210
1.2190
1.2210
1.2230
1.2260
1.2270
1.2290
1.2340
1.2430
1.2470
1.2510
1.2500
1.2550
1.2580
1.2560
1.2570
1.2600
1.2630
1.2670
1.2620
1.2640
1.2640
1.2650
1.2670
1.2630
1.2620
1.2620
1.2630
1.2650
1.2650
1.2650
1.2620
1.2680
1.2700
1.2690
1.2700
1.2670
1.2740
1.2760
1.2750
1.2730
1.2790
1.2820
1.2760
1.2790
1.2870
1.2860
1.2820
1.2870
1.2910
1.2870
1.2900
1.2860
1.2920
1.2940
1.2980
1.2960
1.2930
1.2980
1.3030
1.3130
1.3130
1.3160
1.3010
1.3040
1.3010
1.3080
1.3090
1.3050
1.3080
1.3150
1.3130
1.3130
1.3000
1.3090
1.3260
1.3200
1.3270
1.3270
1.3210
1.3260
1.3300
1.3330
1.3390
1.3390
1.3410
1.3370
1.3300
1.3350
1.3370
1.3370
1.3390
1.3350
1.3400
1.3390
1.3380
1.3440
1.3470
1.3420
1.3480
1.3540
1.3500
1.3420
1.3420
1.3360
1.3450
1.3440
1.3330
1.3300
1.3280
1.3220
1.3250
1.3420
1.3460
1.3470
1.3420
1.3300
1.3270
1.3330
1.3460
1.3430
1.3470
1.3480
1.3530
1.3550
1.3560
1.3510
1.3430
1.3440
1.3410
1.3420
1.3440
1.3430
1.3450
1.3440
1.3430
1.3430
1.3480
1.3530
1.3480
1.3520
1.3520
1.3520
1.3510
1.3630
1.3450
1.3430
1.3320
1.3380
1.3340
1.3340
1.3320
1.3330
1.3360
1.3370
1.3450
1.3440
1.3410
1.3370
1.3320
1.3240
1.3310
1.3370
1.3390
1.3440
1.3480
1.3460
1.3430
1.3420
1.3470
1.3450
1.3460
1.3560
1.3590
1.3620
1.3660
1.3610
1.3700
1.3740
1.3710
1.3690
1.3730
1.3730
1.3760
1.3680
1.3650
1.3700
1.3760
1.3770
1.3760
1.3940
1.3910
1.4080
1.4170
1.4180
1.4230
1.4260
1.4270
1.4360
1.4380
1.4340
1.4350
1.4340
1.4390
1.4440
1.4490
1.4460
1.4470
1.4390
1.4300
1.4360
1.4360
1.4360
1.4290
1.4250
1.4280
1.4300
1.4390
1.4430
1.4460
1.4410
1.4510
1.4530
1.4520
1.4460
1.4500
1.4480
1.4460
1.4490
1.4500
1.4460
1.4430
1.4470
1.4440
1.4400
1.4420
1.4310
1.4280
1.4340
1.4290
1.4340
1.4380
1.4360
1.4350
1.4330
1.4300
1.4280
1.4280
1.4290
1.4300
1.4280
1.4290
1.4340
1.4350
1.4320
1.4310
1.4300
1.4300
1.4300
1.4250
1.4240
1.4250
1.4230
1.4220
1.4180
1.4190
1.4200
1.4190
1.4250
1.4280
1.4270
1.4330
1.4290
1.4340
1.4330
1.4360
1.4360
1.4240
1.4290
1.4250
1.4310
1.4350
1.4350
1.4350
1.4330
1.4270
1.4340
1.4350
1.4300
1.4250
1.4230
1.4220
1.4150
1.4100
1.4140
1.4140
1.4230
1.4200
1.4180
1.4180
1.4170
1.4150
1.4170
1.4160
1.4170
1.4160
1.4150
1.4190
1.4180
1.4190
1.4170
1.4190
1.4210
1.4210
1.4210
1.4200
1.4230
1.4240
1.4240
1.4220
1.4170
1.4170
1.4160
1.4210
1.4200
1.4230
1.4210
1.4210
1.4190
1.4180
1.4160
1.4180
1.4170
1.4180
1.4170
1.4160
1.4210
1.4210
1.4190
1.4170
1.4170
1.4160
1.4150
1.4160
1.4180
1.4220
1.4190
1.4260
1.4270
1.4250
1.4310
1.4340
1.4300
1.4310
1.4310
1.4330
1.4350
1.4370
1.4330
1.4410
1.4420
1.4470
1.4470
1.4470
1.4470
1.4410
1.4460
1.4440
1.4440
1.4410
1.4410
1.4340
1.4250
1.4330
1.4340
1.4400
1.4360
1.4360
1.4380
1.4250
1.4230
1.4330
1.4340
1.4330
1.4370
1.4390
1.4440
1.4440
1.4440
1.4410
1.4440
1.4410
1.4390
1.4460
1.4450
1.4490
1.4490
1.4550
1.4560
1.4560
1.4530
1.4530
1.4580
1.4590
1.4530
1.4530
1.4510
1.4560
1.4560
1.4540
1.4600
1.4570
1.4500
1.4550
1.4430
1.4450
1.4460
1.4490
1.4460
1.4460
1.4430
1.4430
1.4520
1.4510
1.4460
1.4530
1.4570
1.4530
1.4520
1.4530
1.4550
1.4510
1.4510
1.4500
1.4550
1.4520
1.4540
1.4540
1.4530
1.4500
1.4490
1.4490
1.4550
1.4570
1.4560
1.4550
1.4550
1.4540
1.4560
1.4590
1.4660
1.4660
1.4690
1.4650
1.4660
1.4730
1.4720
1.4710
1.4780
1.4780
1.4750
1.4770
1.4780
1.4740
1.4760
1.4760
1.4780
1.4770
1.4780
1.4750
1.4740
1.4700
1.4740
1.4800
1.4820
1.4830
1.4840
1.4850
1.4860
1.4850
1.4810
1.4820
1.4820
1.4800
1.4840
1.4840
1.4930
1.4910
1.4980
1.4930
1.4910
1.4920
1.4930
1.4910
1.4920
1.4910
1.4920
1.4950
1.4920
1.4900
1.4910
1.4930
1.4970
1.4950
1.4970
1.4970
1.4930
1.4940
1.4930
1.4900
1.4860
1.4870
1.4880
1.4870
1.4910
1.4910
1.4920
1.4890
1.4900
1.4890
1.4920
1.4930
1.4920
1.4980
1.4990
1.5000
1.5010
1.5020
1.5010
1.5020
1.5050
1.5050
1.5060
1.5060
1.5040
1.5030
1.5020
1.5010
1.5030
1.5050
1.5040
1.5060
1.5090
1.5090
1.5090
1.5100
1.5090
1.5070
1.5090
1.5100
1.5110
1.5090
1.5110
1.5140
1.5120
1.5110
1.5090
1.5090
1.5090
1.5080
1.5070
1.5050
1.5050
1.5050
1.5060
1.5070
1.5110
1.5090
1.5090
1.5100
1.5090
1.5130
1.5130
1.5100
1.5090
1.5100
1.5080
1.5090
1.5120
1.5130
1.5150
1.5130
1.5160
1.5190
1.5190
1.5180
1.5180
1.5200
1.5180
1.5240
1.5230
1.5270
1.5220
1.5230
1.5240
1.5240
1.5260
1.5230
1.5270
1.5260
1.5330
1.5310
1.5350
1.5330
1.5330
1.5380
1.5390
1.5420
1.5380
1.5390
1.5370
1.5380
1.5370
1.5410
1.5420
1.5430
1.5460
1.5350
1.5430
1.5370
1.5380
1.5430
1.5440
1.5440
1.5420
1.5380
1.5400
1.5380
1.5370
1.5360
1.5280
1.5290
1.5260
1.5250
1.5290
1.5240
1.5290
1.5340
1.5370
1.5360
1.5360
1.5390
1.5380
1.5400
1.5390
1.5430
1.5430
1.5450
1.5440
1.5450
1.5510
1.5470
1.5480
1.5470
1.5510
1.5520
1.5530
1.5520
1.5490
1.5500
1.5530
1.5510
1.5470
1.5490
1.5490
1.5500
1.5480
1.5510
1.5530
1.5500
1.5490
1.5490
1.5530
1.5490
1.5480
1.5450
1.5470
1.5510
1.5470
1.5470
1.5510
1.5530
1.5480
1.5480
1.5500
1.5500
1.5490
1.5510
1.5550
1.5570
1.5550
1.5560
1.5580
1.5570
1.5540
1.5540
1.5540
1.5600
1.5610
1.5630
1.5680
1.5680
1.5600
1.5600
1.5460
1.5510
1.5610
1.5690
1.5630
1.5710
1.5710
1.5660
1.5640
1.5720
1.5780
1.5780
1.5770
1.5770
1.5710
1.5710
1.5760
1.5730
1.5700
1.5740
1.5750
1.5710
1.5760
1.5750
1.5700
1.5700
1.5660
1.5670
1.5650
1.5680
1.5650
1.5690
1.5650
1.5660
1.5710
1.5750
1.5760
1.5750
1.5770
1.5800
1.5770
1.5830
1.5830
1.5820
1.5770
1.5680
1.5680
1.5610
1.5640
1.5700
1.5720
1.5740
1.5730
1.5690
1.5700
1.5660
1.5670
1.5700
1.5660
1.5640
1.5650
1.5640
1.5690
1.5710
1.5720
1.5720
1.5710
1.5690
1.5690
1.5680
1.5710
1.5700
1.5660
1.5580
1.5620
1.5630
1.5630
1.5630
1.5600
1.5610
1.5620
1.5660
1.5670
1.5650
1.5640
1.5630
1.5580
1.5610
1.5590
1.5600
1.5580
1.5550
1.5550
1.5550
1.5550
1.5510
1.5460
1.5480
1.5500
1.5440
1.5500
1.5490
1.5490
1.5510
1.5500
1.5490
1.5460
1.5500
1.5500
1.5520
1.5510
1.5530
1.5530
1.5540
1.5570
1.5540
1.5580
1.5580
1.5590
1.5630
1.5560
1.5620
1.5640
1.5670
1.5750
1.5780
1.5870
1.5810
1.5840
1.5960
1.5910
1.5820