1.000000
1.000000
1.006000
1.006000
1.006000
1.006000
1.006000
1.020000
1.020000
1.020000
1.020000
1.020000
1.012000
1.012000
1.012000
1.012000
1.012000
0.991000
0.991000
0.991000
0.991000
0.991000
1.000000
1.000000
1.000000
1.000000
1.000000
0.992000
0.992000
0.992000
0.992000
0.992000
1.012000
1.021000
1.025000
1.012000
1.032000
1.039000
1.036000
1.043000
1.059000
1.069000
1.067000
1.070000
1.036000
1.051000
1.093000
1.120000
1.133000
1.145000
1.145000
1.129000
1.151000
1.136000
1.082000
1.099000
1.094000
1.073000
1.075000
1.101000
1.118000
1.158000
1.159000
1.176000
1.173000
1.178000
1.152000
1.176000
1.183000
1.183000
1.187000
1.198000
1.210000
1.208000
1.187000
1.179000
1.190000
1.173000
1.181000
1.217000
1.221000
1.249000
1.253000
1.247000
1.246000
1.249000
1.257000
1.245000
1.227000
1.249000
1.244000
1.271000
1.289000
1.297000
1.290000
1.296000
1.305000
1.314000
1.332000
1.362000
1.362000
1.394000
1.414000
1.447000
1.460000
1.441000
1.455000
1.469000
1.476000
1.458000
1.502000
1.513000
1.523000
1.528000
1.557000
1.543000
1.567000
1.585000
1.583000
1.604000
1.607000
1.530000
1.552000
1.588000
1.616000
1.622000
1.586000
1.554000
1.502000
1.503000
1.506000
1.452000
1.469000
1.444000
1.353000
1.367000
1.306000
1.359000
1.385000
1.403000
1.363000
1.379000
1.365000
1.311000
1.229000
1.239000
1.258000
1.317000
1.327000
1.344000
1.367000
1.376000
1.366000
1.404000
1.424000
1.429000
1.412000
1.434000
1.393000
1.402000
1.377000
1.347000
1.356000
1.347000
1.319000
1.318000
1.331000
1.392000
1.392000
1.411000
1.420000
1.427000
1.432000
1.465000
1.488000
1.481000
1.474000
1.499000
1.508000
1.475000
1.479000
1.452000
1.470000
1.521000
1.537000
1.543000
1.555000
1.558000
1.558000
1.569000
1.564000
1.568000
1.577000
1.622000
1.624000
1.620000
1.623000
1.623000
1.643000
1.603000
1.643000
1.586000
1.550000
1.606000
1.640000
1.654000
1.656000
1.656000
1.671000
1.665000
1.645000
1.653000
1.650000
1.662000
1.654000
1.636000
1.590000
1.548000
1.551000
1.524000
1.546000
1.596000
1.593000
1.611000
1.620000
1.634000
1.636000
1.627000
1.636000
1.629000
1.597000
1.599000
1.601000
1.621000
1.590000
1.615000
1.631000
1.643000
1.638000
1.585000
1.589000
1.558000
1.544000
1.499000
1.496000
1.514000
1.525000
1.528000
1.521000
1.535000
1.541000
1.507000
1.504000
1.504000
1.524000
1.523000
1.540000
1.532000
1.524000
1.556000
1.577000
1.576000
1.590000
1.585000
1.598000
1.562000
1.563000
1.576000
1.583000
1.569000
1.561000
1.543000
1.523000
1.528000
1.561000
1.558000
1.564000
1.577700
1.569269
1.580862
1.574539
1.590347
1.611425
1.620911
1.626180
1.646204
1.650420
1.644096
1.647258
1.639881
1.667282
1.672552
1.678875
1.687307
1.669390
1.660959
1.606156
1.636719
1.680983
1.679929
1.671498
1.670444
1.638827
1.643043
1.611425
1.595617
1.599832
1.640935
1.585078
1.565053
1.531328
1.487064
1.473363
1.514466
1.521843
1.465986
1.490226
1.498657
1.480741
1.500765
1.548191
1.532382
1.527113
1.547137
1.559784
1.541867
1.520789
1.527113
1.526059
1.533436
1.535544
1.536598
1.563999
1.561892
1.560838
1.533436
1.500765
1.530274
1.531328
1.527113
1.529221
1.516574
1.500765
1.445962
1.443854
1.422776
1.402752
1.402752
1.424884
1.437531
1.438584
1.467040
1.473363
1.458609
1.462824
1.442800
1.440692
1.459663
1.488118
1.488118
1.501819
1.511304
1.525005
1.535544
1.557676
1.556622
1.557676
1.580862
1.556622
1.562946
1.576646
1.597725
1.607210
1.571377
1.579808
1.562946
1.582970
1.611425
1.619857
1.615641
1.615641
1.587185
1.596671
1.610371
1.590347
1.595617
1.611425
1.649366
1.650420
1.632503
1.657797
1.665175
1.666229
1.672552
1.683091
1.669390
1.688361
1.717870
1.726301
1.689415
1.654636
1.672552
1.674660
1.682037
1.726301
1.732625
1.725247
1.745272
1.783212
1.774781
1.776889
1.784266
1.742110
1.736840
1.706277
1.766350
1.793751
1.788482
1.806398
1.854878
1.843285
1.829584
1.829584
1.831692
1.879118
1.864363
1.833800
1.867525
1.887549
1.909681
1.920220
1.940245
1.937083
1.840123
1.877010
1.820099
1.769512
1.785320
1.832746
1.853824
1.844339
1.892819
1.911789
1.901250
1.909681
1.855932
1.842231
1.855932
1.845393
1.827476
1.854878
1.861202
1.840123
1.855932
1.905466
1.914951
1.913897
1.904412
1.893873
1.864363
1.880172
1.867525
1.850662
1.820099
1.771619
1.742110
1.768458
1.775835
1.804290
1.831692
1.813776
1.800075
1.788482
1.743164
1.729463
1.730517
1.741056
1.716816
1.654636
1.656743
1.692576
1.653582
1.652528
1.617749
1.607210
1.625126
1.652528
1.660959
1.676768
1.677822
1.665175
1.705223
1.722086
1.760026
1.755811
1.771619
1.765296
1.750541
1.790590
1.749487
1.761080
1.761080
1.757919
1.784266
1.792698
1.788482
1.770565
1.784266
1.804290
1.806398
1.811668
1.795859
1.781105
1.788482
1.765296
1.788482
1.757919
1.760147
1.747893
1.764603
1.776857
1.772401
1.791339
1.776857
1.753463
1.746779
1.731182
1.757919
1.764603
1.772401
1.795795
1.782427
1.772401
1.800251
1.794681
1.790225
1.790225
1.764603
1.775743
1.786883
1.776857
1.763489
1.747893
1.742323
1.723384
1.735638
1.747893
1.710016
1.714472
1.717814
1.718928
1.727840
1.732296
1.718928
1.725612
1.705560
1.704446
1.720042
1.712244
1.712244
1.663227
1.659885
1.647631
1.639833
1.624237
1.608641
1.624237
1.632035
1.611983
1.635377
1.647631
1.647631
1.618667
1.622009
1.619781
1.637605
1.624237
1.606413
1.597500
1.584132
1.600842
1.605298
1.632035
1.662113
1.672140
1.674368
1.654315
1.682166
1.683280
1.720042
1.718928
1.720042
1.721156
1.723384
1.731182
1.713358
1.733410
1.736753
1.746779
1.745665
1.728954
1.732296
1.717814
1.725612
1.682166
1.683280
1.698876
1.694420
1.688850
1.694420
1.686622
1.691078
1.695534
1.678824
1.646517
1.649859
1.672140
1.702218
1.711130
1.726726
1.712244
1.704446
1.678824
1.671026
1.652087
1.672140
1.669911
1.699990
1.699990
1.682166
1.671026
1.669911
1.654315
1.644289
1.617553
1.601956
1.627579
1.616439
1.611983
1.594158
1.603070
1.604184
1.609755
1.590816
1.590816
1.623123
1.579676
1.555168
1.513949
1.525089
1.506151
1.484985
1.481643
1.472730
1.459362
1.506151
1.515063
1.508379
1.519519
1.488327
1.479415
1.444880
1.440424
1.471616
1.501695
1.516177
1.529545
1.560738
1.562966
1.565194
1.585246
1.587474
1.591930
1.576334
1.567422
1.583018
1.568536
1.567422
1.597500
1.594158
1.561852
1.559624
1.529545
1.522861
1.526203
1.523975
1.531773
1.528431
1.534001
1.548484
1.528431
1.550712
1.535091
1.513790
1.509530
1.516630
1.513790
1.501010
1.489649
1.464088
1.452728
1.430006
1.461248
1.461248
1.462668
1.439947
1.441367
1.449887
1.431427
1.401605
1.391665
1.395925
1.412966
1.377464
1.344803
1.340542
1.373204
1.414386
1.415806
1.405865
1.374624
1.332022
1.380304
1.349063
1.367524
1.401605
1.390245
1.390245
1.384564
1.408705
1.421486
1.424326
1.411546
1.435687
1.441367
1.445627
1.445627
1.444207
1.455568
1.452728
1.455568
1.462668
1.472608
1.492489
1.496750
1.516630
1.522311
1.522311
1.512370
1.513790
1.539352
1.536511
1.523731
1.513790
1.525151
1.543612
1.550712
1.564913
1.527991
1.523731
1.545032
1.550712
1.526571
1.516630
1.510950
1.491069
1.498170
1.489649
1.455568
1.445627
1.454148
1.479709
1.483969
1.479709
1.489649
1.491069
1.509530
1.512370
1.506690
1.491069
1.516630
1.506690
1.512370
1.498170
1.486809
1.501010
1.502430
1.502430
1.525151
1.532251
1.546452
1.556392
1.550712
1.529411
1.526571
1.523731
1.518051
1.515210
1.498170
1.509530
1.491069
1.493909
1.512370
1.513790
1.499590
1.486809
1.512370
1.526571
1.525151
1.529411
1.535091
1.506690
1.508110
1.505270
1.503850
1.493909
1.519471
1.518051
1.540772
1.533671
1.530831
1.543612
1.536511
1.537931
1.529411
1.505270
1.508110
1.519471
1.506690
1.526571
1.542192
1.556392
1.550712
1.536511
1.559232
1.559232
1.549292
1.559232
1.570593
1.574853
1.539352
1.537931
1.523731
1.527991
1.519471
1.509530
1.522311
1.518051
1.506690
1.503850
1.491069
1.491069
1.505270
1.496750
1.519471
1.543612
1.547872
1.542192
1.566333
1.562073
1.543612
1.543612
1.529411
1.522311
1.513790
1.512370
1.527991
1.518051
1.516630
1.495329
1.475449
1.478289
1.474029
1.454148
1.459828
1.488229
1.482549
1.489649
1.499590
1.535091
1.537931
1.535091
1.540772
1.532251
1.525151
1.495329
1.489649
1.491069
1.469768
1.465508
1.472608
1.474029
1.451307
1.478289
1.499590
1.492489
1.525151
1.533671
1.523731
1.519471
1.522311
1.527991
1.527991
1.549292
1.549292
1.557812
1.537931
1.533671
1.519471
1.510950
1.512370
1.522311
1.533671
1.554972
1.556392
1.543612
1.539352
1.532251
1.515210
1.505270
1.502430
1.481129
1.481129
1.468348
1.458408
1.455568
1.458408
1.465508
1.445627
1.449887
1.434267
1.414386
1.398765
1.398765
1.420066
1.418646
1.430006
1.476869
1.474029
1.495329
1.508110
1.506690
1.503850
1.495329
1.557812
1.543612
1.527991
1.533671
1.545032
1.550712
1.576273
1.618875
1.640176
1.630236
1.654377
1.678518
1.661477
1.681358
1.679938
1.684198
1.692719
1.671418
1.736741
1.753782
1.750941
1.745261
1.782183
1.794963
1.785023
1.795043
1.779297
1.783592
1.837987
1.852301
1.852301
1.829398
1.858027
1.843713
1.860890
1.876636
1.872342
1.886656
1.870910
1.835124
1.862322
1.829398
1.823672
1.833693
1.825104
1.839418
1.885225
1.898108
1.809358
1.859459
1.876636
1.849439
1.832261
1.827967
1.792180
1.780729
1.803632
1.805063
1.792180
1.800769
1.858027
1.868047
1.868047
1.869479
1.860890
1.880931
1.829398
1.822241
1.823672
1.800769
1.796475
1.797906
1.816515
1.807926
1.806495
1.800769
1.792180
1.815084
1.837987
1.842281
1.872342
1.868047
1.813652
1.849439
1.823672
1.800769
1.817947
1.845144
1.865185
1.862322
1.876636
1.865185
1.866616
1.860890
1.839418
1.853733
1.890951
1.928169
1.943915
1.961092
1.959661
1.956798
1.968249
1.975407
1.991153
2.001173
2.002604
1.989721
1.975407
1.938189
1.946777
1.918148
1.893814
1.843713
1.878068
1.892382
1.905265
1.892382
1.830830
1.827967
1.732059
1.743511
1.785023
1.776434
1.817947
1.849439
1.873773
1.870910
1.879499
1.879499
1.836555
1.830830
1.876636
1.939620
1.915285
1.948209
1.949640
1.922443
1.902402
1.866616
1.876636
1.919580
1.908128
1.889519
1.882362
1.846576
1.842281
1.849439
1.900971
1.921011
1.953935
1.958229
1.958229
1.961092
1.969681
2.001173
2.014056
2.006899
1.968249
1.945346
1.975407
1.968249
1.955366
1.962523
1.961092
1.996878
2.004036
1.973975
1.969681
1.953935
1.959661
1.995447
1.992584
2.002604
2.002604
2.048411
2.064157
2.055568
2.067020
2.065588
2.062725
2.022645
2.021213
2.045548
2.025507
2.008330
1.981132
1.978269
1.986858
2.021213
2.024076
2.002604
2.034096
2.032665
2.021213
1.972544
1.961092
1.968249
2.002604
1.976838
1.953935
1.935326
1.906697
1.898108
1.895245
1.921011
1.903834
1.913854
1.916717
1.921011
1.896677
1.876636
1.846576
1.858027
1.873773
1.843713
1.846576
1.875205
1.923874
1.906697
1.906697
1.895245
1.888088
1.878068
1.878068
1.895245
1.918148
1.925306
1.878068
1.903834
1.929600
1.916717
1.905265
1.908128
1.916717
1.900971
1.912423
1.921011
1.902402
1.895245
1.893814
1.872342
1.845144
1.855164
1.870910
1.889519
1.856596
1.885225
1.889519
1.905265
1.913854
1.906697
1.863753
1.873773
1.876636
1.860890
1.836555
1.823672
1.850870
1.855164
1.853733
1.826535
1.810332
1.830954
1.873671
1.885455
1.910497
1.895766
1.889874
1.891347
1.872198
1.889874
1.935538
1.932592
1.941430
1.920808
1.947322
1.978255
1.963525
1.969417
1.948795
1.937011
1.909024
1.854522
1.860414
1.820643
1.836846
1.863360
1.860414
1.844211
1.864833
1.860414
1.817697
1.836846
1.830954
1.847157
1.850103
1.876617
1.869252
1.848630
1.826535
1.876617
1.883982
1.867779
1.872198
1.855995
1.847157
1.847157
1.864833
1.878090
1.879563
1.900185
1.928173
1.935538
1.942903
1.937011
1.944376
1.920808
1.925227
1.919335
1.925227
1.910497
1.910497
1.897239
1.889874
1.872198
1.826535
1.847157
1.855995
1.858941
1.864833
1.841265
1.835373
1.823589
1.853049
1.851576
1.857468
1.832427
1.830954
1.813278
1.817697
1.828008
1.828008
1.841265
1.853049
1.847157
1.869252
1.861887
1.864833
1.864833
1.850103
1.861887
1.860414
1.850103
1.872198
1.873671
1.876617
1.895766
1.900185
1.881036
1.869252
1.847157
1.860414
1.869252
1.881036
1.873671
1.895766
1.901658
1.911970
1.906078
1.906078
1.922281
1.922281
1.931119
1.931119
1.903132
1.889874
1.903132
1.926700
1.925227
1.916389
1.904605
1.922281
1.932592
1.954687
1.947322
1.975309
1.982674
2.020972
2.047487
2.037176
2.053379
2.029811
2.053379
2.050433
2.034230
2.018026
2.019499
2.047487
2.050433
2.050433
2.026865
2.047487
2.060744
2.060744
2.048960
2.047487
2.063690
2.046014
2.026865
2.031284
2.007715
2.028338
2.050433
2.071055
2.090204
2.107880
2.113772
2.106407
2.100515
2.091677
2.113772
2.119664
2.060744
2.066636
2.085785
2.109353
2.065163
2.084312
2.113772
2.104934
2.096096
2.113772
2.116718
2.157963
2.160909
2.152071
2.131448
2.118191
2.141759
2.125556
2.122610
2.155017
2.135867
2.119664
2.099042
2.104934
2.101988
2.143232
2.175639
2.172693
2.177112
2.193315
2.169747
2.150598
2.157963
2.159436
2.181531
2.135867
2.157963
2.137340
2.135867
2.140286
2.131448
2.129975
2.128502
2.155017
2.196261
2.224248
2.262546
2.287588
2.321467
2.337670
2.402483
2.417213
2.501174
2.462876
2.524743
2.383333
2.468768
2.461403
2.468768
2.512958
2.574825
2.598393
2.608704
2.589555
2.538000
2.523270
2.498228
2.545365
2.598393
2.595447
2.589555
2.633745
2.704450
2.714761
2.705923
2.688247
2.710342
2.726545
2.742748
2.738329
2.776628
2.825237
2.694139
2.764844
2.870900
2.876792
2.875319
2.903307
2.881211
2.851751
2.834075
2.786939
2.779574
2.863535
2.844386
2.839967
2.800196
2.795777
2.854697
2.890050
2.900361
2.931397
2.988815
3.008989
2.991919
3.022955
3.035370
3.064854
3.013644
3.064854
3.052440
3.018300
3.075717
3.117616
3.102098
3.140894
3.181241
3.292973
3.324009
3.375219
3.364357
3.421774
3.521091
3.538161
3.550576
3.508676
3.527298
3.542816
3.573853
3.663859
3.713517
3.756968
3.840767
3.817490
3.803523
3.910599
3.972672
3.946291
3.834560
3.902840
3.884218
3.738346
3.862492
3.954050
3.966465
3.919910
3.971120
3.898184
3.988190
4.008364
4.008364
3.870252
3.902840
3.871803
4.030090
4.200790
4.284589
4.272174
4.196135
4.180617
4.261311
4.365284
4.439771
4.594954
4.681856
4.762551
4.885145
4.928596
4.681856
4.793587
4.996877
5.086882
5.116367
5.121023
5.116367
5.116367
5.051190
5.093090
5.173785
5.242065
5.108608
4.956529
5.040328
4.896008
4.670993
4.748585
4.809106
4.655475
4.354421
4.183720
4.374595
4.197687
4.026986
3.839215
3.829904
3.687136
3.412463
3.617304
3.839215
4.042504
4.113888
3.949395
4.013019
4.227171
4.278382
4.315625
4.362180
4.473911
4.373043
4.047160
3.954050
4.115440
4.006812
3.974224
3.890425
4.064230
4.025434
4.020779
4.141821
4.326488
4.307866
4.231827
4.306314
4.317177
4.363732
4.095266
4.172857
4.059574
3.874907
3.576957
3.310043
3.265040
3.432637
3.595579
3.531954
3.401600
3.355046
3.341079
3.474536
3.569198
3.531954
3.549024
3.390738
3.266592
3.443500
3.398497
3.437292
3.527298
3.538161
3.505573
3.533506
3.482295
3.531954
3.486951
3.511780
3.625063
3.682481
3.805075
3.815938
3.775590
3.859389
3.895081
3.893529
3.940084
3.812834
3.887322
3.961809
3.971120
3.981983
3.938532
3.957154
3.988190
3.964913
3.961809
4.096818
4.118544
4.197687
4.239586
4.231827
4.252001
4.248897
4.200790
4.258208
4.234930
4.191479
4.267519
4.293900
4.270622
4.279933
4.340455
4.342006
4.154236
4.177513
4.180617
4.208549
4.273726
4.224068
4.253552
4.203894
4.194583
4.193031
4.155787
4.234930
4.261311
4.287692
4.352869
4.380802
4.439771
4.478567
4.461497
4.445979
4.455290
4.352869
4.368387
4.374595
4.334247
4.064230
4.039400
4.085955
3.840767
3.898184
3.718173
3.727484
3.625063
3.710414
3.612649
3.654548
3.760072
3.705758
3.611097
3.637478
3.674722
3.479192
3.476088
3.370564
3.479192
3.460570
3.552127
3.556783
3.600234
3.584716
3.587819
3.687136
3.705758
3.690240
3.691792
3.752313
3.735243
3.744554
3.514884
3.528850
3.406256
3.474536
3.598682
3.604889
3.536742
3.566447
3.589164
3.552468
3.503541
3.519268
3.606638
3.615375
3.592659
3.678281
3.758662
3.814579
3.807589
3.840790
3.802347
3.809336
3.779631
3.711482
3.825063
3.849527
3.837295
3.907191
3.912433
3.858264
3.875738
3.917675
3.900201
3.929907
3.952623
3.949129
3.898454
3.908938
3.784873
3.772641
3.800599
3.814579
3.851274
3.830305
3.809336
3.805842
3.870495
3.861758
3.860011
3.748177
3.676534
3.678281
3.678281
3.690513
3.685271
3.723714
3.707987
3.646828
3.652070
3.683523
3.720219
3.695755
3.685271
3.702745
3.697503
3.692260
3.795357
3.800599
3.814579
3.851274
3.842537
3.849527
3.825063
3.699250
3.700997
3.784873
3.781378
3.797105
3.821568
3.811084
3.840790
3.818073
3.798852
3.860011
3.914180
3.908938
3.912433
3.921170
3.963108
3.966603
3.978834
3.980582
3.973592
3.957866
4.012035
4.045236
4.031256
4.034751
4.024267
4.019025
4.024267
4.029509
3.989319
4.006793
4.053973
3.978834
4.010288
3.992814
3.943886
3.956118
3.973592
3.975340
3.975340
4.015530
4.043488
4.019025
3.985824
4.038246
4.106395
4.108142
4.129111
4.123869
4.136101
4.094163
4.113384
4.122121
4.102900
4.108142
4.111637
4.104647
4.116879
4.102900
4.097658
4.116879
4.185028
4.192017
4.207744
4.188523
4.129111
4.132606
4.130858
4.155322
4.151827
4.160564
4.179786
4.174543
4.108142
4.123869
4.120374
4.129111
4.150080
4.195512
4.207744
4.202502
4.197260
4.202502
4.167554
4.204249
4.197260
4.216481
4.204249
4.244439
4.239197
4.221723
4.216481
4.202502
4.202502
4.226965
4.204249
4.226965
4.205997
4.202502
4.221723
4.195512
4.228713
4.226965
4.226965
4.242692
4.244439
4.247934
4.240945
4.251429
4.261913
4.261913
4.261913
4.279387
4.295114
4.288125
4.251429
4.275893
4.242692
4.265408
4.265408
4.284630
4.277640
4.281135
4.150080
4.144838
4.125616
4.108142
4.120374
4.120374
4.095910
4.127364
4.122121
4.097658
4.118627
4.122121
4.109890
4.120374
4.137848
4.155322
4.185028
4.190270
4.162312
4.190270
4.185028
4.146585
4.127364
4.109890
4.067952
4.094163
4.132606
4.115132
4.151827
4.179786
4.190270
4.202502
4.221723
4.193765
4.202502
4.195512
4.214734
4.228713
4.230460
4.265408
4.272398
4.256671
4.277640
4.253176
4.310841
4.331810
4.340547
4.324820
4.323073
4.307346
4.314336
4.324820
4.302104
4.314336
4.351031
4.366758
4.347536
4.340547
4.358021
4.382484
4.366758
4.375495
4.412190
4.378989
4.391221
4.417432
4.417432
4.436654
4.471602
4.464612
4.448885
4.434906
4.385979
4.403453
4.492571
4.492571
4.503055
4.483834
4.475097
4.450633
4.471602
4.440148
4.434906
4.422674
4.396463
4.441896
4.438401
4.373747
4.424422
4.438401
4.431411
4.424422
4.422674
4.403453
4.422674
4.396463
4.317830
4.340547
4.314336
4.331810
4.349284
4.370252
4.440148
4.406948
4.396463
4.391221
4.405200
4.403453
4.413937
4.441896
4.427917
4.436654
4.429664
4.403453
4.399958
4.426169
4.497813
4.569456
4.618383
4.604404
4.616636
4.555477
4.551982
4.553730
4.599162
4.590425
4.656826
4.648089
4.667311
4.712743
4.733712
4.688280
4.730217
4.742449
4.717985
4.672553
4.740702
4.749439
4.721480
4.702259
4.747691
4.738954
4.768660
4.775650
4.704006
4.669058
4.744196
4.775650
4.751186
4.787881
4.749439
4.704006
4.712743
4.724975
4.721480
4.751186
4.730217
4.683037
4.635858
4.658574
4.658574
4.683037
4.660321
4.588678
4.665563
4.672553
4.672553
4.676048
4.690027
4.712743
4.721480
4.728470
4.710996
4.759923
4.801861
4.812345
4.808850
4.793124
4.801861
4.831567
4.845546
4.828072
4.815840
4.815840
4.798366
4.800113
4.822830
4.817587
4.822830
4.843798
4.838556
4.859525
4.856030
4.859525
4.833314
4.822399
4.837681
4.866061
4.907539
4.964299
4.977397
4.997045
5.025425
5.058171
5.069086
5.077818
5.114931
5.093100
5.066903
5.090917
5.117114
5.160775
5.167324
5.208803
5.204436
5.226267
5.206620
5.197887
5.193521
5.259013
5.263379
5.219718
5.302675
5.381265
5.409645
5.379082
5.320139
5.403096
5.355068
5.451123
5.544995
5.507883
5.285210
5.285210
5.169507
5.219718
5.197887
5.121480
5.117114
5.171690
5.182606
5.180423
5.119297
5.215352
5.328871
5.287393
5.346336
5.315773
5.250281
5.232816
5.317956
5.293942
5.389997
5.370350
5.348519
5.357251
5.239366
5.274295
5.309224
5.374716
5.383448
5.420560
5.453306
5.455489
5.525348
5.529714
5.527531
5.547178
5.564643
5.617037
5.588657
5.630135
5.617037
5.721824
5.772034
5.758936
5.708725
5.706542
5.569009
5.549361
5.555911
5.492602
5.538446
5.516615
5.322322
5.200070
5.237183
5.077818
5.237183
5.300492
5.361617
5.470771
5.468588
5.549361
5.483869
5.459856
5.496968
5.442391
5.435842
5.514432
5.462039
5.549361
5.608304
5.678162
5.625769
5.599572
5.617037
5.534080
5.606121
5.641050
5.632318
5.555911
5.427110
5.438025
5.475137
5.365984
5.396547
5.440208
5.424926
5.379082
5.350702
5.315773
5.446757
5.477320
5.459856
5.405279
5.333238
5.228450
5.210986
5.285210
5.243732
5.215352
5.346336
5.420560
5.337604
5.403096
5.446757
5.464222
5.488235
5.549361
5.575558
5.562460
5.608304
5.577741
5.623586
5.699993
5.682529
5.669430
5.721824
5.769851
5.806964
5.756753
5.728373
5.708725
5.756753
5.665064
5.564643
5.717458
5.590840
5.647153
5.746265
5.728245
5.710224
5.667426
5.633638
5.680941
5.635890
5.593092
5.566061
5.399372
5.462443
5.408382
5.442170
5.415140
5.388109
5.270976
5.223673
5.376846
5.279987
5.266471
5.198895
5.142581
5.189884
5.376846
5.394867
5.376846
5.489474
5.543535
5.534525
5.489474
5.457938
5.457938
5.525515
5.527768
5.550293
5.584081
5.523262
5.484969
5.439918
5.439918
5.356573
5.300260
5.183127
5.077257
5.216915
5.135823
5.282239
5.291249
5.298007
5.264219
5.135823
5.113298
5.014185
5.029953
5.167359
5.142581
5.162854
5.165106
5.316027
5.295754
5.252956
5.212410
5.171864
5.133571
5.187632
5.088519
5.020943
5.059236
4.966882
4.935346
4.879032
4.910568
4.915073
4.854254
4.944356
5.002922
5.009680
5.169611
5.129065
5.207905
5.183127
5.228178
4.998417
4.982649
4.971387
4.811455
4.908315
4.856506
4.804698
4.800193
4.712343
4.811455
4.975892
4.840739
4.833981
4.818213
4.768657
4.617736
4.647019
4.730363
4.766404
4.942103
4.897052
4.865517
4.838486
4.818213
4.766404
4.804698
4.833981
4.779920
4.815960
4.827223
4.865517
4.775414
4.775414
4.766404
4.698828
4.683060
4.669544
4.723606
4.683060
4.730363
4.863264
4.883537
4.874527
4.777667
4.757394
4.714596
4.741626
4.759647
4.833981
4.759647
4.741626
4.692070
4.633504
4.606473
4.554664
4.581695
4.577190
4.559169
4.565927
4.574937
4.518623
4.473572
4.527634
4.552412
4.550159
4.615483
4.617736
4.640261
4.617736
4.703333
4.712343
4.678555
4.750636
4.784425
4.730363
4.725858
4.739374
4.791182
4.802445
4.818213
4.791182
4.840739
4.910568
4.989407
5.016438
5.088519
5.079509
4.980397
5.122308
5.117803
5.144833
5.131318
5.216915
5.435413
5.343058
5.316027
5.331795
5.424150
5.460191
5.448928
5.464696
5.365584
5.228178
5.307017
5.349816
5.295754
5.298007
5.394867
5.543535
5.521010
5.500737
5.480464
5.480464
5.352068
5.304765
5.401624
5.397119
5.586334
5.732750
5.719235
5.755275
5.786811
5.782306
5.777801
5.777801
5.642648
5.633638
5.602102
5.739508
5.737255
5.701214
5.757528
5.651658
5.665173
5.683194
5.613365
5.525515
5.622375
5.647153
5.367836
5.448928
5.347563
5.250703
5.426403
5.358826
5.316027
5.446676
5.464696
5.363331
5.307017
5.372341
5.365584
5.264219
5.282239
5.325038
5.392614
5.376846
5.352068
5.354321
5.352068
5.304765
5.295754
5.252956
5.338553
5.491727
5.460191
5.435413
5.408382
5.403877
5.428655
5.531171
5.694263
5.684944
5.698923
5.629026
5.633686
5.710572
5.712902
5.873665
5.871335
5.782799
5.733871
5.768820
5.670964
5.654655
5.663975
5.675624
5.715232
5.708243
5.670964
5.670964
5.619707
5.680284
5.680284
5.708243
5.750181
5.808428
5.829397
5.829397
5.843376
5.799108
5.761830
5.703583
5.594078
5.554469
5.549810
5.633686
5.568449
5.656985
5.598737
5.626696
5.656985
5.677954
5.759500
5.775809
5.750181
5.780469
5.857356
5.789789
5.829397
5.792119
5.771150
5.778139
5.829397
5.834057
5.850366
5.920263
5.948222
5.948222
5.929583
5.862016
5.922593
5.920263
5.845706
5.871335
5.882985
5.913273
5.852696
5.857356
5.838717
5.810758
5.841047
5.792119
5.841047
5.836387
5.889974
5.936572
5.985500
5.964531
5.959871
5.987830
5.941232
5.945892
5.976180
5.950552
5.938902
5.980840
5.999479
6.006469
6.013459
5.994820
6.111314
6.167232
6.213830
6.209170
6.213830
6.209170
6.125294
6.122964
6.162572
6.167232
6.139273
6.183541
6.269747
6.216160
6.169562
6.081026
6.090345
6.099665
6.106655
6.088015
6.015789
6.034428
6.043747
6.048407
6.118304
6.167232
6.122964
6.178881
6.176551
6.162572
6.267417
6.281397
6.348964
6.316345
6.286056
6.279067
6.246448
6.281397
6.290716
6.309355
6.309355
6.358283
6.414201
6.495747
6.472448
6.446819
6.479438
6.411871
6.521376
6.523706
6.581953
6.579623
6.558654
6.551664
6.556324
6.586613
6.488757
6.540015
6.332654
5.901624
6.141603
6.202180
6.321005
6.288386
6.309355
6.381582
6.432840
6.414201
6.444489
6.563314
6.507396
6.493417
6.628551
6.637871
6.616902
6.598262
6.458469
6.498077
6.300036
6.453809
6.500407
6.523706
6.672819
6.619231
6.390902
6.502737
6.430510
6.290716
6.216160
5.950552
5.899294
5.827067
5.743191
5.848036
5.647665
5.778139
5.945892
5.948222
5.934242
5.878325
5.908613
5.906284
5.999479
6.001809
6.115974
6.090345
6.125294
6.085686
6.081026
6.178881
6.120634
6.127624
6.195191
6.227809
6.169562
6.239459
6.237129
6.209170
6.267417
6.330324
6.341974
6.367603
6.402551
6.404881
6.460799
6.437500
6.474778
6.509726
6.451479
6.407211
6.453809
6.537685
6.481768
6.479438
6.330324
6.358283
6.453809
6.374592
6.383912
6.449149
6.588943
6.570304
6.593603
6.586613
6.616902
6.621561
6.677479
6.696118
6.656510
6.691458
6.628551
6.735726
6.740386
6.768345
6.842901
6.821932
6.884839
6.919788
6.908138
7.010654
7.176076
7.252963
7.357808
7.679334
7.751560
7.819127
7.909993
7.830777
7.963581
7.896014
7.909993
7.581478
7.746901
7.944942
7.991540
8.042797
8.103374
7.730591
7.772529
7.877375
8.038137
8.026488
8.112694
8.161622
8.168612
8.177931
8.145313
8.066096
8.089395
8.052117
7.949601
7.928632
8.056777
8.152302
8.180261
8.077746
8.007849
8.096385
8.170941
8.222199
8.196570
8.233849
8.459848
8.385292
8.436549
8.469168
8.455189
8.336364
8.126673
8.147643
7.930962
8.005519
8.101045
8.166282
8.268797
8.210550
8.163952
8.301416
8.219869
8.135993
8.184921
8.049787
8.047457
8.094055
8.112694
8.119684
8.236179
8.497127
8.574013
8.578673
8.564694
8.539065
8.483147
8.562364
8.540748
8.514328
8.372623
8.305373
8.355810
8.473498