1.152718
1.154523
1.155797
1.156540
1.158026
1.158026
1.155160
1.151975
1.147835
1.146455
1.144226
1.140086
1.138812
1.143695
1.145925
1.146137
1.143589
1.141466
1.138175
1.141997
1.144120
1.146137
1.147305
1.150489
1.154841
1.157389
1.151975
1.149958
1.151763
1.153249
1.156221
1.156434
1.159194
1.156434
1.152931
1.154311
1.154523
1.156540
1.156328
1.156434
1.152506
1.158769
1.159406
1.160786
1.157071
1.156328
1.158344
1.160361
1.163334
1.164501
1.166412
1.165870
1.164029
1.164679
1.164137
1.163596
1.163271
1.164896
1.165221
1.164462
1.162621
1.157963
1.159046
1.161538
1.161754
1.163379
1.165329
1.165979
1.166845
1.167929
1.168579
1.166629
1.165546
1.163921
1.160888
1.160996
1.164571
1.165654
1.169012
1.169662
1.169770
1.171287
1.173128
1.172153
1.172586
1.176378
1.176269
1.176811
1.177353
1.179086
1.179302
1.177786
1.177353
1.176811
1.176919
1.177244
1.178003
1.178652
1.179194
1.178652
1.179627
1.179850
1.179182
1.180295
1.179739
1.179405
1.179182
1.178737
1.179071
1.179516
1.179071
1.178737
1.178515
1.178848
1.178737
1.177736
1.178403
1.179071
1.179182
1.179627
1.180073
1.180518
1.180406
1.180518
1.179405
1.181742
1.180852
1.181742
1.182076
1.181742
1.181297
1.183189
1.183411
1.183411
1.183856
1.184079
1.185567
1.186140
1.194843
1.196217
1.196446
1.196103
1.195988
1.197706
1.195416
1.192553
1.191866
1.191980
1.187858
1.188545
1.186713
1.183506
1.185338
1.181789
1.185224
1.187056
1.187972
1.186140
1.186484
1.185224
1.183163
1.178468
1.177895
1.177895
1.182247
1.182247
1.182705
1.183163
1.184308
1.184766
1.186026
1.187743
1.187514
1.186942
1.187743
1.186598
1.188545
1.185338
1.184880
1.183277
1.182934
1.181330
1.180529
1.180872
1.183163
1.182018
1.182247
1.184995
1.184537
1.183392
1.185453
1.187858
1.188201
1.188430
1.189232
1.189117
1.187285
1.187629
1.184422
1.205837
1.203661
1.202033
1.202963
1.204824
1.205870
1.206335
1.205172
1.204358
1.205986
1.208196
1.209475
1.208777
1.210987
1.214940
1.214475
1.215987
1.209940
1.215057
1.211801
1.213080
1.218429
1.221569
1.225173
1.231220
1.225871
1.227267
1.228197
1.228778
1.228313
1.230406
1.227267
1.226918
1.223080
1.218429
1.217964
1.219010
1.214592
1.215871
1.218661
1.218545
1.219475
1.220406
1.220522
1.222383
1.221917
1.220987
1.221452
1.219941
1.217615
1.219010
1.222731
1.224592
1.230522
1.230174
1.230406
1.229011
1.224243
1.223778
1.217150
1.210870
1.207551
1.207551
1.207551
1.207788
1.204112
1.204705
1.203875
1.203045
1.201504
1.202097
1.200911
1.203401
1.204350
1.206602
1.206128
1.206484
1.209685
1.212175
1.212412
1.214664
1.214427
1.216443
1.211937
1.212649
1.214072
1.214309
1.213360
1.213834
1.214190
1.212530
1.212412
1.215850
1.217036
1.219051
1.219170
1.219407
1.222015
1.221778
1.221660
1.223557
1.224624
1.226521
1.230789
1.231500
1.233160
1.233160
1.230670
1.236005
1.236480
1.240274
1.238614
1.234583
1.234938
1.229485
1.229247
1.239207
1.241016
1.239207
1.239086
1.233657
1.231606
1.229676
1.229556
1.228108
1.232933
1.227384
1.223162
1.218939
1.215561
1.212666
1.214717
1.215079
1.209409
1.210615
1.213631
1.210012
1.213872
1.218215
1.216406
1.215079
1.218819
1.218819
1.214717
1.210133
1.211580
1.211339
1.212304
1.214838
1.216406
1.216647
1.218819
1.219422
1.215923
1.208685
1.211218
1.211701
1.212787
1.213149
1.211218
1.208685
1.202170
1.201929
1.201447
1.200120
1.200481
1.203739
1.205548
1.207479
1.209529
1.211218
1.210736
1.210615
1.207479
1.212666
1.214596
1.223885
1.226178
1.228711
1.229435
1.231968
1.229676
1.233054
1.235587
1.235226
1.238724
1.234743
1.238483
1.238121
1.241740
1.245962
1.241499
1.243429
1.241258
1.244515
1.247893
1.249944
1.249220
1.250547
1.247169
1.247893
1.250185
1.247289
1.248375
1.250547
1.255493
1.260077
1.258871
1.264420
1.265989
1.262973
1.262973
1.263817
1.261042
1.261284
1.262490
1.262731
1.257423
1.252477
1.253442
1.251391
1.250667
1.251753
1.250064
1.247048
1.251029
1.257182
1.260801
1.261525
1.262973
1.264179
1.266350
1.271176
1.274192
1.269005
1.264420
1.265989
1.272503
1.271900
1.270211
1.271194
1.269842
1.275617
1.274757
1.272054
1.273037
1.276108
1.276477
1.274879
1.272668
1.274265
1.265911
1.266402
1.259400
1.256082
1.258785
1.261242
1.259031
1.254362
1.252642
1.256082
1.255960
1.253380
1.250063
1.251414
1.254977
1.254240
1.253380
1.256205
1.253871
1.252397
1.253871
1.261242
1.262348
1.261980
1.262102
1.263331
1.261734
1.263331
1.261120
1.258171
1.254485
1.248343
1.244534
1.244043
1.244903
1.248465
1.254240
1.253011
1.252642
1.254608
1.254240
1.252520
1.252888
1.252028
1.248957
1.243503
1.242015
1.243627
1.239908
1.239412
1.237305
1.237305
1.238917
1.239288
1.240156
1.241520
1.242635
1.241148
1.243007
1.243999
1.247965
1.247965
1.248213
1.249453
1.246230
1.246354
1.244123
1.243875
1.244990
1.244247
1.245858
1.245362
1.245238
1.244618
1.246354
1.249081
1.248461
1.250816
1.248957
1.247469
1.247221
1.245858
1.247841
1.247345
1.249329
1.248709
1.248957
1.250196
1.250320
1.252056
1.252427
1.251436
1.249948
1.247965
1.249329
1.250568
1.250816
1.251808
1.254411
1.255774
1.256766
1.257510
1.257634
1.258997
1.256270
1.255150
1.256021
1.255897
1.253532
1.253283
1.252910
1.235861
1.236234
1.236359
1.236732
1.237106
1.236857
1.238474
1.239470
1.239097
1.238474
1.239221
1.238599
1.240714
1.241710
1.241337
1.241088
1.238350
1.237977
1.236857
1.236234
1.234617
1.233248
1.233746
1.234741
1.234243
1.234741
1.235363
1.234866
1.231754
1.230261
1.230634
1.231008
1.228643
1.225283
1.223914
1.221674
1.222297
1.221426
1.223541
1.225781
1.225781
1.224412
1.222172
1.222919
1.224786
1.228519
1.228519
1.227648
1.227897
1.228892
1.227399
1.226528
1.226777
1.226403
1.226403
1.225781
1.221674
1.219808
1.216697
1.217070
1.213337
1.213586
1.213710
1.212590
1.211968
1.213337
1.214332
1.213710
1.213959
1.213461
1.210225
1.210101
1.210474
1.211968
1.213710
1.214706
1.212466
1.213586
1.213710
1.226154
1.230510
1.231381
1.228146
1.230137
1.233870
1.219186
1.219559
1.220430
1.217443
1.215203
1.210350
1.202385
1.205870
1.203008
1.202759
1.198528
1.201141
1.202012
1.201763
1.200270
1.204501
1.208608
1.203879
1.204501
1.199025
1.199648
1.195541
1.191683
1.191683
1.191559
1.188572
1.194297
1.197657
1.196039
1.201390
1.199523
1.197159
1.193301
1.194048
1.198030
1.202385
1.203381
1.200519
1.203008
1.206741
1.207985
1.213834
1.214332
1.216448
1.215328
1.212341
1.214457
1.219683
1.218439
1.222919
1.225532
1.220306
1.222048
1.216946
1.212714
1.215328
1.216697
1.218812
1.218190
1.219186
1.217817
1.212092
1.219559
1.217941
1.217568
1.217443
1.217443
1.217692
1.216323
1.217070
1.215950
1.215079
1.214208
1.216323
1.216821
1.216323
1.217817
1.216697
1.216821
1.216821
1.216821
1.218688
1.217319
1.221301
1.221674
1.221674
1.222172
1.224039
1.227026
1.225408
1.226030
1.225034
1.224288
1.225657
1.225532
1.227772
1.232377
1.231132
1.233372
1.232626
1.230759
1.232003
1.231381
1.230137
1.229514
1.229639
1.229888
1.230883
1.230883
1.230261
1.230261
1.230137
1.232501
1.231630
1.232501
1.232874
1.233497
1.233621
1.232999
1.232626
1.232252
1.233123
1.233248
1.233123
1.233621
1.234741
1.237106
1.237106
1.237852
1.236732
1.236359
1.237852
1.238474
1.237977
1.239346
1.239346
1.240341
1.240963
1.241337
1.240466
1.240466
1.241586
1.242083
1.242457
1.242830
1.243203
1.244074
1.245817
1.247186
1.248181
1.247808
1.249052
1.248679
1.249923
1.250670
1.251914
1.249301
1.252910
1.254030
1.254155
1.253906
1.254652
1.255399
1.255275
1.255399
1.255897
1.257763
1.261123
1.264732
1.266101
1.267719
1.269710
1.271826
1.273817
1.274688
1.278546
1.281532
1.284892
1.284892
1.285390
1.286137
1.286883
1.287755
1.289123
1.289621
1.290741
1.296964
1.296217
1.297710
1.296964
1.296964
1.296964
1.297088
1.295346
1.294972
1.294848
1.295470
1.294848
1.295968
1.295595
1.296092
1.296092
1.295844
1.296839
1.296466
1.298830
1.299079
1.299204
1.299204
1.299452
1.299833
1.300214
1.299706
1.299579
1.299960
1.299579
1.299706
1.299071
1.298690
1.297547
1.297928
1.297420
1.296658
1.296404
1.296023
1.295515
1.295134
1.293864
1.293483
1.292848
1.291451
1.293102
1.292848
1.285991
1.285483
1.284848
1.283832
1.283197
1.282308
1.281800
1.280784
1.281038
1.280657
1.280276
1.280276
1.280403
1.281419
1.281673
1.281546
1.281546
1.281673
1.281673
1.281292
1.280530
1.280022
1.278371
1.277863
1.276847
1.276593
1.276847
1.276974
1.277101
1.277863
1.278752
1.279641
1.280657
1.282562
1.282943
1.284340
1.285102
1.286753
1.287896
1.288531
1.294118
1.295139
1.295012
1.294884
1.294884
1.295139
1.295012
1.294374
1.294118
1.294374
1.294884
1.295267
1.295139
1.295395
1.295395
1.295522
1.295522
1.295522
1.296543
1.296799
1.297564
1.297692
1.298202
1.299096
1.299862
1.299989
1.300372
1.300500
1.300117
1.299989
1.299989
1.300372
1.300372
1.300883
1.301138
1.301521
1.301648
1.301776
1.302414
1.302286
1.302286
1.302286
1.302669
1.303435
1.303690
1.303563
1.303307
1.303307
1.303946
1.304456
1.304456
1.304711
1.305222
1.310327
1.310072
1.311731
1.312114
1.313262
1.313900
1.314156
1.316198
1.317091
1.318367
1.318626
1.320049
1.320825
1.320179
1.323025
1.324060
1.323672
1.326259
1.327424
1.328588
1.329235
1.329753
1.330270
1.332211
1.333375
1.335963
1.338809
1.343855
1.341008
1.345149
1.343855
1.345278
1.346442
1.344372
1.345795
1.349936
1.351488
1.348771
1.349289
1.350841
1.350453
1.350324
1.350712
1.348642
1.346830
1.346442
1.345537
1.343984
1.342820
1.346054
1.347219
1.349030
1.350712
1.349289
1.349289
1.345666
1.346442
1.347477
1.347866
1.348383
1.349547
1.351100
1.352006
1.353299
1.353299
1.352394
1.351876
1.352140
1.351481
1.351876
1.348977
1.345683
1.345815
1.346078
1.345946
1.345156
1.346078
1.347923
1.349241
1.350031
1.349900
1.350954
1.352403
1.351613
1.352799
1.355302
1.356620
1.357279
1.356884
1.356752
1.357279
1.357806
1.358729
1.359783
1.360046
1.359783
1.360837
1.361232
1.360969
1.360969
1.359915
1.359256
1.358070
1.357543
1.357543
1.356488
1.354775
1.348845
1.348582
1.345551
1.346342
1.349768
1.351876
1.353458
1.354907
1.355566
1.356093
1.357938
1.358992
1.359256
1.359387
1.359387
1.360046
1.358577
1.358710
1.358443
1.356707
1.355104
1.354035
1.352298
1.351363
1.350161
1.349627
1.350428
1.349760
1.347756
1.348959
1.351230
1.353100
1.352966
1.352699
1.352432
1.351230
1.350695
1.351497
1.350428
1.348023
1.345085
1.344951
1.345352
1.343882
1.343482
1.343749
1.343214
1.344417
1.344817
1.345085
1.345485
1.346020
1.347489
1.348558
1.348291
1.348558
1.348691
1.352432
1.354035
1.370332
1.377012
1.372470
1.368729
1.367527
1.368462
1.368997
1.369264
1.368195
1.366058
1.364722
1.365390
1.367527
1.367928
1.367794
1.368596
1.368596
1.368329
1.367794
1.366993
1.367128
1.368345
1.368480
1.368209
1.366047
1.364425
1.363884
1.363614
1.362262
1.361586
1.363073
1.363478
1.361451
1.359829
1.359558
1.358207
1.356449
1.355909
1.351043
1.347934
1.345365
1.346041
1.339418
1.337796
1.336579
1.336714
1.335227
1.333470
1.332659
1.334281
1.335633
1.335903
1.336714
1.336849
1.336849
1.335363
1.335092
1.336985
1.334957
1.335633
1.336309
1.336038
1.334957
1.333200
1.329280
1.324684
1.325090
1.323603
1.325090
1.324414
1.324549
1.324278
1.325901
1.326982
1.326712
1.319683
1.319142
1.317925
1.318196
1.317925
1.316709
1.316844
1.316709
1.305895
1.301434
1.297785
1.299677
1.301570
1.302110
1.303327
1.303057
1.304138
1.306301
1.306571
1.307652
1.309950
1.310085
1.311572
1.314411
1.316574
1.319007
1.319277
1.321575
1.324549
1.326712
1.327793
1.329685
1.331443
1.333876
1.334011
1.334957
1.333741
1.331172
1.330902
1.331443
1.331443
1.331713
1.329956
1.330496
1.331713
1.332929
1.332524
1.330226
1.329956
1.331578
1.331578
1.330767
1.330767
1.330226
1.329956
1.330496
1.331307
1.332118
1.332118
1.333200
1.335903
1.337120
1.338607
1.339688
1.342256
1.342256
1.343067
1.345365
1.346176
1.346987
1.348204
1.347934
1.348204
1.348069
1.348204
1.347663
1.349285
1.351043
1.352800
1.354287
1.357125
1.359829
1.361451
1.362532
1.362397
1.361721
1.361856
1.361586
1.361180
1.361586
1.360640
1.356585
1.356044
1.356449
1.357260
1.356449
1.354963
1.356179
1.356044
1.356449
1.354151
1.354827
1.356585
1.357260
1.357531
1.358747
1.361451
1.360234
1.358207
1.357936
1.359423
1.359694
1.360369
1.360775
1.362802
1.363073
1.363343
1.359829
1.359153
1.359558
1.357666
1.359018
1.359558
1.357936
1.357396
1.358882
1.360505
1.359694
1.358612
1.357125
1.357125
1.357260
1.360640
1.361586
1.363478
1.364695
1.366722
1.366587
1.367533
1.369426
1.370642
1.371724
1.371859
1.372535
1.372264
1.373076
1.375509
1.375914
1.376320
1.378077
1.379564
1.380780
1.383078
1.383213
1.383213
1.383484
1.384971
1.385511
1.386322
1.387404
1.387944
1.389161
1.391459
1.393486
1.394433
1.394838
1.394973
1.394838
1.394298
1.395379
1.394433
1.392135
1.392270
1.392811
1.394298
1.392405
1.393216
1.395784
1.396460
1.396595
1.396731
1.397001
1.398623
1.399434
1.398217
1.398623
1.398488
1.400651
1.401056
1.404165
1.407544
1.408491
1.409572
1.412546
1.413762
1.412546
1.414979
1.418493
1.422548
1.426604
1.428631
1.429172
1.431064
1.432010
1.433903
1.440797
1.439580
1.443365
1.443365
1.441337
1.435930
1.430118
1.432010
1.434579
1.437282
1.446744
1.447826
1.456477
1.457963
1.459721
1.457288
1.466750
1.467020
1.481213
1.486620
1.487025
1.455530
1.457152
1.458369
1.460261
1.463370
1.465263
1.464587
1.469723
1.471210
1.475401
1.464181
1.469588
1.473779
1.484322
1.486214
1.485809
1.500272
1.514195
1.516493
1.519872
1.513789
1.516493
1.515276
1.516223
1.517845
1.524468
1.521629
1.510422
1.512082
1.519692
1.519831
1.521906
1.521076
1.519415
1.513189
1.513189
1.512082
1.510837
1.511805
1.511390
1.509453
1.506824
1.507239
1.508623
1.508623
1.509868
1.510698
1.513051
1.513881
1.518447
1.520799
1.520522
1.522183
1.522183
1.523151
1.521906
1.520799
1.519554
1.522183
1.524950
1.527026
1.524812
1.527718
1.529655
1.524535
1.528133
1.531038
1.533667
1.534498
1.534913
1.533529
1.530623
1.532284
1.525780
1.528824
1.534082
1.537265
1.536296
1.530623
1.527026
1.530347
1.534082
1.532007
1.531315
1.536711
1.540586
1.541732
1.550041
1.556058
1.553479
1.551473
1.555484
1.555198
1.557060
1.558923
1.559782
1.554911
1.554195
1.553622
1.554052
1.558063
1.564510
1.563077
1.572819
1.570956
1.572389
1.575540
1.577833
1.583706
1.587001
1.596313
1.603189
1.601613
1.590153
1.592015
1.603046
1.605338
1.604622
1.603332
1.602616
1.607773
1.606627
1.601613
1.597602
1.598318
1.592015
1.584852
1.583276
1.578692
1.572102
1.573392
1.576830
1.575684
1.566085
1.560355
1.569953
1.559352
1.555771
1.554768
1.559782
1.557347
1.551330
1.560212
1.565799
1.564479
1.567558
1.564773
1.565506
1.570784
1.575768
1.578847
1.580313
1.586178
1.586911
1.580313
1.582366
1.586324
1.585738
1.585591
1.585738
1.588670
1.590283
1.592335
1.596001
1.597467
1.596001
1.595854
1.596001
1.596294
1.597760
1.598493
1.598933
1.600399
1.601572
1.602598
1.603331
1.604358
1.605091
1.605384
1.606410
1.607143
1.607876
1.609049
1.609489
1.609782
1.610075
1.610075
1.611102
1.610662
1.611541
1.612128
1.612861
1.613301
1.612861
1.612714
1.612568
1.612714
1.614327
1.615060
1.615353
1.616966
1.616819
1.617552
1.618285
1.619605
1.619752
1.620045
1.620631
1.620631
1.621227
1.621675
1.622271
1.625997
1.627040
1.628381
1.628828
1.629275
1.629872
1.629723
1.629275
1.628828
1.629126
1.626891
1.625549
1.625848
1.625549
1.625997
1.625848
1.625699
1.624953
1.625549
1.625699
1.625699
1.626444
1.627487
1.627785
1.627636
1.628530
1.629126
1.629872
1.630915
1.631809
1.634045
1.634492
1.635088
1.635833
1.636280
1.637920
1.638367
1.639708
1.640453
1.641347
1.642987
1.643881
1.644477
1.645520
1.646117
1.647160
1.647905
1.648352
1.649097
1.648948
1.649097
1.649694
1.650141
1.651035
1.651482
1.652376
1.653568
1.654314
1.654612
1.654761
1.654609
1.654458
1.654003
1.654912
1.654912
1.654003
1.652488
1.651579
1.652488
1.652337
1.651731
1.650822
1.650973
1.651731
1.653852
1.653700
1.653852
1.654458
1.654912
1.655518
1.658700
1.658851
1.658700
1.659003
1.659306
1.659760
1.660063
1.659912
1.660063
1.661729
1.662638
1.663547
1.664305
1.664911
1.665668
1.666274
1.666729
1.667032
1.667183
1.667335
1.667638
1.667789
1.667941
1.667941
1.667789
1.667486
1.667789
1.667789
1.667941
1.668547
1.668547
1.668547
1.668395
1.668244
1.667032
1.665214
1.662941
1.662335
1.662643
1.662489
1.661721
1.659876
1.658031
1.655264
1.652958
1.653265
1.653726
1.654341
1.655879
1.656340
1.656801
1.657570
1.658953
1.659722
1.660183
1.660952
1.662182
1.663104
1.663412
1.662950
1.662950
1.663104
1.662643
1.663104
1.663412
1.663719
1.663719
1.664488
1.664027
1.664027
1.664027
1.664949
1.665103
1.665718
1.666333
1.669254
1.670176
1.670483
1.671098
1.671867
1.674942
1.674942
1.675403
1.676018
1.676787
1.678170
1.679554
1.679554
1.680015
1.681706
1.683858
1.684781
1.685242
1.686164
1.687855
1.688470
1.689085
1.689700
1.690315
1.690939
1.693747
1.694527
1.694995
1.697023
1.698427
1.699208
1.699832
1.699988
1.701392
1.702640
1.703576
1.704044
1.704824
1.705136
1.705604
1.706852
1.707164
1.708100
1.708412
1.708724
1.709192
1.710440
1.712000
1.712468
1.713560
1.714652
1.714652
1.714652
1.714340
1.714496
1.714808
1.714652
1.714964
1.715120
1.715276
1.716056
1.716524
1.716836
1.717148
1.717460
1.717304
1.716992
1.717460
1.717772
1.717772
1.718396
1.718864
1.719488
1.721204
1.721984
1.722764
1.723544
1.724012
1.725416
1.725416
1.725728
1.726664
1.728380
1.729004
1.728848
1.729004
1.729478
1.729794
1.732007
1.732165
1.731058
1.730268
1.730584
1.730742
1.730742
1.731058
1.731690
1.732323
1.732639
1.732481
1.732481
1.732007
1.731216
1.730584
1.729320
1.728688
1.727108
1.726476
1.727424
1.727266
1.727424
1.727582
1.727424
1.727108
1.725528
1.723316
1.722526
1.721894
1.722842
1.721262
1.720314
1.720630
1.720788
1.721262
1.717470
1.714784
1.706094
1.706410
1.701828
1.699616
1.698352
1.699458
1.701038
1.701828
1.702934
1.702618
1.703882
1.706252
1.706410
1.707674
1.708780
1.710202
1.711150
1.711940
1.712730
1.713046
1.713046
1.713362
1.712572
1.712092
1.710812
1.710331
1.711772
1.711132
1.711292
1.711612
1.711612
1.711132
1.710972
1.710171
1.709691
1.709691
1.709851
1.709371
1.709211
1.709051
1.709211
1.709691
1.709531
1.709851
1.710011
1.710331
1.710491
1.710491
1.710652
1.710812
1.710972
1.711132
1.710972
1.710491
1.710331
1.709851
1.710011
1.710011
1.709851
1.710331
1.710171
1.709851
1.708571
1.708251
1.708090
1.709051
1.709531
1.710011
1.710331
1.710331
1.710491
1.711292
1.711452
1.711772
1.712092
1.712572
1.712893
1.713373
1.713046
1.713210
1.712720
1.712068
1.711742
1.711578
1.711089
1.710274
1.710110
1.709784
1.710274
1.710274
1.709621
1.708642
1.708479
1.708153
1.707990
1.707011
1.706196
1.706359
1.706685
1.706032
1.705869
1.706032
1.706196
1.706032
1.706196
1.706685
1.707174
1.707337
1.707990
1.707664
1.707501
1.708642
1.708642
1.709458
1.709621
1.710110
1.710926
1.712883
1.713373
1.714025
1.714678
1.717451
1.718429
1.719245
1.719571
1.719897
1.721855
1.722670
1.722181
1.722833
1.723486
1.724465
1.724954
1.726259
1.726748
1.727401
1.727890
1.727890
1.727890
1.728717
1.729214
1.730206
1.729876
1.730372
1.730703
1.731199
1.731530
1.730868
1.730703
1.731034
1.732357
1.733516
1.733681
1.734178
1.734343
1.734674
1.734508
1.734343
1.733185
1.732688
1.731861
1.733350
1.733516
1.734343
1.734839
1.735170
1.736825
1.736494
1.735998
1.735005
1.736163
1.737487
1.737652
1.736825
1.736494
1.736990
1.737652
1.737983
1.738314
1.738479
1.738810
1.739141
1.738810
1.738479
1.738314
1.738810
1.739141
1.738149
1.737983
1.737983
1.736659
1.735998
1.736494
1.736494
1.736825
1.738314
1.739307
1.739969
1.740961
1.741127
1.741292
1.740961
1.740796
1.740134
1.739472
1.739638
1.739805
1.742151
1.742151
1.741816
1.741816
1.739303
1.738800
1.739638
1.739135
1.737795
1.737292
1.736287
1.736957
1.738130
1.737962
1.737125
1.734444
1.732434
1.731764
1.730759
1.731429
1.730926
1.730759
1.727575
1.727240
1.726905
1.726738
1.726570
1.726235
1.726738
1.726403
1.728246
1.729083
1.730088
1.732434
1.733439
1.732601
1.732936
1.732601
1.734779
1.735282
1.735449
1.734947
1.736120
1.736790
1.735449
1.735282
1.732769
1.732434
1.734277
1.736622
1.740140
1.739135
1.739638
1.739303
1.739973
1.739638
1.739135
1.739135
1.738297
1.738800
1.738297
1.739651
1.741342
1.745233
1.745571
1.747770
1.747432
1.748109
1.744895
1.744218
1.744218
1.742019
1.740327
1.741342
1.741342
1.741511
1.741511
1.741004
1.741681
1.742357
1.742357
1.743711
1.744049
1.744726
1.745064
1.745233
1.745910
1.745740
1.745910
1.746248
1.746248
1.746586
1.747094
1.748109
1.748447
1.748616
1.748616
1.748447
1.748955
1.749293
1.749631
1.750477
1.751999
1.752845
1.752845
1.753184
1.754029
1.755214
1.756059
1.756736
1.758089
1.760965
1.761134
1.762657
1.762995
1.762654
1.763165
1.764017
1.774065
1.772362
1.771680
1.769296
1.770318
1.768785
1.769296
1.769296
1.769637
1.769466
1.769977
1.770148
1.770488
1.769977
1.770148
1.769977
1.770148
1.769466
1.768274
1.768104
1.768445
1.768956
1.768785
1.768445
1.768445
1.768274
1.768956
1.767763
1.766912
1.767593
1.767593
1.767763
1.768274
1.768445
1.768615
1.767763
1.768104
1.768274
1.769466
1.769637
1.769977
1.771851
1.771680
1.772362
1.773043
1.773724
1.773894
1.774065
1.774576
1.776790
1.779344
1.780196
1.780877
1.782239
1.782750
1.782921
1.781388
1.782069
1.782750
1.782922
1.783781
1.785842
1.787732
1.790996
1.790137
1.791339
1.789793
1.790480
1.791683
1.793229
1.794775
1.795462
1.796493
1.797523
1.799928
1.801646
1.802849
1.801990
1.799413
1.798382
1.796665
1.796665
1.796836
1.795462
1.793916
1.793744
1.793401
1.794431
1.795634
1.795806
1.795806
1.796149
1.796149
1.796149
1.797180
1.797008
1.797180
1.797180
1.797352
1.797352
1.797352
1.796836
1.796493
1.797008
1.797523
1.797180
1.798039
1.798211
1.798039
1.800444
1.800616
1.800616
1.800444
1.801474
1.800787
1.800787
1.801303
1.801818
1.802162
1.801818
1.802677
1.803020
1.804567
1.803699
1.803526
1.804913
1.806474
1.807515
1.808035
1.810290
1.810637
1.810290
1.811677
1.809423
1.810984
1.812544
1.814626
1.814626
1.814626
1.814799
1.816013
1.821389
1.824511
1.829021
1.830928
1.830928
1.831449
1.829194
1.828674
1.827806
1.829194
1.830755
1.833877
1.834397
1.835611
1.839773
1.841855
1.843415
1.843762
1.847058
1.846711
1.847751
1.841508
1.840641
1.836998
1.838212
1.840987
1.843069
1.841508
1.841161
1.842895
1.843589
1.845843
1.848792
1.851740
1.853648
1.853821
1.854342
1.856596
1.856770
1.857290
1.858168
1.857466
1.856939
1.858344
1.859573
1.859397
1.858695
1.857992
1.857114
1.856588
1.856061
1.855183
1.855710
1.856763
1.858168
1.859924
1.862382
1.863787
1.865543
1.866597
1.865719
1.869055
1.867475
1.868353
1.869757
1.874147
1.884508
1.879240
1.875903
1.874674
1.874674
1.875728
1.877133
1.875903
1.875552
1.875903
1.876255
1.876781
1.876079
1.875377
1.875552
1.879415
1.879942
1.879415
1.880118
1.880820
1.880469
1.877308
1.877835
1.878362
1.881522
1.885737
1.886966
1.887668
1.890478
1.891531
1.886439
1.883805
1.880118
1.878713
1.876255
1.875377
1.875201
1.874323
1.874850
1.875728
1.875201
1.875201
1.874323
1.873796
1.872918
1.873621
1.875201
1.875903
1.876606
1.878010
1.878713
1.878537
1.878888
1.880118
1.880469
1.879064
1.879415
1.879766
1.879942
1.879064
1.879240
1.879240
1.878537
1.878537
1.878362
1.878888
1.878186
1.877659
1.877835
1.877484
1.878713
1.880118
1.879766
1.879415
1.878362
1.878537
1.878713
1.881347
1.884332
1.885561
1.885912
1.883454
1.884332
1.886966
1.886439
1.890653
1.892409
1.891356
1.890302
1.890478
1.889600
1.889600
1.889249
1.889424
1.890653
1.891180
1.891005
1.891707
1.891531
1.892585
1.892409
1.892936
1.893112
1.895270
1.897069
1.897788
1.899047
1.899766
1.899586
1.900306
1.899766
1.899047
1.899946
1.901025
1.901385
1.903004
1.903363
1.903363
1.903723
1.904263
1.906960
1.906241
1.904982
1.904982
1.906061
1.906061
1.906960
1.908039
1.905701
1.904442
1.904802
1.905342
1.906601
1.910378
1.911457
1.912356
1.911816
1.911277
1.910198
1.910018
1.907500
1.906601
1.908039
1.908759
1.907500
1.906960
1.905881
1.904622
1.904263
1.904263
1.907140
1.908759
1.909298
1.910198
1.912536
1.909973
1.909607
1.909973
1.907411
1.905763
1.906862
1.906496
1.906130
1.906862
1.909790
1.906679
1.904116
1.903384
1.905580
1.907228
1.911804
1.912536
1.914915
1.913268
1.911438
1.910888
1.911438
1.911804
1.911804
1.914915
1.919491
1.920223
1.919491
1.918576
1.918576
1.920040
1.919674
1.919491
1.919125
1.919308
1.919308
1.920223
1.923152
1.923884
1.924982
1.926996
1.928826
1.930290
1.933219
1.938710
1.941272
1.942370
1.940906
1.939076
1.937978
1.941638
1.943469
1.946580
1.945482
1.947495
1.949509
1.954268
1.954634
1.957196
1.959210
1.957745
1.961406
1.960491
1.961589
1.962517
1.961218
1.960661
1.962703
1.967158
1.966416
1.964374
1.962332
1.961960
1.967529
1.971242
1.977925
1.980895
1.986093
1.986835
1.997045
1.996860
1.995189
2.002800
2.008554
2.004842
2.008369
2.013010
2.020435
2.022106
2.010782
2.008926
2.000201
2.002800
2.005027
2.005584
2.008740
2.010596
2.007255
2.010225
2.007626
2.005584
2.008183
2.003542
1.998345
1.996303
1.997973
2.002800
1.997045
1.998902
2.004099
2.003914
2.002800
2.001872
2.003728
2.005213
2.005399
2.005956
2.016722
2.019136
2.022477
2.018950
2.017234
2.018950
2.020284
2.022572
2.022572
2.023716
2.024478
2.026575
2.028672
2.026956
2.027910
2.028481
2.029244
2.029435
2.029625
2.028672
2.029244
2.026766
2.024859
2.024669
2.022381
2.022763
2.020666
2.021238
2.018950
2.017234
2.015328
2.013422
2.016853
2.015900
2.016472
2.018187
2.021619
2.021047
2.018759
2.017234
2.014565
2.014375
2.014947
2.015328
2.013612
2.013422
2.014184
2.015709
2.016091
2.016281
2.018759
2.016853
2.014375
2.016472
2.016091
2.022381
2.024097
2.030388
2.036107
2.055360
2.065463
2.065654
2.075185
2.072898
2.086467
2.076775
2.069990
2.049250
2.050413
2.060686
2.064369
2.069603
2.073286
2.060298
2.057779
2.063400
2.073286
2.074836
2.081814
2.090343
2.089956
2.099647
2.099841
2.094414
2.088405
2.079488
2.070960
2.070960
2.073673
2.079101
2.081814
2.078519
2.075418
2.077162
2.079101
2.078519
2.072704
2.075030
2.079101
2.082008
2.083947
2.086854
2.083559
2.081233
2.073867
2.070572
2.063400
2.059523
2.064563
2.068246
2.068633
2.067083
2.068440
2.071347
2.072123
2.069021
2.069990
2.065532
2.064175
2.064175
2.069603
2.072123
2.088017
2.093057
2.094414
2.093251
2.090343
2.089568
2.084219
2.088776
2.086200
2.087389
2.083031
2.085606
2.090162
2.093926
2.097294
2.092143
2.094322
2.094322
2.093332
2.097096
2.094917
2.097492
2.094520
2.091351
2.090757
2.086795
2.085804
2.081842
2.081446
2.082634
2.083229
2.084615
2.085012
2.082833
2.081446
2.083031
2.084021
2.086993
2.086795
2.085606
2.085408
2.084021
2.082634
2.083427
2.083031
2.081248
2.079663
2.077484
2.076295
2.078276
2.079663
2.083229
2.080851
2.082436
2.079267
2.081842
2.083229
2.077088
2.082040
2.089370
2.100860
2.106407
2.106605
2.112944
2.111161
2.108189
2.114412
2.112204
2.109394
2.109193
2.109795
2.107587
2.109996
2.115818
2.118227
2.120234
2.117424
2.117424
2.111401
2.107587
2.109394
2.110799
2.109193
2.107186
2.108390
2.111201
2.114613
2.116821
2.122643
2.122643
2.122844
2.121438
2.115416
2.115215
2.115215