1.000000
1.000000
1.001000
1.001000
1.001000
1.001000
1.001000
1.005000
1.005000
1.005000
1.005000
1.005000
1.005000
1.005000
1.005000
1.005000
1.005000
0.999000
0.999000
0.999000
1.001000
1.001000
1.001000
1.001000
1.001000
1.019000
1.019000
1.022000
1.024000
1.022000
1.018000
1.025000
1.026000
1.033000
1.039000
1.042000
1.042000
1.040000
1.047000
1.047000
1.046000
1.054000
1.051000
1.066000
1.074000
1.084000
1.091000
1.085000
1.095000
1.114000
1.116000
1.117000
1.139000
1.145000
1.142000
1.144000
1.156000
1.141000
1.159000
1.170000
1.166000
1.184000
1.183000
1.122000
1.140000
1.170000
1.186000
1.192000
1.175000
1.153000
1.125000
1.136000
1.136000
1.088000
1.096000
1.070000
1.014000
1.022000
0.988000
1.025000
1.049000
1.065000
1.049000
1.065000
1.058000
1.024000
0.963000
0.968000
0.979000
1.023000
1.037000
1.051000
1.074000
1.079000
1.067000
1.091000
1.109000
1.110000
1.104000
1.118000
1.083000
1.093000
1.078000
1.058000
1.053000
1.045000
1.022000
1.022000
1.034000
1.074000
1.078000
1.094000
1.097000
1.104000
1.105000
1.128000
1.140000
1.130000
1.125000
1.144000
1.149000
1.131000
1.131000
1.115000
1.130000
1.176000
1.186000
1.189000
1.196000
1.194000
1.199000
1.210000
1.205000
1.212000
1.218000
1.253000
1.253000
1.253000
1.255000
1.255000
1.265000
1.215000
1.245000
1.196000
1.175000
1.221000
1.246000
1.254000
1.255000
1.247000
1.259000
1.255000
1.236000
1.239000
1.239000
1.243000
1.243000
1.232000
1.204000
1.170000
1.172000
1.145000
1.161000
1.200000
1.200000
1.214000
1.225000
1.231000
1.242000
1.239000
1.248000
1.239000
1.215000
1.218000
1.221000
1.241000
1.222000
1.250000
1.262000
1.266000
1.262000
1.210930
1.214334
1.191637
1.185962
1.160995
1.149646
1.159860
1.168939
1.158725
1.143971
1.156455
1.155320
1.137162
1.141701
1.142836
1.156455
1.155320
1.167804
1.165534
1.173478
1.195041
1.214334
1.208660
1.215469
1.215469
1.222279
1.199581
1.201851
1.208660
1.215469
1.199581
1.192771
1.179153
1.171209
1.180288
1.202986
1.199581
1.207525
1.214334
1.210930
1.222279
1.213200
1.224548
1.235897
1.242707
1.248381
1.263135
1.259730
1.263135
1.268809
1.260865
1.277888
1.292642
1.281293
1.296047
1.283563
1.282428
1.254056
1.281293
1.325554
1.339173
1.330093
1.325554
1.296047
1.298316
1.264270
1.242707
1.256325
1.291507
1.271079
1.263135
1.221144
1.191637
1.170074
1.204120
1.209795
1.167804
1.166669
1.172343
1.163264
1.178018
1.213200
1.210930
1.210930
1.227953
1.233628
1.214334
1.200716
1.209795
1.213200
1.221144
1.235897
1.250651
1.264270
1.275619
1.267674
1.235897
1.195041
1.215469
1.220009
1.222279
1.224548
1.207525
1.192771
1.148511
1.155320
1.141701
1.128083
1.124678
1.150780
1.163264
1.163264
1.188232
1.189367
1.183692
1.178018
1.159860
1.160995
1.175748
1.196176
1.198446
1.207525
1.213200
1.227953
1.232493
1.250651
1.252921
1.255191
1.275619
1.262000
1.272214
1.281293
1.305126
1.321014
1.286968
1.303991
1.301721
1.316475
1.334633
1.338038
1.327824
1.325554
1.296047
1.301721
1.318745
1.306261
1.327824
1.347117
1.393647
1.403861
1.377759
1.406131
1.419750
1.401592
1.404996
1.423155
1.407266
1.417480
1.442448
1.445852
1.420885
1.394782
1.404996
1.394782
1.389108
1.431099
1.434503
1.422020
1.439043
1.474225
1.456066
1.460606
1.460606
1.418615
1.424289
1.394782
1.450392
1.468550
1.466280
1.484439
1.524160
1.509406
1.499192
1.508271
1.528700
1.571825
1.551397
1.532104
1.566151
1.589984
1.621761
1.629705
1.637649
1.634244
1.566151
1.621761
1.582039
1.521890
1.543453
1.599063
1.616086
1.614951
1.648998
1.646728
1.638784
1.656942
1.625165
1.619491
1.616086
1.601333
1.575230
1.602468
1.605872
1.584309
1.607007
1.651268
1.659212
1.652403
1.654673
1.653538
1.644459
1.658077
1.639919
1.607007
1.586579
1.554802
1.538914
1.569556
1.579770
1.613816
1.633110
1.629705
1.616086
1.603602
1.561611
1.551397
1.549128
1.552532
1.520355
1.476112
1.485497
1.510970
1.477453
1.484156
1.453320
1.443935
1.460023
1.486837
1.500244
1.512311
1.508289
1.502926
1.537784
1.547169
1.572642
1.569961
1.586049
1.584709
1.572642
1.608841
1.586049
1.607500
1.607500
1.596775
1.612863
1.612863
1.600797
1.572642
1.586049
1.599456
1.600797
1.610182
1.607500
1.608841
1.627611
1.620908
1.642359
1.611523
1.615545
1.595434
1.587390
1.604819
1.602138
1.604819
1.586049
1.553872
1.539125
1.537784
1.547169
1.523036
1.525718
1.549850
1.531081
1.525718
1.540465
1.533762
1.525718
1.521696
1.505607
1.524377
1.525718
1.517674
1.498904
1.485497
1.472090
1.433209
1.453320
1.470749
1.439913
1.446616
1.458683
1.464045
1.469408
1.472090
1.457342
1.457342
1.457342
1.449298
1.458683
1.449298
1.439913
1.405055
1.406395
1.391648
1.379581
1.359471
1.351427
1.368856
1.384944
1.374219
1.394329
1.399692
1.399692
1.376900
1.379581
1.375559
1.391648
1.380922
1.360812
1.343382
1.323272
1.333997
1.333997
1.359471
1.386285
1.397010
1.405055
1.395670
1.414440
1.417121
1.443935
1.445276
1.451979
1.462705
1.464045
1.478793
1.469408
1.486837
1.489519
1.500244
1.502926
1.481475
1.478793
1.466727
1.477453
1.442594
1.450638
1.476112
1.482815
1.468068
1.469408
1.462705
1.465386
1.469408
1.457342
1.433209
1.435891
1.457342
1.477453
1.496222
1.505607
1.492200
1.486837
1.465386
1.472090
1.454661
1.474771
1.482815
1.493541
1.501585
1.498904
1.484156
1.472090
1.470749
1.449298
1.422484
1.409077
1.431869
1.426506
1.415780
1.397010
1.402373
1.411758
1.414440
1.395670
1.395670
1.425165
1.397010
1.386285
1.367515
1.372878
1.363493
1.333997
1.332657
1.321931
1.300480
1.329975
1.343382
1.342042
1.348745
1.331316
1.323272
1.287073
1.273666
1.296458
1.328635
1.347405
1.333997
1.358130
1.370196
1.375559
1.409077
1.409077
1.413099
1.410417
1.392988
1.417121
1.411758
1.413099
1.442594
1.445276
1.421143
1.418462
1.395670
1.394329
1.395670
1.394329
1.409077
1.409077
1.414440
1.421143
1.387626
1.407736
1.388966
1.348745
1.356789
1.367515
1.371537
1.356789
1.346064
1.319250
1.304502
1.292436
1.325953
1.340701
1.333997
1.316568
1.313887
1.317909
1.300480
1.266962
1.257578
1.264281
1.283051
1.248193
1.201268
1.195905
1.221379
1.260259
1.261600
1.253555
1.211994
1.174454
1.213334
1.169091
1.159706
1.181158
1.178476
1.178476
1.178476
1.197246
1.220038
1.229423
1.216016
1.236126
1.241489
1.244171
1.257578
1.253555
1.269644
1.269644
1.261600
1.265622
1.280369
1.303161
1.307183
1.316568
1.317909
1.308524
1.299139
1.300480
1.317909
1.316568
1.304502
1.296458
1.303161
1.325953
1.342042
1.350086
1.311206
1.319250
1.343382
1.351427
1.325953
1.317909
1.316568
1.300480
1.305843
1.292436
1.256237
1.252215
1.249533
1.275007
1.279029
1.269644
1.275007
1.279029
1.293776
1.299139
1.296458
1.285732
1.301821
1.301821
1.312546
1.304502
1.301821
1.305843
1.304502
1.305843
1.324613
1.329975
1.350086
1.362152
1.356789
1.340701
1.340701
1.336679
1.328635
1.332657
1.313887
1.328635
1.309865
1.312546
1.324613
1.320590
1.311206
1.297799
1.307183
1.321931
1.321931
1.327294
1.323272
1.303161
1.301821
1.303161
1.297799
1.296458
1.315228
1.309865
1.336679
1.335338
1.340701
1.352767
1.346064
1.348745
1.333997
1.309865
1.315228
1.323272
1.316568
1.331316
1.346064
1.350086
1.342042
1.332657
1.351427
1.335338
1.319250
1.325953
1.336679
1.324613
1.284392
1.281710
1.281710
1.295117
1.291095
1.288414
1.295117
1.293776
1.291095
1.283051
1.272325
1.260259
1.275007
1.280369
1.293776
1.316568
1.323272
1.313887
1.329975
1.324613
1.307183
1.305843
1.303161
1.293776
1.287073
1.292436
1.315228
1.312546
1.312546
1.291095
1.264281
1.269644
1.268303
1.249533
1.254896
1.270985
1.264281
1.269644
1.276347
1.305843
1.311206
1.313887
1.313887
1.305843
1.303161
1.279029
1.279029
1.288414
1.261600
1.254896
1.261600
1.254896
1.233445
1.257578
1.281710
1.279029
1.303161
1.308524
1.295117
1.291095
1.284392
1.287073
1.285732
1.300480
1.299139
1.307183
1.288414
1.284392
1.265622
1.257578
1.258918
1.257578
1.261600
1.276347
1.276347
1.270985
1.265622
1.270985
1.257578
1.242830
1.237467
1.221379
1.222719
1.209312
1.199927
1.195905
1.187861
1.194565
1.187861
1.195905
1.181158
1.161047
1.150321
1.151662
1.167751
1.151662
1.162388
1.187861
1.190542
1.203949
1.218697
1.214675
1.211994
1.203949
1.244171
1.242830
1.236126
1.242830
1.253555
1.262940
1.269644
1.291095
1.301821
1.292436
1.311206
1.321931
1.300480
1.304502
1.324613
1.332657
1.333997
1.313887
1.352767
1.371537
1.360812
1.354108
1.379581
1.390307
1.378241
1.376900
1.351427
1.354108
1.386285
1.399692
1.410417
1.395670
1.409077
1.401033
1.425165
1.430528
1.429187
1.456001
1.460023
1.418462
1.443935
1.418462
1.415780
1.429187
1.410417
1.406395
1.442594
1.464045
1.411758
1.441254
1.461364
1.434550
1.410417
1.413099
1.394329
1.384944
1.392988
1.397010
1.390307
1.394329
1.425165
1.442594
1.456001
1.465386
1.460023
1.470749
1.445276
1.443935
1.465386
1.433209
1.417121
1.421143
1.411758
1.401033
1.399692
1.397010
1.382263
1.390307
1.419802
1.427847
1.456001
1.465386
1.434550
1.477453
1.439913
1.422484
1.446616
1.468068
1.500244
1.505607
1.517674
1.527058
1.531081
1.539125
1.514992
1.540465
1.576664
1.611523
1.636996
1.655766
1.632974
1.641018
1.670513
1.693305
1.683920
1.685261
1.698668
1.695987
1.649062
1.622248
1.631633
1.604819
1.594093
1.573983
1.620908
1.619567
1.631633
1.611523
1.557895
1.553872
1.484156
1.490860
1.569961
1.552532
1.552532
1.623589
1.654425
1.669173
1.657106
1.632974
1.588731
1.608841
1.651744
1.675876
1.704031
1.779110
1.772407
1.773747
1.769725
1.775088
1.842123
1.882344
1.911840
1.838101
1.871619
1.827375
1.796539
1.831398
1.913180
1.938654
1.954742
1.964127
1.911840
1.907818
1.895751
1.875641
1.881004
1.898433
1.878322
1.816650
1.863574
1.863574
1.863574
1.889048
1.926587
1.949379
1.952061
1.914521
1.901114
1.830057
1.879663
1.929269
1.923906
1.965468
1.974853
1.949379
1.925247
1.886366
1.879663
1.915862
1.953401
1.944016
1.953401
2.009711
2.029821
2.016414
1.994963
2.013733
2.043228
2.088812
2.127692
2.083449
2.092834
2.122330
2.102219
2.032503
2.015074
2.023118
2.095516
2.032503
1.981556
1.969490
1.911840
1.902455
1.879663
1.910499
1.883685
1.874300
1.876981
1.927928
1.917202
1.885026
1.842123
1.868937
1.874300
1.848827
1.903795
1.937313
1.984237
1.988260
1.985578
1.966808
1.954742
1.964127
1.972171
1.998985
2.023118
2.061998
1.922565
1.933291
1.942676
1.890388
1.874300
1.897092
1.905136
1.899773
1.938654
1.944016
1.935972
1.926587
1.926587
1.911840
1.897092
1.902455
1.941335
1.989600
1.989600
2.016414
2.027140
2.033843
2.063339
2.119648
2.084790
2.142440
2.173276
2.157188
2.102219
2.098197
2.138418
2.171936
2.146462
2.131715
2.094175
2.130374
2.196068
2.245674
2.288577
2.273829
2.285895
2.356952
2.346227
2.407899
2.461527
2.444098
2.478956
2.414603
2.461527
2.519177
2.504429
2.505770
2.505771
2.524611
2.584031
2.510118
2.533306
2.449249
2.478235
2.521712
2.546350
2.550698
2.507220
2.481133
2.407221
2.401424
2.391279
2.452148
2.426061
2.482582
2.515915
2.495626
2.417366
2.414467
2.382583
2.369540
2.399975
2.349250
2.284034
2.279686
2.327512
2.266643
2.259396
2.288382
2.284034
2.317367
2.340555
2.310120
2.304323
2.299976
2.282585
2.281135
2.294179
2.256498
2.231860
2.205774
2.185484
2.146354
2.086934
2.099978
2.118818
2.142006
2.162296
2.110123
2.097079
2.057949
2.084036
2.086934
2.081137
2.042007
2.008674
2.010124
2.043457
2.066645
2.092731
2.136209
2.172441
2.152151
2.201426
2.182586
2.186933
2.185484
2.172441
2.205774
2.204324
2.176789
2.195629
2.218817
2.226063
2.270990
2.285483
2.256498
2.243454
2.185484
2.210122
2.242005
2.250701
2.236208
2.268092
2.278237
2.311570
2.330410
2.346352
2.362294
2.347801
2.321715
2.359395
2.326062
2.310120
2.298526
2.307222
2.286932
2.253599
2.249252
2.247802
2.246353
2.265193
2.220266
2.202875
2.214469
2.249252
2.270990
2.288382
2.298526
2.270990
2.281135
2.305773
2.326062
2.314468
2.328961
2.357946
2.372439
2.352149
2.337656
2.357946
2.410119
2.424612
2.404322
2.417366
2.442003
2.437655
2.389830
2.408670
2.405772
2.437655
2.484032
2.501423
2.521712
2.550698
2.550698
2.549248
2.570987
2.582581
2.597074
2.601422
2.498524
2.504321
2.526060
2.555045
2.531857
2.569538
2.591277
2.566639
2.586929
2.608668
2.642001
2.686928
2.698522
2.676783
2.669537
2.673885
2.692725
2.660841
2.589828
2.659392
2.631856
2.599972
2.552147
2.566639
2.620262
2.689827
2.723160
2.704319
2.675334
2.691276
2.660841
2.636204
2.668088
2.657943
2.649247
2.562292
2.598523
2.542002
2.521712
2.572437
2.582581
2.620262
2.610117
2.627508
2.650697
2.705768
2.742000
2.763739
2.785478
2.747797
2.770985
2.772434
2.839100
2.775333
2.743449
2.615914
2.669537
2.682580
2.753594
2.863738
2.876781
2.891274
2.873883
2.808666
2.637653
2.607219
2.657943
2.688377
2.704319
2.630407
2.623161
2.653595
2.602871
2.679682
2.681131
2.739101
2.789826
2.846347
2.876781
2.891274
2.888375
2.984026
2.997070
3.156872
3.178806
3.207006
3.149039
3.263407
3.307274
3.275940
3.230507
3.175673
3.216406
3.307274
3.297874
3.316674
3.254007
3.227373
3.288474
3.377775
3.426342
3.481176
3.587711
3.578311
3.518777
3.523477
3.579878
3.669179
3.615911
3.697379
3.695812
3.593978
3.661345
3.736546
3.719313
3.669179
3.750646
3.896348
3.912015
4.001316
4.004449
4.096884
4.266086
4.389854
4.403954
4.242586
4.308387
4.251986
4.336587
4.435288
4.548089
4.615457
4.721992
4.667158
4.723558
4.820693
4.884927
4.853593
4.635824
4.679691
4.635824
4.490122
4.711025
4.831660
4.878660
4.850460
4.881794
4.660891
4.809726
4.873960
4.883360
4.721992
4.751759
4.696925
4.969528
5.259365
5.416034
5.436400
5.405067
5.409767
5.610303
5.699604
5.915806
6.157076
6.124176
6.142976
6.332545
6.362312
6.052108
6.144542
6.420279
6.702283
6.813517
6.760250
6.738316
6.558148
6.573814
6.755550
6.857385
6.943552
6.733616
6.440646
6.586348
6.274577
5.925206
5.878206
5.854706
5.539802
5.058829
4.645224
4.881794
4.621724
4.313087
4.042050
3.785113
3.590844
3.442009
3.501543
3.609645
3.789813
3.896348
3.686412
3.681712
3.919848
4.082784
4.173652
4.242586
4.377321
4.345987
4.026383
3.860314
4.001316
3.838381
3.733413
3.532877
3.728713
3.711479
3.708346
3.828981
4.006016
4.006016
3.937082
4.015416
4.007583
4.007583
3.752213
3.822714
3.706779
3.537577
3.296307
3.073838
2.987670
3.091071
3.241473
3.117705
2.957903
2.909336
2.953203
3.070705
3.186639
3.156872
3.169406
3.019004
2.892102
3.070705
3.040938
3.094205
3.228940
3.257140
3.257140
3.337041
3.246173
3.355841
3.321374
3.322941
3.468643
3.489010
3.615911
3.650378
3.609645
3.716179
3.763180
3.766313
3.847781
3.611211
3.772580
3.912015
3.927682
3.959016
3.832114
3.852481
3.863448
3.763180
3.774147
3.969982
3.938649
4.037350
4.117251
4.142318
4.204985
4.203419
4.093751
4.173652
4.147018
4.059283
4.175218
4.223785
4.206552
4.269219
4.391421
4.335020
4.107851
4.145451
4.115684
4.068684
4.195585
4.192452
4.273919
4.230052
4.214385
4.209685
4.175218
4.214385
4.280186
4.303686
4.408654
4.388287
4.418055
4.449388
4.394554
4.367921
4.400821
4.320920
4.372621
4.396121
4.335020
3.977816
3.902615
3.963716
3.662912
3.670745
3.437309
3.429476
3.308841
3.399709
3.348008
3.432609
3.562534
3.526155
3.391033
3.424814
3.453397
3.232525
3.201343
3.115593
3.209139
3.190949
3.281897
3.300086
3.357253
3.346859
3.349457
3.448200
3.471587
3.453397
3.463791
3.513163
3.484579
3.515761
3.271503
3.263707
3.079214
3.128586
3.245518
3.235124
3.136381
3.188351
3.209139
3.164964
3.133783
3.154571
3.250715
3.232525
3.203942
3.284495
3.393632
3.466390
3.432609
3.445602
3.414420
3.455996
3.445602
3.393632
3.487178
3.492375
3.487178
3.570329
3.604110
3.541746
3.528753
3.596314
3.562534
3.601511
3.637890
3.640489
3.609307
3.611905
3.466390
3.427412
3.471587
3.455996
3.492375
3.471587
3.487178
3.497572
3.580723
3.580723
3.596314
3.505367
3.398829
3.370245
3.341662
3.357253
3.357253
3.401427
3.406624
3.326071
3.339064
3.367647
3.432609
3.398829
3.378041
3.401427
3.380639
3.375442
3.497572
3.531352
3.570329
3.567731
3.580723
3.593716
3.567731
3.430011
3.455996
3.591117
3.591117
3.614504
3.598913
3.546943
3.583322
3.591117
3.585920
3.645686
3.689860
3.692459
3.700254
3.692459
3.749625
3.749625
3.786004
3.814588
3.796398
3.767815
3.791201
3.814588
3.822383
3.832777
3.819785
3.811989
3.791201
3.830179
3.783406
3.749625
3.804194
3.695057
3.700254
3.669072
3.635292
3.679466
3.687262
3.718443
3.702853
3.728837
3.739231
3.747027
3.718443
3.749625
3.830179
3.845770
3.871755
3.843171
3.848368
3.819785
3.835376
3.822383
3.806792
3.811989
3.806792
3.796398
3.804194
3.767815
3.754822
3.778209
3.824982
3.824982
3.830179
3.827580
3.723640
3.721042
3.721042
3.770413
3.770413
3.760019
3.770413
3.760019
3.700254
3.721042
3.767815
3.801595
3.837974
3.887346
3.926323
3.918527
3.895141
3.889944
3.853565
3.900338
3.876952
3.879550
3.876952
3.931520
3.928921
3.910732
3.908133
3.876952
3.879550
3.918527
3.892543
3.897740
3.892543
3.887346
3.895141
3.874353
3.923724
3.934118
3.934118
3.941914
3.949709
3.952308
3.928921
3.936717
3.947111
3.918527
3.921126
3.944512
3.934118
3.910732
3.884747
3.892543
3.832777
3.806792
3.845770
3.863959
3.832777
3.822383
3.640489
3.663875
3.635292
3.632693
3.661277
3.666474
3.640489
3.682065
3.669072
3.637890
3.661277
3.645686
3.632693
3.609307
3.627496
3.656080
3.692459
3.700254
3.674269
3.671671
3.682065
3.645686
3.601511
3.575526
3.518360
3.526155
3.523557
3.523557
3.552140
3.557337
3.533950
3.549541
3.557337
3.552140
3.559935
3.549541
3.565132
3.570329
3.554738
3.570329
3.570329
3.546943
3.565132
3.544344
3.559935
3.580723
3.609307
3.627496
3.630095
3.609307
3.606708
3.601511
3.609307
3.619701
3.637890
3.650883
3.648284
3.645686
3.648284
3.663875
3.648284
3.653481
3.671671
3.650883
3.661277
3.687262
3.700254
3.689860
3.700254
3.710648
3.718443
3.715845
3.695057
3.713246
3.741830
3.773012
3.767815
3.767815
3.754822
3.723640
3.747027
3.718443
3.663875
3.643087
3.632693
3.645686
3.637890
3.601511
3.585920
3.596314
3.619701
3.622299
3.635292
3.624898
3.614504
3.580723
3.539147
3.539147
3.500170
3.507966
3.497572
3.502769
3.554738
3.549541
3.541746
3.515761
3.494973
3.468988
3.463791
3.479382
3.476784
3.443003
3.393632
3.411821
3.430011
3.432609
3.494973
3.497572
3.497572
3.489776
3.528753
3.510564
3.536549
3.539147
3.544344
3.554738
3.578125
3.536549
3.567731
3.617102
3.622299
3.619701
3.658678
3.666474
3.650883
3.632693
3.674269
3.679466
3.663875
3.643087
3.630095
3.606708
3.604110
3.601511
3.500170
3.492375
3.500170
3.520958
3.502769
3.492375
3.510564
3.481981
3.520958
3.531352
3.578125
3.598913
3.565132
3.552140
3.526155
3.544344
3.544344
3.585920
3.552140
3.492375
3.549541
3.557337
3.588519
3.601511
3.588519
3.593716
3.593716
3.580723
3.541746
3.562534
3.606708
3.619701
3.611905
3.614504
3.611905
3.632693
3.645686
3.653481
3.650883
3.671671
3.700254
3.682065
3.679466
3.682065
3.676868
3.713246
3.697656
3.739231
3.731436
3.757421
3.734034
3.749625
3.780807
3.814588
3.822383
3.876952
3.913330
3.910732
3.910732
3.931520
3.879550
3.908133
3.921126
3.874353
3.892543
3.926323
3.931520
3.996482
3.999081
4.012073
4.001679
4.006876
3.967899
3.915929
3.913330
4.009475
4.027664
4.006876
4.069240
4.082233
4.061445
4.009475
3.988687
4.032861
3.965300
4.022467
4.090028
4.061445
3.918527
3.895141
3.788603
3.819785
3.817186
3.765216
3.814588
3.853565
3.806792
3.824982
3.793800
3.840573
3.931520
3.900338
3.939315
3.941914
3.897740
3.858762
3.918527
3.921126
3.986088
3.970497
3.939315
3.954906
3.905535
3.913330
3.934118
3.960103
3.975694
3.991285
3.978293
3.962702
3.991285
3.978293
3.988687
3.988687
3.975694
4.014672
3.975694
3.973096
3.986088
4.006876
4.048452
4.103020
4.053649
4.053649
3.960103
3.926323
3.928921
3.892543
3.939315
4.004278
3.843171
3.697656
3.697656
3.562534
3.643087
3.710648
3.731436
3.843171
3.861361
3.910732
3.850967
3.835376
3.882149
3.830179
3.843171
3.900338
3.871755
3.918527
3.962702
3.991285
3.954906
3.921126
3.939315
3.905535
3.926323
3.941914
3.908133
3.837974
3.697656
3.757421
3.824982
3.741830
3.754822
3.840573
3.843171
3.806792
3.793800
3.791201
3.819785
3.827580
3.817186
3.788603
3.824982
3.676868
3.721042
3.692459
3.661277
3.596314
3.692459
3.726239
3.674269
3.666474
3.676868
3.708050
3.721042
3.796398
3.804194
3.811989
3.809391
3.754822
3.786004
3.863959
3.850967
3.806792
3.819785
3.861361
3.887346
3.869156
3.848368
3.850967
3.853565
3.786004
3.721042
3.801595
3.721042
3.734034
3.793800
3.801595
3.760019
3.739231
3.684663
3.736633
3.700254
3.684663
3.635292
3.494973
3.544344
3.500170
3.549541
3.526155
3.546943
3.471587
3.435208
3.562534
3.544344
3.515761
3.443003
3.385836
3.409223
3.518360
3.539147
3.497572
3.593716
3.653481
3.671671
3.648284
3.627496
3.588519
3.611905
3.546943
3.583322
3.596314
3.528753
3.507966
3.401427
3.404026
3.367647
3.313079
3.232525
3.144177
3.222131
3.183154
3.274101
3.294889
3.326071
3.313079
3.240321
3.214336
3.157169
3.164964
3.232525
3.201343
3.232525
3.222131
3.305283
3.300086
3.281897
3.224730
3.177957
3.172760
3.211737
3.162366
3.133783
3.144177
3.076616
3.097404
3.061025
3.068820
3.053229
3.022047
3.048032
3.087010
3.063623
3.110396
3.107798
3.141578
3.123389
3.146775
3.058426
3.040237
3.027244
2.907714
2.923305
2.899918
2.850547
2.871335
2.816766
2.902517
2.996062
2.936297
2.902517
2.881729
2.855744
2.814168
2.840153
2.881729
2.886926
2.983070
2.970077
2.959684
2.944093
2.933699
2.910312
2.959684
3.011653
2.977873
3.001259
2.988267
2.980471
2.938896
2.941494
2.936297
2.886926
2.871335
2.868736
2.892123
2.876532
2.899918
2.959684
2.983070
2.993464
2.918108
2.897320
2.894721
2.923305
2.915509
2.936297
2.899918
2.866138
2.863539
2.827160
2.803774
2.775191
2.803774
2.798577
2.782986
2.769994
2.780388
2.746607
2.725819
2.764797
2.780388
2.772592
2.790781
2.793380
2.788183
2.769994
2.808971
2.821963
2.806372
2.840153
2.863539
2.840153
2.840153
2.855744
2.879130
2.871335
2.873933
2.853145
2.860941
2.907714
2.962282
2.977873
2.990865
3.011653
2.988267
3.063623
3.061025
3.050631
3.042835
3.100002
3.190949
3.162366
3.110396
3.177957
3.198745
3.245518
3.268904
3.279298
3.219533
3.151972
3.271503
3.300086
3.253313
3.248116
3.320874
3.424814
3.385836
3.378041
3.354654
3.362450
3.297488
3.242919
3.302685
3.271503
3.367647
3.406624
3.354654
3.352056
3.378041
3.331268
3.378041
3.404026
3.294889
3.310480
3.271503
3.336465
3.370245
3.354654
3.375442
3.375442
3.352056
3.357253
3.315677
3.300086
3.341662
3.336465
3.185752
3.261109
3.193548
3.141578
3.253313
3.232525
3.224730
3.344260
3.328670
3.240321
3.172760
3.201343
3.211737
3.146775
3.151972
3.196146
3.224730
3.206540
3.206540
3.209139
3.180555
3.133783
3.089608
3.040237
3.094805
3.203942
3.172760
3.183154
3.162366
3.133783
3.154571
3.211737
3.300086
3.326071
3.341662
3.320874
3.380639
3.435208
3.424814
3.520958
3.554738
3.481981
3.435208
3.481981
3.406624
3.406624
3.411821
3.393632
3.417018
3.422215
3.401427
3.385836
3.372844
3.388435
3.419617
3.435208
3.461193
3.466390
3.500170
3.500170
3.520958
3.500170
3.487178
3.489776
3.440405
3.453397
3.458594
3.541746
3.520958
3.580723
3.598913
3.669072
3.679466
3.708050
3.767815
3.765216
3.788603
3.801595
3.902936
3.866558
3.902936
3.905535
3.913330
3.960103
4.025066
4.027664
3.983490
3.970497
3.957505
3.967899
3.957505
3.861361
3.897740
3.928921
3.900338
3.980891
3.993884
4.064043
4.043255
4.165384
4.131604
4.064043
4.147195
4.103020
4.066642
4.045854
4.219953
4.225150
4.238142
4.251135
4.245938
4.269324
4.222551
4.139399
4.167983
4.097823
4.084831
4.165384
4.225150
4.243339
4.222551
4.235544
4.277119
4.352476
4.342082
4.300506
4.326491
4.313498
4.253733
4.248536
4.352476
4.388855
4.352476
4.352476
4.448620
4.433029
4.375862
4.186172
4.139399
4.180975
4.178377
4.186172
4.095225
4.071839
4.090028
4.136801
4.217354
4.264127
4.214756
4.282316
4.248536
4.240741
4.310900
4.347279
4.409643
4.326491
4.277119
4.227748
4.167983
4.206960
4.256332
4.269324
4.235544
4.251135
4.287513
4.342082
4.290112
4.277119
4.310900
4.303104
4.461612
4.490196
4.589764
4.567281
4.654001
4.731086
4.801747
4.885256
4.875620
5.039426
4.933434
4.567281
4.814595
4.862773
5.000883
5.036214
4.968765
5.087604
5.174324
5.155053
5.200019
5.376672
5.405579
5.334918
5.428062
5.521207
5.652893
5.774944
5.456969
5.312435
5.132570
5.200019
5.235350
5.113299
5.216079
5.206443
4.920587
5.110087
4.946282
4.878832
4.875620
4.557645
4.570493
4.483772
4.499832
4.519103
4.246094
4.332814
4.528738
4.551221
4.483772
4.397052
4.432382
4.506255
4.670061
4.654001
4.776052
4.766417
4.814595
4.682908
4.650789
4.801747
4.824231
4.856349
4.946282
5.016943
4.933434
5.010519
5.004095
4.923799
4.981612
5.126146
5.110087
5.232138
5.363825
5.328494
5.386308
5.334918
5.456969
5.530842
5.537266
5.566173
5.588656
5.755673
5.630410
5.569385
5.450545
5.453757
5.604715
5.469817
5.431274
5.530842
5.688224
5.640046
5.668953
5.665741
5.755673
5.707495
5.781368
5.871301
5.868089
5.880936
5.784580
5.877724
5.877724
5.935538
6.076860
6.234242
6.378776
6.449437
6.468709
6.622878
6.629302
6.587548
6.603607
6.796319
6.928006
7.075752
7.316643
7.387304
7.634618
7.573592
7.512567
7.091812
7.130354
7.207439
7.364821
7.396939
7.551109
7.111083
7.127142
7.159261
7.480448
7.502931
7.673160
7.833754
7.756669
7.846601
7.679584
7.535050
7.541474
7.438694
7.345549
7.226710
7.290948
7.323066
7.329490
7.059693
7.027574
7.123930
7.229922
7.201015
7.017939
7.165685
7.303795
7.242770
7.268464
7.239558
7.197803
7.207439
6.812379
6.777048
6.452649
6.459073
6.680692
6.738506
6.838074