1.000000
1.000000
1.002000
1.002000
1.002000
1.002000
1.002000
1.002000
1.002000
1.002000
1.002000
1.002000
1.003000
1.003000
1.003000
1.003000
1.003000
1.001000
1.001000
1.001000
1.001000
1.001000
1.003000
1.003000
1.003000
1.003000
1.003000
1.005000
1.005000
1.005000
1.005000
1.005000
1.005000
1.005000
1.005000
1.005000
1.005000
1.006000
1.006000
1.006000
1.006000
1.006000
1.007000
1.007000
1.007000
1.007000
1.007000
1.008000
1.008000
1.008000
1.008000
1.008000
1.008000
1.008000
1.008000
1.008000
1.008000
1.009000
1.008000
1.007000
1.007000
1.007000
1.007000
1.007000
1.008000
1.009000
1.011000
1.012000
1.013000
1.013000
1.015000
1.014000
1.016000
1.017000
1.016000
1.017000
1.017000
1.018000
1.018000
1.016000
1.016000
1.016000
1.014000
1.016000
1.020000
1.021000
1.025000
1.024000
1.024000
1.025000
1.025000
1.026000
1.025000
1.022000
1.027000
1.027000
1.030000
1.031000
1.033000
1.033000
1.033000
1.034000
1.034000
1.035000
1.039000
1.038000
1.041000
1.044000
1.047000
1.048000
1.047000
1.048000
1.049000
1.049000
1.047000
1.051000
1.050000
1.049000
1.050000
1.054000
1.050000
1.054000
1.057000
1.058000
1.064000
1.065000
1.059000
1.065000
1.070000
1.072000
1.072000
1.070000
1.066000
1.060000
1.059000
1.059000
1.051000
1.052000
1.045000
1.035000
1.038000
1.030000
1.036000
1.040000
1.041000
1.036000
1.038000
1.039000
1.036000
1.031000
1.032000
1.032000
1.035000
1.034000
1.035000
1.036000
1.036000
1.036000
1.037000
1.039000
1.039000
1.038000
1.039000
1.037000
1.038000
1.036000
1.034000
1.032000
1.032000
1.030000
1.029000
1.030000
1.033000
1.031000
1.032000
1.034000
1.034000
1.034000
1.039000
1.041000
1.041000
1.041000
1.044000
1.043000
1.037000
1.038000
1.034000
1.038000
1.043000
1.045000
1.047000
1.049000
1.050000
1.052000
1.052000
1.052000
1.053000
1.054000
1.061000
1.061000
1.062000
1.064000
1.066000
1.069000
1.063000
1.069000
1.060000
1.056000
1.063000
1.068000
1.070000
1.070000
1.070000
1.072000
1.071000
1.069000
1.070000
1.069000
1.071000
1.071000
1.070000
1.064000
1.059000
1.060000
1.056000
1.058000
1.066000
1.067000
1.070000
1.072000
1.073000
1.075000
1.074000
1.078000
1.078000
1.073000
1.076000
1.079000
1.085000
1.083000
1.091000
1.091000
1.093037
1.091000
1.081832
1.082850
1.079794
1.076738
1.069608
1.068589
1.071645
1.072664
1.069608
1.067570
1.069608
1.069608
1.066552
1.067570
1.067570
1.070626
1.070626
1.073682
1.073682
1.074701
1.078776
1.082850
1.081832
1.083869
1.084888
1.085906
1.078776
1.080813
1.082850
1.081832
1.080813
1.080813
1.077757
1.073682
1.074701
1.081832
1.081832
1.083869
1.085906
1.085906
1.087944
1.085906
1.087944
1.093037
1.095075
1.096093
1.099149
1.101187
1.102205
1.103224
1.101187
1.105261
1.105261
1.103224
1.105261
1.101187
1.101187
1.089981
1.094056
1.103224
1.102205
1.101187
1.102205
1.097112
1.096093
1.087944
1.085906
1.085906
1.091000
1.084888
1.079794
1.076738
1.070626
1.066552
1.072664
1.073682
1.063496
1.064514
1.066552
1.064514
1.066552
1.072664
1.071645
1.069608
1.073682
1.074701
1.070626
1.067570
1.067570
1.068589
1.070626
1.072664
1.074701
1.077757
1.079794
1.079794
1.075720
1.066552
1.070626
1.071645
1.070626
1.071645
1.068589
1.066552
1.060440
1.060440
1.056365
1.054328
1.054328
1.057384
1.060440
1.059421
1.062477
1.063496
1.061458
1.061458
1.060440
1.061458
1.063496
1.067570
1.067570
1.069608
1.070626
1.072664
1.072664
1.075720
1.076738
1.076738
1.080813
1.076738
1.077757
1.079794
1.082850
1.085906
1.079794
1.082850
1.081832
1.085906
1.091000
1.092019
1.092019
1.091000
1.085906
1.086925
1.088963
1.085906
1.086925
1.091000
1.098131
1.099149
1.098131
1.105261
1.107299
1.104243
1.106280
1.109336
1.106280
1.108317
1.111373
1.112392
1.106280
1.099149
1.100168
1.098131
1.099149
1.105261
1.106280
1.101187
1.106280
1.113411
1.114429
1.116467
1.116467
1.112392
1.110355
1.107299
1.115448
1.112392
1.110355
1.113411
1.122579
1.120541
1.119523
1.125635
1.128691
1.135822
1.129709
1.125635
1.130728
1.134803
1.142952
1.143971
1.147027
1.143971
1.127672
1.138878
1.127672
1.117485
1.122579
1.131747
1.134803
1.131747
1.139896
1.138878
1.138878
1.143971
1.135822
1.132765
1.129709
1.127672
1.123597
1.128691
1.128691
1.123597
1.128691
1.138878
1.139896
1.136840
1.134803
1.135822
1.132765
1.136840
1.132765
1.127672
1.119523
1.111373
1.108317
1.113411
1.114429
1.121560
1.123597
1.122579
1.119523
1.131747
1.125635
1.121560
1.122598
1.121560
1.116373
1.102885
1.101847
1.109110
1.098735
1.097697
1.092510
1.091472
1.094585
1.100810
1.103922
1.110147
1.113260
1.113260
1.121560
1.124673
1.129860
1.127785
1.131935
1.135048
1.126748
1.131935
1.124673
1.124673
1.126748
1.125710
1.130898
1.132973
1.130898
1.124673
1.125710
1.129860
1.129860
1.131935
1.130898
1.129860
1.131935
1.129860
1.131935
1.127785
1.132973
1.127785
1.126748
1.130898
1.129860
1.130898
1.127785
1.120523
1.118448
1.115335
1.119485
1.120523
1.120523
1.123635
1.123635
1.124673
1.129860
1.127785
1.124673
1.124673
1.120523
1.122598
1.123635
1.122598
1.119485
1.116373
1.115335
1.108072
1.113260
1.117410
1.111185
1.113260
1.114298
1.116373
1.116373
1.117410
1.114298
1.115335
1.114298
1.112223
1.115335
1.115335
1.113260
1.103922
1.104960
1.101847
1.099772
1.095622
1.097697
1.101847
1.104960
1.099772
1.104960
1.104960
1.104960
1.097697
1.098735
1.097697
1.102885
1.098735
1.095622
1.093547
1.090435
1.092510
1.093547
1.097697
1.104960
1.107035
1.109110
1.105997
1.109110
1.110147
1.118448
1.118448
1.119485
1.120523
1.119485
1.123635
1.121560
1.124673
1.124673
1.126748
1.126748
1.122598
1.122598
1.121560
1.123635
1.117410
1.117410
1.120523
1.120523
1.119485
1.118448
1.116373
1.116373
1.118448
1.116373
1.112223
1.112223
1.114298
1.116373
1.118448
1.120523
1.119485
1.118448
1.115335
1.115335
1.113260
1.114298
1.115335
1.117410
1.117410
1.115335
1.115335
1.114298
1.113260
1.112223
1.109110
1.108072
1.108072
1.108072
1.105997
1.103922
1.103922
1.104960
1.104960
1.103922
1.103922
1.105997
1.103922
1.102885
1.101847
1.101847
1.100810
1.098735
1.098735
1.099772
1.098735
1.100810
1.101847
1.101847
1.101847
1.101847
1.101847
1.102885
1.101847
1.103922
1.104960
1.104960
1.104960
1.105997
1.107035
1.107035
1.108072
1.108072
1.109110
1.109110
1.109110
1.110147
1.111185
1.111185
1.112223
1.112223
1.111185
1.111185
1.110147
1.110147
1.110147
1.111185
1.111185
1.111185
1.111185
1.111185
1.111185
1.112223
1.112223
1.112223
1.112223
1.112223
1.112223
1.112223
1.112223
1.111185
1.111185
1.111185
1.111185
1.112223
1.112223
1.112223
1.112223
1.112223
1.112223
1.112223
1.112223
1.112223
1.112223
1.113260
1.113260
1.113260
1.114298
1.114298
1.114298
1.115335
1.115335
1.115335
1.115335
1.115335
1.115335
1.115335
1.116373
1.116373
1.116373
1.117410
1.117410
1.117410
1.117410
1.119485
1.118448
1.119485
1.121560
1.120523
1.122598
1.120523
1.120523
1.122598
1.125710
1.131935
1.134010
1.143348
1.145423
1.143348
1.139198
1.137123
1.146461
1.142311
1.134010
1.129860
1.137123
1.145423
1.145423
1.153723
1.142311
1.143348
1.153723
1.151648
1.141273
1.135048
1.137123
1.135048
1.138161
1.128823
1.114298
1.114298
1.115335
1.129860
1.135048
1.131935
1.135048
1.135048
1.144386
1.145423
1.142311
1.135048
1.149573
1.145423
1.150611
1.146461
1.143348
1.146461
1.150611
1.152686
1.162024
1.165136
1.172399
1.179661
1.176549
1.166174
1.165136
1.163061
1.158911
1.158911
1.148536
1.154761
1.142311
1.146461
1.160986
1.159948
1.150611
1.145423
1.162024
1.171361
1.172399
1.174474
1.175511
1.158911
1.160986
1.157873
1.156836
1.158911
1.170324
1.174474
1.188999
1.182774
1.176549
1.192112
1.181736
1.175511
1.164099
1.153723
1.151648
1.157873
1.153723
1.159948
1.168249
1.171361
1.163061
1.152686
1.175511
1.163061
1.158911
1.173436
1.182774
1.186924
1.160986
1.155798
1.147498
1.151648
1.143348
1.125710
1.132973
1.129860
1.127785
1.120523
1.116373
1.115335
1.121560
1.111185
1.122598
1.139198
1.148536
1.145423
1.162024
1.154761
1.141273
1.144386
1.136085
1.129860
1.119485
1.117410
1.119485
1.115335
1.108072
1.097697
1.082134
1.083172
1.073834
1.061384
1.063459
1.071759
1.066572
1.067609
1.069684
1.097697
1.099772
1.094585
1.097697
1.092510
1.090435
1.077984
1.074872
1.073834
1.061384
1.064497
1.068647
1.069684
1.058271
1.074872
1.088360
1.081097
1.097697
1.100810
1.093547
1.090435
1.085247
1.091472
1.094585
1.102885
1.102885
1.103922
1.093547
1.089397
1.084209
1.075909
1.073834
1.067609
1.067609
1.077984
1.080059
1.075909
1.068647
1.066572
1.053084
1.047896
1.047896
1.040634
1.044784
1.035446
1.028183
1.021958
1.020921
1.024033
1.014696
1.018846
1.009508
1.001208
0.991870
0.990833
0.997058
0.978382
0.982532
0.999133
0.994983
1.008470
1.016771
1.015733
1.018846
1.010545
1.039596
1.038559
1.035446
1.041671
1.041671
1.036483
1.038559
1.057234
1.071759
1.069684
1.081097
1.090435
1.080059
1.081097
1.091472
1.101847
1.104960
1.090435
1.117933
1.133798
1.131682
1.123221
1.131682
1.132740
1.123221
1.126394
1.109472
1.107356
1.121106
1.132740
1.135913
1.125336
1.139086
1.133798
1.146489
1.152835
1.157066
1.170815
1.158123
1.138028
1.154951
1.141201
1.139086
1.136971
1.128509
1.127452
1.142259
1.146489
1.116875
1.136971
1.150720
1.143316
1.134855
1.138028
1.118991
1.114760
1.124279
1.125336
1.106299
1.103126
1.126394
1.134855
1.134855
1.134855
1.133798
1.136971
1.120048
1.126394
1.125336
1.107356
1.104183
1.108414
1.121106
1.123221
1.122163
1.118991
1.114760
1.128509
1.141201
1.138028
1.149662
1.151778
1.127452
1.150720
1.138028
1.125336
1.132740
1.145432
1.159181
1.160239
1.168700
1.167642
1.164469
1.166585
1.152835
1.169758
1.186680
1.211006
1.225813
1.239562
1.223698
1.222640
1.236389
1.248023
1.245908
1.246966
1.244851
1.230043
1.225813
1.203602
1.212063
1.199372
1.185622
1.163412
1.186680
1.186680
1.189853
1.188795
1.158123
1.156008
1.105241
1.106299
1.126394
1.122163
1.129567
1.143316
1.160239
1.166585
1.167642
1.163412
1.138028
1.143316
1.162354
1.186680
1.183507
1.204660
1.212063
1.197256
1.188795
1.166585
1.182449
1.204660
1.200429
1.183507
1.179276
1.161296
1.156008
1.158123
1.187738
1.198314
1.209948
1.215236
1.201487
1.203602
1.198314
1.211006
1.215236
1.214179
1.195141
1.180334
1.198314
1.193026
1.194083
1.197256
1.193026
1.205718
1.207890
1.193769
1.190510
1.180734
1.181820
1.194855
1.193769
1.189424
1.193769
1.198114
1.199200
1.207890
1.207890
1.212235
1.213321
1.203545
1.204631
1.219839
1.225270
1.217666
1.212235
1.214407
1.215494
1.229615
1.231787
1.230701
1.237218
1.248081
1.241563
1.227442
1.228528
1.229615
1.249167
1.237218
1.224183
1.218752
1.203545
1.199200
1.187252
1.192683
1.186165
1.186165
1.190510
1.197028
1.189424
1.177475
1.168786
1.177475
1.180734
1.174217
1.183993
1.189424
1.202459
1.199200
1.202459
1.200286
1.195941
1.201373
1.195941
1.206804
1.214407
1.227442
1.197028
1.208976
1.216580
1.205718
1.202459
1.207890
1.203545
1.200286
1.211149
1.212235
1.204631
1.202459
1.198114
1.190510
1.182907
1.185079
1.191597
1.199200
1.191597
1.207890
1.208976
1.210062
1.219839
1.218752
1.199200
1.203545
1.208976
1.200286
1.182907
1.181820
1.195941
1.204631
1.199200
1.193769
1.189424
1.199200
1.219839
1.222011
1.230701
1.217666
1.215494
1.220925
1.219839
1.242649
1.262202
1.254598
1.262202
1.245908
1.262202
1.281754
1.281754
1.282840
1.273064
1.262202
1.252425
1.220925
1.220925
1.214407
1.225270
1.240477
1.233960
1.233960
1.232873
1.230701
1.198114
1.197028
1.202459
1.217666
1.215494
1.226356
1.227442
1.208976
1.185079
1.194855
1.191597
1.201373
1.201373
1.183993
1.170958
1.169872
1.183993
1.180734
1.183993
1.197028
1.214407
1.218752
1.223097
1.225270
1.230701
1.223097
1.219839
1.222011
1.222011
1.214407
1.208976
1.208976
1.203545
1.187252
1.167699
1.173131
1.179648
1.185079
1.193769
1.179648
1.178562
1.169872
1.182907
1.181820
1.177475
1.167699
1.159010
1.154665
1.159010
1.164441
1.165527
1.174217
1.186165
1.180734
1.193769
1.183993
1.188338
1.189424
1.182907
1.192683
1.192683
1.187252
1.197028
1.201373
1.199200
1.207890
1.213321
1.211149
1.206804
1.191597
1.198114
1.208976
1.215494
1.211149
1.224183
1.228528
1.238304
1.238304
1.244822
1.241563
1.237218
1.236132
1.237218
1.224183
1.216580
1.223097
1.228528
1.226356
1.217666
1.212235
1.215494
1.214407
1.225270
1.217666
1.225270
1.233960
1.251339
1.263288
1.268719
1.275236
1.270891
1.285012
1.288271
1.291530
1.282840
1.286099
1.299133
1.300220
1.300220
1.292616
1.299133
1.316513
1.323031
1.316513
1.323031
1.330634
1.324117
1.309996
1.316513
1.308910
1.320858
1.342583
1.358876
1.370825
1.382773
1.388204
1.392549
1.397981
1.400153
1.412102
1.418619
1.374083
1.376256
1.382773
1.397981
1.390377
1.407757
1.418619
1.420791
1.422964
1.426223
1.438171
1.453378
1.465327
1.451206
1.445775
1.439257
1.435999
1.424050
1.419705
1.427309
1.424050
1.415360
1.401239
1.404498
1.407757
1.422964
1.431654
1.430568
1.433826
1.440344
1.434912
1.430568
1.439257
1.434912
1.454465
1.425136
1.451206
1.439257
1.438171
1.435999
1.425136
1.430568
1.426223
1.440344
1.465327
1.478362
1.485965
1.492483
1.493569
1.487052
1.519639
1.531587
1.575036
1.577209
1.619572
1.553312
1.600020
1.583726
1.595675
1.623917
1.648900
1.651073
1.642383
1.643469
1.613055
1.582640
1.576123
1.613055
1.655418
1.656504
1.648900
1.670625
1.704298
1.729281
1.743402
1.720591
1.718419
1.699953
1.727109
1.729281
1.751006
1.781420
1.704298
1.748056
1.800789
1.814253
1.812009
1.851279
1.837815
1.816497
1.797423
1.783959
1.773861
1.801911
1.804155
1.801911
1.768252
1.778349
1.806399
1.825473
1.831083
1.856888
1.880450
1.889426
1.868108
1.898402
1.917476
1.921964
1.890548
1.908500
1.911866
1.870352
1.897280
1.936550
1.928696
1.933184
1.954501
2.025187
2.033040
2.052114
2.057724
2.093628
2.171045
2.212558
2.219290
2.142995
2.185631
2.184509
2.212558
2.261926
2.279878
2.321391
2.359539
2.339343
2.325879
2.365149
2.395442
2.380856
2.278756
2.294463
2.310171
2.261926
2.344953
2.408906
2.432468
2.414516
2.414516
2.334855
2.414516
2.438078
2.438078
2.385344
2.406662
2.419004
2.522227
2.672573
2.769064
2.754478
2.719696
2.705111
2.781406
2.817309
2.884629
2.944094
2.946338
2.956436
3.067512
3.048439
2.881263
2.930630
3.086586
3.195419
3.263860
3.223469
3.208883
3.102294
3.107904
3.199907
3.250396
3.304252
3.198785
3.051805
3.129222
3.043951
2.925020
2.917166
2.933996
2.802724
2.627694
2.508763
2.599644
2.531203
2.429102
2.335977
2.283244
2.199095
2.141873
2.193485
2.267536
2.364027
2.416760
2.342709
2.359539
2.435834
2.487445
2.531203
2.563740
2.622084
2.592912
2.421248
2.358417
2.449298
2.408906
2.349441
2.294463
2.401052
2.378612
2.362905
2.420126
2.516617
2.550276
2.514373
2.548032
2.537935
2.543545
2.425736
2.463883
2.423492
2.344953
2.231632
2.139629
2.139629
2.201338
2.285488
2.245096
2.150849
2.131775
2.150849
2.200217
2.233876
2.228266
2.238364
2.192363
2.149727
2.213680
2.200217
2.214802
2.264170
2.270902
2.259682
2.284366
2.243974
2.286610
2.267536
2.265292
2.318025
2.357295
2.445932
2.470615
2.448176
2.512129
2.537935
2.552520
2.579448
2.463883
2.560374
2.640035
2.663597
2.680427
2.625450
2.656865
2.671451
2.652377
2.636669
2.744380
2.755600
2.826285
2.863311
2.887995
2.931752
2.933996
2.885751
2.925020
2.918288
2.879019
2.929508
2.953070
2.932874
2.946338
3.008047
2.997949
2.857701
2.872287
2.861067
2.859945
2.913800
2.886873
2.909312
2.896970
2.898092
2.890239
2.864433
2.893604
2.944094
2.971022
3.033853
3.034975
3.066390
3.089952
3.033853
3.060781
3.077610
3.038341
3.051805
3.103416
3.039463
2.849847
2.797114
2.847603
2.661353
2.659109
2.524471
2.557008
2.471737
2.582656
2.520775
2.588494
2.665553
2.639867
2.565143
2.576818
2.595499
2.467067
2.471737
2.399348
2.440213
2.430872
2.463564
2.467067
2.490418
2.481078
2.505597
2.558137
2.583824
2.559305
2.560472
2.604840
2.599002
2.588494
2.458894
2.454224
2.361986
2.392343
2.472905
2.462397
2.414526
2.449553
2.478743
2.454224
2.428537
2.426202
2.468235
2.455391
2.449553
2.531283
2.606007
2.652710
2.636364
2.643369
2.610678
2.613013
2.620018
2.560472
2.634029
2.660883
2.648040
2.702915
2.727434
2.680732
2.663218
2.718094
2.691240
2.725099
2.755456
2.744948
2.727434
2.719261
2.642202
2.628191
2.656213
2.630526
2.653878
2.650375
2.637532
2.658548
2.728602
2.737942
2.747283
2.678396
2.625856
2.630526
2.618851
2.631694
2.629359
2.694742
2.707586
2.625856
2.637532
2.652710
2.714591
2.695910
2.690072
2.694742
2.701748
2.688904
2.778807
2.789315
2.796321
2.807996
2.823175
2.824342
2.805661
2.735607
2.739110
2.788148
2.775304
2.775304
2.803326
2.775304
2.800991
2.781142
2.760126
2.798656
2.829012
2.831348
2.834850
2.833683
2.851196
2.869877
2.887391
2.885056
2.879218
2.882720
2.907239
2.925920
2.929423
2.921250
2.911910
2.901402
2.913077
2.906072
2.867542
2.865207
2.893229
2.824342
2.827845
2.825510
2.804494
2.817337
2.820839
2.841856
2.805661
2.813834
2.832515
2.840688
2.804494
2.803326
2.852364
2.876883
2.887391
2.878050
2.874547
2.861704
2.874547
2.914245
2.904904
2.935261
2.924753
2.923585
2.902569
2.895564
2.899066
2.910742
2.930591
2.924753
2.914245
2.920083
2.872212
2.878050
2.878050
2.911910
2.967953
3.013488
3.047347
3.054353
3.005315
3.001812
3.007650
3.025164
3.035672
3.102223
3.179282
3.139585
3.155931
3.165271
3.195628
3.202634
3.200298
3.202634
3.199131
3.215477
3.200298
3.196796
3.207304
3.199131
3.207304
3.223650
3.217812
3.224817
3.234158
3.228320
3.242331
3.218979
3.242331
3.235325
3.252839
3.243498
3.266850
3.248169
3.236493
3.235325
3.248169
3.255174
3.259844
3.239996
3.232990
3.216644
3.213142
3.216644
3.199131
3.206136
3.215477
3.244666
3.237661
3.224817
3.127909
3.138417
3.111563
3.113899
3.136082
3.134915
3.138417
3.157098
3.166439
3.130244
3.155931
3.173444
3.162936
3.169942
3.180450
3.186288
3.203801
3.194461
3.159434
3.165271
3.138417
3.122071
3.095217
3.054353
2.979121
3.038052
3.015483
2.977868
3.034290
3.060621
3.049336
3.058113
3.064383
3.058113
3.075667
3.078175
3.094475
3.108267
3.096982
3.105759
3.095728
3.078175
3.084444
3.059367
3.066890
3.100744
3.115790
3.112028
3.132090
3.138359
3.155913
3.164690
3.163436
3.165943
3.194782
3.203559
3.198543
3.191020
3.214843
3.242428
3.234905
3.214843
3.253712
3.231143
3.238666
3.247443
3.244935
3.256220
3.252458
3.252458
3.244935
3.244935
3.188513
3.186005
3.232397
3.239920
3.246189
3.204812
3.208574
3.178482
3.184751
3.133344
3.124567
3.115790
3.145882
3.153405
3.149644
3.122059
3.124567
3.119551
3.147136
3.139613
3.124567
3.112028
3.103252
3.079429
3.048083
3.069398
3.065636
3.074413
3.064383
3.076921
3.124567
3.127074
3.113282
3.103252
3.056859
3.034290
3.049336
3.048083
3.036798
3.028021
2.980375
2.992914
3.007960
3.009214
3.059367
3.061875
3.080682
3.058113
3.074413
3.066890
3.108267
3.100744
3.113282
3.114536
3.147136
3.122059
3.129582
3.150897
3.158420
3.137105
3.157167
3.153405
3.160928
3.159674
3.167197
3.170959
3.148390
3.143374
3.132090
3.118298
3.117044
3.113282
2.992914
2.994168
3.023006
3.033037
3.030529
3.028021
3.031783
3.021752
3.073159
3.105759
3.127074
3.122059
3.107013
3.118298
3.110775
3.153405
3.191020
3.209828
3.198543
3.128328
3.179736
3.180990
3.203559
3.216097
3.196036
3.224874
3.196036
3.172213
3.149644
3.180990
3.214843
3.199797
3.242428
3.262489
3.301358
3.308881
3.345242
3.346496
3.315150
3.315150
3.322673
3.316404
3.331450
3.355273
3.341481
3.371573
3.399158
3.405427
3.366558
3.369065
3.354019
3.338973
3.384111
3.377842
3.400411
3.455580
3.465611
3.466865
3.489434
3.508242
3.441788
3.448057
3.443042
3.430504
3.444296
3.458088
3.466865
3.478149
3.483165
3.464357
3.450565
3.466865
3.454326
3.414204
3.400411
3.431757
3.473134
3.484419
3.501972
3.527049
3.558395
3.510749
3.496957
3.493195
3.431757
3.454326
3.479403
3.441788
3.356527
3.355273
3.330196
3.365304
3.347750
3.337719
3.399158
3.402919
3.372827
3.416711
3.404173
3.430504
3.491942
3.474388
3.498211
3.508242
3.510749
3.498211
3.509495
3.500718
3.519526
3.519526
3.498211
3.503226
3.481911
3.517018
3.524541
3.550872
3.560903
3.569680
3.601026
3.609802
3.594756
3.609802
3.627356
3.621087
3.573441
3.578457
3.562157
3.569680
3.558395
3.608549
3.644910
3.657448
3.661210
3.653687
3.601026
3.598518
3.601026
3.582218
3.596010
3.549618
3.485672
3.456834
3.469373
3.407934
3.485672
3.513257
3.530811
3.574695
3.560903
3.598518
3.604787
3.629864
3.680017
3.653687
3.664971
3.682525
3.659956
3.677510
3.750232
3.800386
3.790355
3.740202
3.728917
3.708856
3.757755
3.759009
3.720140
3.711363
3.653687
3.776563
3.871855
3.843017
3.848032
3.930785
3.938308
3.906962
3.869347
3.896932
3.894424
3.908216
3.893170
3.885647
3.915739
3.826717
3.885647
3.895678
3.838001
3.792863
3.876870
3.914485
3.859316
3.884393
3.874363
3.906962
3.938308
4.054915
4.051154
4.047392
4.061185
4.004762
4.009777
4.082500
4.059931
4.034854
4.057423
4.117607
4.132653
4.112592
4.087515
4.091277
4.092530
4.053661
4.017300
4.073723
3.985954
3.983447
4.064946
4.106323
4.079992
4.078738
4.041123
4.083754
4.041123
4.012285
3.960877
3.814178
3.900693
3.849286
3.934547
3.910724
3.979685
3.943324
3.884393
4.038615
4.029839
4.071215
4.001000
3.950847
3.927024
4.014792
4.057423
4.023569
4.101307
4.103815
4.133907
4.130146
4.093784
4.074977
4.111338
4.102561
4.118861
4.135161
4.092530
4.067454
3.993477
3.995985
3.925770
3.884393
3.797878
3.731425
3.810417
3.748979
3.850540
3.881886
3.910724
3.898185
3.825463
3.839255
3.760263
3.775309
3.865586
3.854301
3.903201
3.913232
3.988462
4.007269
4.004762
3.949593
3.925770
3.945831
4.026077
3.974670
3.943324
3.933293
3.858063
3.883139
3.839255
3.831732
3.759009
3.720140
3.789101
3.826717
3.802894
3.864332
3.864332
3.899439
3.875616
3.894424
3.784086
3.759009
3.728917
3.567172
3.594756
3.555887
3.468119
3.496957
3.405427
3.528303
3.667479
3.599772
3.553380
3.540841
3.505734
3.460596
3.500718
3.550872
3.583472
3.692556
3.681271
3.672494
3.671241
3.639895
3.636133
3.711363
3.748979
3.747725
3.777817
3.776563
3.769040
3.712617
3.730171
3.733933
3.651179
3.663718
3.662464
3.687540
3.643656
3.657448
3.730171
3.742709
3.756502
3.692556
3.683779
3.661210
3.693810
3.681271
3.720140
3.642402
3.590995
3.568426
3.501972
3.501972
3.471880
3.524541
3.549618
3.542095
3.517018
3.535826
3.480657
3.464357
3.534572
3.590995
3.575949
3.580964
3.564664
3.553380
3.506988
3.560903
3.607295
3.558395
3.608549
3.639895
3.596010
3.621087
3.642402
3.654941
3.654941
3.658702
3.634879
3.609802
3.708856
3.804148
3.817940
3.844270
3.863078
3.815432
3.922008
3.900693
3.888155
3.876870
3.957116
4.126384
4.091277
4.029839
4.088769
4.100054
4.174030
4.250514
4.255530
4.284368
4.235468
4.409752
4.533882
4.423544
4.382167
4.409752
4.512567
4.517582
4.482474
4.498774
4.462413
4.439844
4.378406
4.449875
4.429813
4.545166
4.693119
4.693119
4.721958
4.701896
4.631681
4.634189
4.611620
4.538897
4.538897
4.478713
4.489997
4.502536
4.474951
4.498774
4.448621
4.422290
4.463667
4.355837
4.338283
4.301922
4.296906
4.083754
4.140176
4.135161
4.095038
4.219168
4.204122
4.182807
4.226691
4.226691
4.123876
4.117607
4.163999
4.187822
4.079992
4.049900
4.142684
4.140176
4.130146
4.108830
4.092530
4.037362
4.024823
4.009777
3.982193
4.007269
4.137669
4.127638
4.143938
4.106323
4.092530
4.113846
4.166507
4.232960
4.340791
4.344552
4.289383
4.318222
4.347060
4.333268
4.424798
4.437336
4.372137
4.345806
4.362106
4.276845
4.265560
4.278099
4.274337
4.255530
4.347060
4.323237
4.328252
4.253022
4.260545
4.230453
4.273083
4.332014
4.345806
4.328252
4.320729
4.347060
4.337029
4.329506
4.318222
4.251768
4.225437
4.190330
4.216661
4.181553
4.270576
4.236722
4.283114
4.343298
4.349567
4.491251
4.484982
4.476205
4.486236
4.477459
4.473698
4.557705
4.525105
4.570243
4.527613
4.647981
4.669296
4.684343
4.743273
4.752050
4.839819
4.810980
4.802203
4.834803
4.867403
4.770857
4.758319
4.808473
4.792173
4.762081
4.828534
4.769604
4.661773
4.704404
4.701896
4.678073
4.708165
4.780888
4.790919
4.819757
4.760827
4.787157
4.779634
4.730735
4.738258
4.763334
4.711927
4.705658
4.750796
4.853611
4.774619
4.748288
4.721958
4.744527
4.790919
4.817249
4.782142
4.818503
4.813488
4.715688
4.701896
4.735750
4.750796
4.720704
4.769604
4.879941
4.866149
4.851103
4.784650
4.735750
4.737004
4.716942
4.680581
4.685596
4.729481
4.738258
4.737004
4.805965
4.827280
4.854865
4.892480
4.897495
4.894987
4.958933
5.035417
5.078048
5.052971
5.065510
5.032910
4.975233
5.020371
5.049210
5.080556
5.032910
5.073033
5.088079
5.159547
5.167071
5.220986
5.267378
5.238539
5.326308
5.313770
5.376462
5.365177
5.371446
5.392762
5.391508
5.402792
5.385239
5.446677
5.320039
5.050463
5.224747
5.271139
5.397777
5.430377
5.491815
5.484292
5.540715
5.503099
5.504353
5.600899
5.634752
5.584599
5.659829
5.679891
5.664845
5.662337
5.563284
5.585853
5.476769
5.617199
5.659829
5.694937
5.733806
5.679891
5.555761
5.644783
5.570807
5.510622
5.491815
5.312516
5.268631
5.178355
5.116917
5.187132
4.997802
5.084317
5.195909
5.173340
5.184624
5.134471
5.139486
5.153278
5.203432
5.182117
5.258601
5.246062
5.263616
5.213463
5.192147
5.268631
5.232270
5.254839
5.261108
5.288693
5.263616
5.278662
5.277408
5.238539
5.261108
5.271139
5.315024
5.355146
5.356400
5.352639
5.401538
5.391508
5.421600
5.447930
5.411569
5.391508
5.415331
5.425361
5.405300
5.389000
5.327562
5.346369
5.409061
5.427869
5.420346
5.456707
5.558268
5.573314
5.575822
5.567045
5.559522
5.555761
5.569553
5.602153
5.579584
5.588360
5.582091
5.647291
5.658575
5.663591
5.720014
5.701206
5.730044
5.747598
5.718760
5.804021
5.915612
5.984574
6.012158
6.252895
6.350695
6.404610
6.504917
6.432194
6.533755
6.440971
6.415894
6.245372
6.280480
6.415894
6.477332
6.509932
6.456017
6.230326
6.200234
6.265433
6.380787
6.354456
6.399594
6.508678
6.468555
6.482348
6.492378
6.454763
6.487363
6.425925
6.387056
6.392071
6.472317
6.561339
6.519963
6.457271
6.387056
6.452255
6.497394
6.457271
6.409625
6.458525
6.590178
6.543786
6.605224
6.624031
6.568863
6.542532
6.443479
6.430940
6.305556
6.308064
6.328125
6.348187
6.385802
6.356964
6.380787
6.512440
6.531247
6.477332
6.473571
6.353202
6.326872
6.350695
6.365741
6.358218
6.481094
6.601462
6.635316
6.621524
6.592685
6.562593
6.529994
6.575132
6.499901
6.473571
6.412133
6.435956
6.452255
6.452255
6.483601
6.424671
6.458525
6.517455
6.595193
6.672931
6.624031
6.720577
6.666662
6.591432
6.595193
6.546293
6.563847
6.575132
6.596447
6.690485
6.694246
6.701769
6.676693
6.562593
6.572624
6.636570
6.572624
6.642839
6.691739
6.696754
6.710546
6.677947
6.711800
6.614001
6.596447
6.531247
6.635316
6.620270
6.602716
6.614001
6.610239
6.755685
6.680454
6.746908
6.768223
6.805838
6.771984
6.743146
6.822138
6.916176
7.031529
7.120552
7.087952
7.085444
7.055352
7.052844
7.151898
7.124313
7.080429
7.095475
7.247189
7.148136
7.215843
7.268505
7.259728
7.234651
7.119298
7.141867
6.967583
6.911161
7.034037
7.148136
7.106759
7.027768
6.995168
7.105506
7.252205
7.322420
7.278535
7.248443
7.070398
7.060367
6.939999
7.021498
7.021498