1.000000
1.000000
1.000000
1.000000
1.000000
1.000000
1.000000
1.000000
1.000000
1.001000
1.000000
0.997000
0.999000
0.994000
0.996000
0.991000
0.979000
0.981000
0.974000
0.974000
0.972000
0.980000
0.972000
0.970000
0.976000
1.007000
1.010000
1.004000
1.008000
1.000000
1.005000
0.984000
0.976000
0.980000
0.965000
0.967000
0.972000
0.971000
0.963000
0.983000
0.997000
0.986000
1.003000
1.003000
0.996000
0.996000
0.993000
0.996000
0.997000
1.012000
1.011000
1.015000
1.001000
0.999000
0.991000
0.977000
0.975000
0.976000
0.980000
0.996000
0.998000
0.995000
0.991000
0.991000
0.977000
0.974000
0.976000
0.964000
0.967000
0.958000
0.951000
0.950000
0.948000
0.956000
0.950000
0.956000
0.950000
0.942000
0.934000
0.931000
0.940000
0.931000
0.938000
0.960000
0.958000
0.972000
0.979000
0.974000
0.977000
0.970000
1.013000
1.017000
1.014000
1.015000
1.022000
1.019000
1.022000
1.049000
1.056000
1.051000
1.066000
1.085000
1.083000
1.084000
1.075000
1.073000
1.075000
1.056000
1.086000
1.092000
1.084000
1.076000
1.101000
1.109000
1.100000
1.102000
1.090000
1.086000
1.111000
1.119000
1.125000
1.117000
1.129000
1.130000
1.142000
1.143000
1.137000
1.144000
1.137000
1.117000
1.124000
1.092000
1.087000
1.092000
1.076000
1.084000
1.111000
1.112000
1.064000
1.081000
1.090000
1.082000
1.076000
1.073000
1.060000
1.052000
1.054000
1.056000
1.042000
1.047000
1.071000
1.073000
1.075000
1.073000
1.064000
1.065000
1.040000
1.039000
1.039000
1.041000
1.046000
1.052000
1.057000
1.057000
1.056000
1.051000
1.044000
1.050000
1.052000
1.053000
1.070000
1.071000
1.049000
1.061000
1.052000
1.046000
1.049000
1.060000
1.071000
1.072000
1.077000
1.071000
1.078000
1.078000
1.069000
1.076000
1.088000
1.099000
1.103000
1.108000
1.106000
1.095000
1.103000
1.106000
1.116000
1.118000
1.115000
1.107000
1.101000
1.083000
1.084000
1.072000
1.061000
1.038000
1.048000
1.047000
1.050000
1.042000
1.017000
1.017000
0.970000
0.968000
0.974000
0.970000
0.979000
0.986000
0.991000
0.990000
0.996000
0.994000
0.974000
0.975000
0.995000
1.021000
1.010000
1.024000
1.028000
1.019000
1.009000
0.992000
1.000000
1.025000
1.024000
1.015000
1.011000
0.994000
0.992000
0.994000
1.016000
1.018000
1.030000
1.035000
1.028000
1.026000
1.027000
1.041000
1.040000
1.036000
1.022000
1.013000
1.026000
1.024000
1.021000
1.023000
1.018000
1.033000
1.034000
1.023000
1.021000
1.017000
1.022000
1.036000
1.034000
1.030000
1.037000
1.059000
1.063000
1.062000
1.070000
1.065000
1.059000
1.040000
1.046000
1.057000
1.048000
1.044000
1.029000
1.036000
1.041000
1.050000
1.052000
1.043000
1.052000
1.057000
1.058000
1.042000
1.041000
1.045000
1.069000
1.062000
1.045000
1.041000
1.025000
1.019000
1.008000
1.018000
1.003000
1.003000
1.008000
1.014000
1.004000
0.995000
0.987000
0.993000
0.999000
0.985000
0.992000
1.006000
1.022000
1.018000
1.023000
1.020000
1.017000
1.016000
1.017000
1.022000
1.030000
1.033000
1.012000
1.027000
1.038000
1.040000
1.036000
1.038000
1.040000
1.032000
1.033000
1.035000
1.023000
1.017000
1.017000
1.011000
0.999000
0.999000
1.004000
1.010000
0.999000
1.009000
1.009000
1.015000
1.017000
1.011000
0.992000
0.994000
0.995000
0.989000
0.976000
0.972000
0.986000
0.991000
0.991000
0.983000
0.978000
0.987000
1.008000
1.010000
1.021000
1.016000
1.016000
1.020000
1.014000
1.021000
1.047000
1.046000
1.054000
1.043000
1.055000
1.067000
1.062000
1.065000
1.051000
1.047000
1.038000
1.009000
1.010000
1.000000
1.009000
1.022000
1.019000
1.013000
1.012000
1.012000
0.988000
0.989000
0.989000
0.998000
0.993000
1.006000
1.008000
1.003000
0.983000
0.998000
1.005000
1.006000
1.010000
1.001000
0.986000
0.983000
0.994000
0.998000
0.994000
1.002000
1.013000
1.019000
1.026000
1.021000
1.026000
1.016000
1.017000
1.014000
1.015000
1.002000
0.998000
0.995000
0.991000
0.977000
0.954000
0.963000
0.968000
0.971000
0.975000
0.964000
0.963000
0.957000
0.974000
0.974000
0.973000
0.960000
0.959000
0.952000
0.954000
0.959000
0.957000
0.963000
0.970000
0.966000
0.975000
0.964000
0.963000
0.960000
0.952000
0.962000
0.958000
0.952000
0.963000
0.965000
0.962000
0.973000
0.977000
0.968000
0.962000
0.946000
0.954000
0.960000
0.964000
0.961000
0.971000
0.974000
0.983000
0.987000
0.992000
0.994000
0.992000
0.989000
0.994000
0.983000
0.981000
0.987000
0.998000
0.994000
0.986000
0.982000
0.983000
0.980000
0.991000
0.987000
0.991000
0.998000
1.016000
1.025000
1.027000
1.033000
1.025000
1.040000
1.042000
1.042000
1.029000
1.034000
1.049000
1.049000
1.050000
1.045000
1.056000
1.066000
1.068000
1.067000
1.066000
1.070000
1.063000
1.048000
1.053000
1.044000
1.056000
1.074000
1.089000
1.094000
1.103000
1.104000
1.106000
1.110000
1.114000
1.124000
1.133000
1.102000
1.107000
1.115000
1.127000
1.113000
1.124000
1.139000
1.137000
1.142000
1.153000
1.159000
1.176000
1.180000
1.178000
1.177000
1.174000
1.180000
1.170000
1.165000
1.176000
1.171000
1.165000
1.152000
1.153000
1.156000
1.176000
1.193000
1.192000
1.196000
1.206000
1.200000
1.201000
1.205000
1.208000
1.224000
1.209000
1.229000
1.220000
1.212000
1.208000
1.200000
1.199000
1.204000
1.233000
1.266000
1.275000
1.300000
1.326000
1.340000
1.340000
1.386000
1.392000
1.450000
1.480000
1.543000
1.476000
1.510000
1.483000
1.489000
1.510000
1.555000
1.577000
1.561000
1.584000
1.565000
1.539000
1.507000
1.556000
1.605000
1.619000
1.621000
1.651000
1.687000
1.677000
1.686000
1.650000
1.646000
1.624000
1.620000
1.624000
1.669000
1.674000
1.587000
1.601000
1.661000
1.675000
1.673000
1.698000
1.681000
1.669000
1.659000
1.647000
1.632000
1.651000
1.648000
1.634000
1.608000
1.603000
1.624000
1.639000
1.646000
1.672000
1.697000
1.712000
1.700000
1.734000
1.751000
1.785000
1.765000
1.782000
1.780000
1.760000
1.778000
1.791000
1.791000
1.802000
1.818000
1.863000
1.886000
1.921000
1.929000
1.958000
2.008000
2.011000
2.003000
1.987000
2.010000
2.049000
2.045000
2.082000
2.103000
2.144000
2.185000
2.176000
2.167000
2.200000
2.232000
2.224000
2.168000
2.207000
2.235000
2.193000
2.264000
2.330000
2.346000
2.335000
2.362000
2.299000
2.342000
2.359000
2.373000
2.290000
2.276000
2.244000
2.303000
2.387000
2.430000
2.422000
2.415000
2.388000
2.421000
2.486000
2.519000
2.590000
2.632000
2.689000
2.759000
2.768000
2.595000
2.614000
2.731000
2.810000
2.805000
2.786000
2.829000
2.804000
2.783000
2.812000
2.846000
2.878000
2.847000
2.735000
2.783000
2.705000
2.551000
2.590000
2.637000
2.535000
2.355000
2.239000
2.343000
2.211000
2.098000
1.981000
1.968000
1.848000
1.713000
1.788000
1.879000
1.978000
1.988000
1.893000
1.915000
2.017000
2.054000
2.091000
2.110000
2.165000
2.146000
2.001000
1.951000
2.042000
1.968000
1.931000
1.888000
1.982000
1.951000
1.934000
1.992000
2.083000
2.071000
2.034000
2.078000
2.088000
2.125000
1.982000
2.015000
1.936000
1.838000
1.685000
1.571000
1.534000
1.594000
1.676000
1.647000
1.591000
1.568000
1.554000
1.605000
1.658000
1.633000
1.643000
1.565000
1.502000
1.595000
1.573000
1.587000
1.637000
1.645000
1.624000
1.633000
1.603000
1.621000
1.603000
1.608000
1.656000
1.685000
1.755000
1.775000
1.751000
1.803000
1.837000
1.843000
1.870000
1.788000
1.861000
1.945000
1.968000
1.990000
1.946000
1.968000
1.985000
1.971000
1.962000
2.043000
2.057000
2.124000
2.153000
2.170000
2.202000
2.200000
2.162000
2.193000
2.187000
2.156000
2.199000
2.215000
2.196000
2.206000
2.253000
2.243000
2.123000
2.135000
2.131000
2.141000
2.184000
2.156000
2.174000
2.156000
2.159000
2.156000
2.137000
2.162000
2.190000
2.201000
2.242000
2.239000
2.270000
2.293000
2.253000
2.273000
2.284000
2.232000
2.248000
2.289000
2.249000
2.084000
2.051000
2.094000
1.936000
1.931000
1.820000
1.838000
1.775000
1.855000
1.799000
1.850000
1.913000
1.891000
1.832000
1.844000
1.860000
1.753000
1.752000
1.689000
1.728000
1.716000
1.751000
1.753000
1.778000
1.767000
1.787000
1.836000
1.856000
1.839000
1.839000
1.874000
1.870000
1.867000
1.756000
1.753000
1.681000
1.708000
1.775000
1.768000
1.737000
1.762000
1.784000
1.766000
1.741000
1.741000
1.774000
1.763000
1.764000
1.825000
1.880000
1.920000
1.905000
1.910000
1.882000
1.884000
1.883000
1.839000
1.900000
1.921000
1.912000
1.957000
1.975000
1.938000
1.923000
1.968000
1.947000
1.975000
1.999000
1.992000
1.975000
1.970000
1.907000
1.895000
1.918000
1.899000
1.917000
1.915000
1.907000
1.922000
1.981000
1.990000
2.001000
1.941000
1.892000
1.893000
1.881000
1.889000
1.887000
1.940000
1.950000
1.887000
1.897000
1.910000
1.958000
1.943000
1.939000
1.944000
1.949000
1.940000
2.013000
2.019000
2.026000
2.034000
2.045000
2.047000
2.033000
1.973000
1.977000
2.017000
2.007000
2.009000
2.030000
2.009000
2.029000
2.014000
1.995000
2.028000
2.051000
2.054000
2.056000
2.056000
2.073000
2.088000
2.101000
2.100000
2.096000
2.100000
2.121000
2.136000
2.140000
2.133000
2.126000
2.118000
2.125000
2.122000
2.090000
2.089000
2.113000
2.059000
2.063000
2.060000
2.043000
2.053000
2.057000
2.073000
2.047000
2.055000
2.070000
2.075000
2.047000
2.052000
2.097000
2.113000
2.123000
2.116000
2.114000
2.102000
2.112000
2.140000
2.133000
2.155000
2.149000
2.148000
2.135000
2.127000
2.132000
2.142000
2.159000
2.154000
2.147000
2.150000
2.113000
2.117000
2.114000
2.143000
2.185000
2.218000
2.244000
2.249000
2.211000
2.211000
2.212000
2.226000
2.234000
2.284000
2.338000
2.310000
2.321000
2.322000
2.332000
2.337000
2.335000
2.339000
2.336000
2.351000
2.340000
2.335000
2.342000
2.339000
2.339000
2.340000
2.339000
2.340393
2.351538
2.347358
2.361289
2.341786
2.361289
2.358503
2.369648
2.361289
2.379399
2.366862
2.358503
2.357110
2.366862
2.375220
2.379399
2.366862
2.358503
2.350145
2.345965
2.348751
2.336214
2.343179
2.350145
2.375220
2.369648
2.361289
2.286062
2.294421
2.274918
2.273525
2.288849
2.286062
2.287455
2.304173
2.309745
2.279097
2.294421
2.306959
2.297207
2.302779
2.309745
2.316710
2.330641
2.323676
2.291635
2.298600
2.274918
2.262380
2.240090
2.201084
2.148146
2.188546
2.170436
2.139788
2.180187
2.202477
2.194118
2.199691
2.203870
2.198298
2.212229
2.212229
2.227553
2.237304
2.228946
2.235911
2.228946
2.213622
2.219194
2.201084
2.208049
2.234518
2.247056
2.242877
2.256807
2.258201
2.274918
2.280490
2.279097
2.279097
2.302779
2.308352
2.304173
2.298600
2.315317
2.339000
2.333427
2.318103
2.347358
2.330641
2.334821
2.341786
2.340393
2.347358
2.345965
2.345965
2.340393
2.340393
2.295814
2.294421
2.329248
2.334821
2.339000
2.306959
2.309745
2.287455
2.293028
2.254021
2.245663
2.238697
2.262380
2.266559
2.259594
2.237304
2.240090
2.235911
2.258201
2.251235
2.240090
2.228946
2.223373
2.202477
2.180187
2.194118
2.192725
2.198298
2.191332
2.202477
2.238697
2.240090
2.230339
2.223373
2.189939
2.173222
2.184367
2.187153
2.180187
2.173222
2.138395
2.146753
2.157898
2.159291
2.199691
2.201084
2.216408
2.198298
2.212229
2.206656
2.237304
2.228946
2.240090
2.241483
2.266559
2.249842
2.255414
2.272131
2.276311
2.260987
2.276311
2.274918
2.279097
2.277704
2.284669
2.287455
2.269345
2.266559
2.258201
2.247056
2.247056
2.244270
2.148146
2.146753
2.171829
2.180187
2.174615
2.174615
2.176008
2.178794
2.209442
2.237304
2.263773
2.260987
2.255414
2.260987
2.255414
2.293028
2.322283
2.339000
2.325069
2.262380
2.301386
2.299993
2.313924
2.327855
2.312531
2.343179
2.320890
2.291635
2.276311
2.306959
2.337607
2.333427
2.375220
2.394723
2.430944
2.440695
2.464378
2.465771
2.444875
2.446268
2.453233
2.449054
2.461592
2.475523
2.464378
2.489454
2.511743
2.517315
2.490847
2.492240
2.479702
2.471343
2.507564
2.501991
2.520102
2.560501
2.567467
2.571646
2.586970
2.602294
2.549357
2.554929
2.553536
2.547963
2.557715
2.570253
2.580005
2.586970
2.588363
2.574432
2.561894
2.575825
2.564681
2.534033
2.521495
2.545177
2.577218
2.586970
2.600901
2.620404
2.645480
2.609259
2.596722
2.596722
2.554929
2.575825
2.592542
2.570253
2.503385
2.500598
2.481095
2.504778
2.493633
2.481095
2.521495
2.527067
2.506171
2.538212
2.525674
2.546570
2.593935
2.577218
2.596722
2.605080
2.602294
2.593935
2.606473
2.600901
2.620404
2.619011
2.599508
2.603687
2.581398
2.612046
2.621797
2.648266
2.658018
2.667769
2.695631
2.705383
2.692845
2.701203
2.715134
2.708169
2.669162
2.676128
2.659411
2.669162
2.660804
2.702597
2.737424
2.748569
2.751355
2.745782
2.701203
2.698417
2.703990
2.690059
2.701203
2.669162
2.609259
2.575825
2.585577
2.521495
2.588363
2.613439
2.628763
2.671949
2.662197
2.694238
2.692845
2.712348
2.748569
2.727672
2.736031
2.752748
2.733245
2.747175
2.804292
2.844692
2.837726
2.790361
2.783396
2.766679
2.802899
2.802899
2.772251
2.766679
2.723493
2.812651
2.883698
2.861409
2.868374
2.931063
2.938029
2.912953
2.885091
2.903202
2.904595
2.917133
2.903202
2.897629
2.915739
2.847478
2.892057
2.901809
2.857230
2.827975
2.892057
2.918526
2.873947
2.894843
2.885091
2.914346
2.943601
3.039725
3.039725
3.035545
3.043904
2.997932
3.000718
3.060621
3.041118
3.020221
3.036938
3.087090
3.101021
3.084303
3.066193
3.067586
3.067586
3.036938
3.004897
3.052262
2.985394
2.986787
3.052262
3.082910
3.062014
3.056442
3.028580
3.063407
3.027187
3.002111
2.961711
2.837726
2.907381
2.864195
2.935243
2.914346
2.967284
2.933581
2.882294
3.014174
3.005382
3.039084
2.980471
2.936511
2.917462
2.992194
3.022965
2.995124
3.053737
3.055203
3.075717
3.072787
3.044945
3.030292
3.058133
3.055203
3.068391
3.083044
3.049341
3.030292
2.974610
2.976075
2.917462
2.886690
2.817820
2.765068
2.826612
2.779722
2.857384
2.882294
2.904274
2.895482
2.838335
2.848592
2.787048
2.797305
2.869106
2.860314
2.896948
2.904274
2.962887
2.976075
2.974610
2.932115
2.913066
2.927719
2.989263
2.949699
2.924789
2.917462
2.860314
2.879364
2.845661
2.839800
2.784118
2.754811
2.809028
2.838335
2.820751
2.869106
2.867641
2.895482
2.877898
2.894017
2.806097
2.787048
2.763603
2.636120
2.661030
2.630258
2.559923
2.584833
2.508636
2.609744
2.722574
2.666892
2.630258
2.622932
2.593625
2.558457
2.589229
2.628793
2.655169
2.740158
2.729900
2.724039
2.722574
2.697663
2.694733
2.753346
2.784118
2.782652
2.807563
2.806097
2.800236
2.756276
2.769464
2.773860
2.706455
2.716713
2.715247
2.735762
2.700594
2.712317
2.769464
2.779722
2.791444
2.740158
2.732831
2.713782
2.740158
2.731034
2.762967
2.699101
2.658044
2.639797
2.586575
2.586575
2.563766
2.604823
2.621549
2.616988
2.597219
2.610905
2.568328
2.556163
2.610905
2.656524
2.644359
2.647400
2.636756
2.627632
2.591137
2.635235
2.671730
2.632194
2.673250
2.697580
2.662606
2.682374
2.700622
2.711266
2.711266
2.714307
2.693019
2.674771
2.755364
2.832916
2.843560
2.867890
2.881575
2.843560
2.928715
2.911988
2.902864
2.892220
2.957606
3.094462
3.068612
3.021472
3.068612
3.080777
3.138560
3.197864
3.202426
3.223715
3.187220
3.328638
3.428999
3.339282
3.305828
3.327117
3.412272
3.416834
3.387942
3.404669
3.372736
3.352968
3.302787
3.356009
3.340803
3.430519
3.549128
3.550648
3.574978
3.561293
3.506550
3.508071
3.492865
3.435081
3.433561
3.387942
3.400107
3.407710
3.387942
3.412272
3.368174
3.345365
3.378818
3.290622
3.276937
3.246524
3.241962
3.068612
3.111189
3.105107
3.071653
3.175055
3.161370
3.143122
3.181138
3.181138
3.097504
3.089900
3.129437
3.147684
3.061009
3.041241
3.112710
3.114230
3.105107
3.086859
3.073174
3.033637
3.019952
3.013869
2.991060
3.015390
3.123354
3.108148
3.117272
3.083818
3.073174
3.089900
3.137040
3.199385
3.283019
3.283019
3.238921
3.260210
3.284540
3.272375
3.352968
3.365133
3.314952
3.293664
3.307349
3.234359
3.225236
3.232839
3.231318
3.216112
3.287581
3.270854
3.275416
3.214591
3.223715
3.197864
3.234359
3.284540
3.296705
3.286060
3.281499
3.301267
3.292143
3.283019
3.269334
3.216112
3.194823
3.167452
3.191782
3.158328
3.240442
3.210029
3.243483
3.292143
3.298225
3.427478
3.421396
3.415313
3.425957
3.416834
3.409231
3.480700
3.457891
3.491344
3.454849
3.558251
3.578020
3.593226
3.643406
3.649489
3.727040
3.699669
3.689025
3.717917
3.743767
3.661654
3.658612
3.699669
3.690545
3.664695
3.713355
3.666215
3.576499
3.609953
3.605391
3.588664
3.617556
3.675339
3.684463
3.713355
3.666215
3.685984
3.678380
3.637324
3.644927
3.666215
3.625159
3.620597
3.655571
3.731602
3.673819
3.657092
3.632762
3.657092
3.693587
3.727040
3.695107
3.719437
3.719437
3.638844
3.623638
3.658612
3.672298
3.647968
3.682942
3.781783
3.771138
3.754411
3.695107
3.655571
3.660133
3.646447
3.616035
3.617556
3.657092
3.670777
3.669257
3.727040
3.746808
3.771138
3.804592
3.806113
3.803071
3.859334
3.926242
3.964257
3.941448
3.953613
3.929283
3.879102
3.923200
3.946010
3.968819
3.924721
3.955133
3.970340
4.031164
4.038767
4.082865
4.122402
4.096551
4.168020
4.158896
4.209077
4.201474
4.196912
4.210598
4.209077
4.218201
4.196912
4.250134
4.152814
3.932324
4.067659
4.107195
4.199953
4.218201
4.266861
4.263819
4.306397
4.277505
4.275984
4.352015
4.374825
4.338330
4.402196
4.417402
4.402196
4.399154
4.318562
4.336809
4.247092
4.359618
4.396113
4.423484
4.459979
4.418923
4.321603
4.394593
4.335288
4.285108
4.268381
4.122402
4.085907
4.012917
3.962736
4.020520
3.865417
3.935365
4.023561
4.005314
4.014438
3.974901
3.979463
3.990108
4.031164
4.012917
4.075262
4.063097
4.076783
4.037247
4.022041
4.085907
4.055494
4.073742
4.079824
4.101113
4.079824
4.091989
4.090469
4.058536
4.078304
4.087427
4.126963
4.157376
4.154335
4.148252
4.189309
4.181706
4.206036
4.225804
4.193871
4.178665
4.196912
4.204515
4.186268
4.174103
4.122402
4.139128
4.189309
4.204515
4.201474
4.230366
4.312479
4.327685
4.327685
4.320082
4.317041
4.314000
4.326165
4.350495
4.329206
4.336809
4.332247
4.386990
4.394593
4.399154
4.443252
4.428046
4.452376
4.469103
4.444773
4.516242
4.616603
4.677428
4.703279
4.917686
4.999799
5.046939
5.132093
5.065186
5.157944
5.074310
5.046939
4.884232
4.917686
5.037815
5.089516
5.112325
5.066707
4.865985
4.837093
4.897918
5.001320
4.978511
5.021088
5.115367
5.083434
5.092557
5.098640
5.060624
5.092557
5.036294
5.001320
5.007403
5.078872
5.157944
5.121449
5.065186
5.002841
5.062145
5.100160
5.068227
5.028691
5.068227
5.189877
5.145779
5.200521
5.218769
5.171630
5.148820
5.062145
5.051501
4.937454
4.940495