1.000000
1.000000
1.001000
1.001000
1.001000
1.001000
1.000000
1.000000
1.000000
1.000000
1.000000
1.002000
1.002000
1.002000
1.002000
1.002000
1.000000
1.000000
1.000000
1.000000
1.000000
1.003000
1.004000
1.004000
1.004000
1.004000
1.004000
1.004000
1.004000
1.004000
1.004000
1.004000
1.004000
1.004000
1.004000
1.004000
1.002000
1.002000
1.002000
1.002000
1.002000
1.004000
1.004000
1.004000
1.004000
1.004000
1.004000
1.004000
1.004000
1.004000
1.003000
1.003000
1.005000
1.009000
1.011000
1.007000
1.008000
1.013000
1.013000
1.011000
1.010000
1.013000
1.013000
1.010000
1.015000
1.011000
1.018000
1.024000
1.030000
1.036000
1.037000
1.039000
1.039000
1.035000
1.032000
1.037000
1.042000
1.025000
1.030000
1.031000
1.036000
1.034000
1.037000
1.041000
1.041000
1.039000
1.043000
1.048000
1.045000
1.046000
1.043000
1.037000
1.037000
1.034000
1.027000
1.022000
1.036000
1.035000
1.029000
1.014000
1.016000
1.030000
1.046000
1.055000
1.048000
1.050000
1.050000
1.042000
1.038000
1.043000
1.037000
1.040000
1.016000
1.024000
1.006000
1.005000
1.014000
1.008000
1.012000
1.007000
1.015000
1.032000
1.045000
1.052000
1.056000
1.058000
1.045000
1.059000
1.065000
1.087000
1.062000
1.059000
1.008000
1.042000
1.050000
1.066000
1.088000
1.100000
1.100000
1.102000
1.086000
1.055000
1.041000
1.032000
1.056000
1.076000
1.073000
1.060000
1.086000
1.110000
1.123000
1.111000
1.098000
1.099000
1.109000
1.133000
1.118000
1.138000
1.160000
1.116000
1.163000
1.193000
1.200000
1.193000
1.218000
1.224000
1.217000
1.214000
1.201000
1.199000
1.235000
1.216000
1.224000
1.195000
1.196000
1.220000
1.239000
1.237000
1.258000
1.284000
1.298000
1.287000
1.291000
1.301000
1.330000
1.322000
1.341000
1.348000
1.321000
1.335000
1.351000
1.349000
1.345000
1.354000
1.411000
1.429000
1.459000
1.463000
1.485000
1.530000
1.564000
1.583000
1.557000
1.574000
1.571000
1.596000
1.628000
1.651000
1.682000
1.725000
1.729000
1.721000
1.762000
1.778000
1.765000
1.722000
1.758000
1.748000
1.695000
1.762000
1.824000
1.830000
1.811000
1.824000
1.776000
1.807000
1.834000
1.836000
1.790000
1.789000
1.794000
1.863000
1.955000
2.000000
1.983000
1.973000
1.952000
1.984000
2.014000
2.051000
2.107000
2.118000
2.123000
2.181000
2.174000
2.067000
2.082000
2.176000
2.229000
2.258000
2.227000
2.217000
2.143000
2.129000
2.173000
2.201000
2.250000
2.180000
2.070000
2.145000
2.066000
1.957000
1.923000
1.945000
1.830000
1.696000
1.585000
1.686000
1.648000
1.562000
1.486000
1.437000
1.338000
1.278000
1.319000
1.375000
1.474000
1.498000
1.446000
1.466000
1.559000
1.618000
1.643000
1.667000
1.707000
1.685000
1.585000
1.561000
1.617000
1.568000
1.525000
1.463000
1.541000
1.539000
1.546000
1.593000
1.662000
1.661000
1.624000
1.653000
1.648000
1.645000
1.552000
1.591000
1.546000
1.472000
1.375000
1.302000
1.301000
1.360000
1.428000
1.390000
1.317000
1.304000
1.321000
1.379000
1.418000
1.412000
1.409000
1.336000
1.305000
1.385000
1.381000
1.406000
1.469000
1.471000
1.465000
1.470000
1.436000
1.478000
1.462000
1.462000
1.507000
1.528000
1.575000
1.583000
1.551000
1.602000
1.631000
1.627000
1.651000
1.567000
1.617000
1.657000
1.671000
1.674000
1.639000
1.645000
1.651000
1.626000
1.618000
1.688000
1.683000
1.721000
1.770000
1.800000
1.829000
1.842000
1.789000
1.829000
1.799000
1.763000
1.820000
1.845000
1.820000
1.839000
1.884000
1.860000
1.760000
1.769000
1.761000
1.741000
1.782000
1.765000
1.779000
1.772000
1.771000
1.766000
1.754000
1.773000
1.791000
1.799000
1.833000
1.838000
1.849000
1.854000
1.829000
1.826000
1.835000
1.815000
1.829000
1.843000
1.804000
1.668000
1.651000
1.688000
1.558000
1.577000
1.495000
1.515000
1.471000
1.528000
1.477000
1.503000
1.557000
1.538000
1.484000
1.495000
1.523000
1.443000
1.436000
1.382000
1.428000
1.428000
1.470000
1.481000
1.511000
1.496000
1.511000
1.558000
1.566000
1.556000
1.554000
1.559000
1.544000
1.549000
1.451000
1.456000
1.385000
1.411000
1.476000
1.468000
1.427000
1.449000
1.465000
1.444000
1.426000
1.422000
1.466000
1.458000
1.452000
1.505000
1.546000
1.565000
1.553000
1.558000
1.544000
1.549000
1.546000
1.516000
1.563000
1.570000
1.558000
1.587000
1.607000
1.599000
1.592000
1.634000
1.626000
1.637000
1.654000
1.647000
1.627000
1.636000
1.576000
1.562000
1.583000
1.589000
1.601000
1.605000
1.599000
1.601000
1.646000
1.646000
1.645000
1.593000
1.560000
1.566000
1.560000
1.567000
1.566000
1.600000
1.612000
1.573000
1.576000
1.596000
1.620000
1.597000
1.585000
1.584000
1.576000
1.565000
1.625000
1.631000
1.649000
1.667000
1.678000
1.678000
1.678000
1.600000
1.602000
1.645000
1.631000
1.636000
1.636000
1.626000
1.652000
1.651000
1.641000
1.672000
1.683000
1.679000
1.682000
1.680000
1.712000
1.713000
1.721000
1.719000
1.714000
1.709000
1.725000
1.734000
1.727000
1.721000
1.721000
1.717000
1.724000
1.724000
1.707000
1.718000
1.738000
1.693000
1.698000
1.689000
1.675000
1.683000
1.691000
1.702000
1.693000
1.698000
1.708000
1.708000
1.688000
1.696000
1.719000
1.738000
1.755000
1.741000
1.753000
1.747000
1.750000
1.771000
1.774000
1.789000
1.803000
1.803000
1.790000
1.789000
1.777000
1.785000
1.798000
1.798000
1.793000
1.794000
1.760000
1.774000
1.777000
1.799000
1.827000
1.845000
1.858000
1.852000
1.848000
1.852000
1.850000
1.861000
1.864000
1.904000
1.918000
1.909000
1.917000
1.904000
1.903000
1.918000
1.910000
1.906000
1.900000
1.901000
1.896000
1.893000
1.894000
1.886000
1.886000
1.921000
1.903000
1.909000
1.905000
1.902000
1.910000
1.890000
1.921000
1.909000
1.906000
1.913000
1.919000
1.909000
1.906000
1.908000
1.912000
1.900000
1.894000
1.893000
1.890000
1.876000
1.879000
1.886000
1.860000
1.859000
1.866000
1.883000
1.879000
1.874000
1.803000
1.808000
1.789000
1.792000
1.809000
1.804000
1.808000
1.822000
1.821000
1.799000
1.833000
1.844000
1.843000
1.839000
1.848000
1.845000
1.859000
1.860000
1.838000
1.842000
1.829000
1.815000
1.803000
1.779000
1.734000
1.772000
1.759000
1.744000
1.771000
1.788000
1.788000
1.793000
1.795000
1.794000
1.809000
1.813000
1.824000
1.835000
1.828000
1.840000
1.836000
1.831000
1.838000
1.831000
1.825000
1.844000
1.851000
1.845000
1.860000
1.858000
1.877000
1.881000
1.879000
1.882000
1.916000
1.923000
1.921000
1.912000
1.929000
1.956000
1.951000
1.939000
1.964000
1.955000
1.973000
1.982000
1.991000
2.006000
2.017000
2.013000
2.014000
2.012000
1.980000
1.978000
2.014000
2.015000
2.018000
1.996000
2.000000
1.981000
1.998000
1.972000
1.965000
1.968000
1.976000
1.993000
1.994000
1.975000
1.984000
1.994000
2.015000
2.011000
2.015000
2.012000
2.005000
1.985000
1.964000
1.969000
1.971000
1.980000
1.980000
1.994000
2.045000
2.036000
2.028000
2.015000
2.008000
2.012000
2.014000
2.015000
1.992000
1.994000
1.969000
1.963000
1.974000
1.977000
2.015000
2.024000
2.030000
2.016000
2.034000
2.028000
2.037000
2.032000
2.056000
2.062000
2.088000
2.067000
2.083000
2.108000
2.101000
2.085000
2.097000
2.106000
2.120000
2.111000
2.122000
2.133000
2.129000
2.122000
2.118000
2.117000
2.123000
2.121000
2.073000
2.071000
2.091000
2.106000
2.117000
2.114000
2.112000
2.113000
2.131000
2.152000
2.160000
2.165000
2.156000
2.165000
2.150000
2.163000
2.170000
2.178000
2.166000
2.158000
2.187000
2.203000
2.213000
2.211000
2.198000
2.204000
2.199000
2.200000
2.191000
2.210000
2.225000
2.220000
2.225000
2.225000
2.230000
2.244000
2.272000
2.272000
2.256000
2.261000
2.267000
2.263000
2.277000
2.286000
2.273000
2.300000
2.296000
2.308000
2.298000
2.304053
2.290735
2.287103
2.310107
2.307686
2.325847
2.358537
2.367012
2.353694
2.365802
2.382752
2.368223
2.365802
2.379120
2.362169
2.364591
2.385174
2.391227
2.390017
2.406967
2.404546
2.421496
2.452975
2.437236
2.421496
2.409389
2.444500
2.484455
2.475980
2.497773
2.524410
2.551046
2.525620
2.508670
2.513513
2.477190
2.529253
2.540149
2.537728
2.466294
2.451765
2.403335
2.431182
2.417864
2.387595
2.422707
2.426339
2.394860
2.408178
2.392438
2.414232
2.467504
2.449343
2.472347
2.466294
2.448132
2.436025
2.456608
2.450554
2.483244
2.473558
2.462661
2.468715
2.437236
2.450554
2.468715
2.490509
2.503827
2.509881
2.511091
2.507459
2.513513
2.530463
2.521988
2.519567
2.496562
2.497773
2.491719
2.500195
2.486876
2.520777
2.548625
2.555889
2.534096
2.528042
2.475980
2.469926
2.479612
2.455397
2.479612
2.467504
2.387595
2.363380
2.405756
2.327058
2.414232
2.428760
2.438446
2.495352
2.479612
2.529253
2.518356
2.519567
2.554678
2.535306
2.543782
2.576472
2.569207
2.591001
2.609162
2.622480
2.604319
2.577682
2.583736
2.553468
2.561943
2.576472
2.564364
2.534096
2.461451
2.498984
2.536517
2.501405
2.517145
2.532885
2.525620
2.497773
2.480823
2.475980
2.518356
2.544992
2.530463
2.513513
2.488087
2.437236
2.460240
2.478401
2.426339
2.411810
2.486876
2.490509
2.450554
2.454186
2.467504
2.473558
2.473558
2.519567
2.547414
2.541360
2.552257
2.519567
2.544992
2.569207
2.548625
2.513513
2.538939
2.558311
2.543782
2.517145
2.494141
2.483244
2.485666
2.460240
2.411810
2.466294
2.421496
2.423917
2.450554
2.460240
2.474769
2.466294
2.474769
2.517145
2.495352
2.471137
2.457818
2.350062
2.416653
2.371855
2.398492
2.362169
2.357326
2.298000
2.270153
2.374277
2.324636
2.346430
2.293157
2.250781
2.268942
2.336744
2.352483
2.314950
2.381541
2.397281
2.390017
2.403335
2.370645
2.375488
2.425128
2.451765
2.478401
2.480823
2.440868
2.436025
2.392438
2.397281
2.341587
2.299210
2.241095
2.196297
2.278628
2.238673
2.307686
2.329479
2.331901
2.304053
2.265310
2.249570
2.192665
2.207194
2.268942
2.253202
2.277417
2.282260
2.352483
2.352483
2.345219
2.316161
2.312529
2.298000
2.339165
2.298000
2.253202
2.264099
2.227776
2.221723
2.202351
2.207194
2.191454
2.169660
2.205983
2.251991
2.241095
2.287103
2.268942
2.289524
2.265310
2.285892
2.196297
2.173293
2.163607
2.057061
2.098226
2.069168
2.014685
2.036478
1.975941
2.055850
2.159974
2.100648
2.086119
2.104280
2.095805
2.064325
2.099437
2.136970
2.155131
2.214458
2.195086
2.197508
2.193875
2.181768
2.172082
2.210826
2.237462
2.228987
2.244727
2.247148
2.261677
2.224144
2.235041
2.235041
2.184189
2.172082
2.173293
2.190243
2.169660
2.185400
2.232619
2.238673
2.235041
2.191454
2.181768
2.155131
2.187822
2.189032
2.221723
2.176925
2.153921
2.132127
2.097016
2.088540
2.064325
2.082487
2.086119
2.077644
2.065536
2.074011
2.041321
2.036478
2.072801
2.092173
2.083697
2.094594
2.092173
2.095805
2.088540
2.116388
2.140602
2.121230
2.161185
2.184189
2.163607
2.178136
2.186611
2.214458
2.215669
2.231409
2.220512
2.219301
2.255624
2.296789
2.308896
2.325847
2.324636
2.289524
2.358537
2.348851
2.351273
2.345219
2.388806
2.482033
2.455397
2.440868
2.472347
2.492930
2.536517
2.557100
2.561943
2.521988
2.474769
2.544992
2.575261
2.553468
2.557100
2.611583
2.704811
2.690282
2.681807
2.673332
2.667278
2.622480
2.584947
2.627323
2.599476
2.695125
2.750819
2.730237
2.733869
2.732658
2.721762
2.752030
2.754452
2.703600
2.660013
2.626112
2.656381
2.662435
2.651538
2.664856
2.637009
2.633377
2.646695
2.611583
2.624902
2.647906
2.646695
2.540149
2.588579
2.547414
2.508670
2.591001
2.582525
2.563154
2.605530
2.623691
2.572840
2.543782
2.567997
2.566786
2.518356
2.511091
2.540149
2.564364
2.553468
2.540149
2.548625
2.528042
2.515934
2.524410
2.508670
2.540149
2.610373
2.598265
2.592211
2.578893
2.565575
2.582525
2.610373
2.675753
2.689071
2.701179
2.680596
2.704811
2.729026
2.726604
2.787142
2.810146
2.793196
2.713286
2.708443
2.650327
2.651538
2.658803
2.657592
2.670910
2.683018
2.675753
2.681807
2.652749
2.696336
2.698757
2.712076
2.736290
2.749609
2.756873
2.754452
2.764138
2.736290
2.710865
2.702390
2.650327
2.638220
2.647906
2.696336
2.679385
2.721762
2.696336
2.710865
2.739923
2.764138
2.808935
2.817411
2.807725
2.801671
2.827097
2.798039
2.813778
2.800460
2.787142
2.781088
2.804092
2.795617
2.824675
2.835572
2.835572
2.860998
2.854944
2.840415
2.888845
2.887634
2.858576
2.875527
2.894898
2.898531
2.869473
2.885212
2.882791
2.858576
2.873105
2.864630
2.897320
2.930010
2.973597
3.003866
3.037767
3.025659
3.049874
3.057139
3.029291
3.041399
3.058349
3.024449
3.018395
3.038977
3.057139
3.047453
3.052296
3.038977
3.083775
3.120098
3.126151
3.112833
3.127362
3.120098
3.071668
3.066825
3.078932
3.083775
3.070457
3.092250
3.138259
3.106779
3.092250
3.072878
3.089829
3.099515
3.077721
3.061982
3.042610
3.043820
3.046242
3.046242
3.076511
3.088618
3.095883
3.109201
3.109201
3.099515
3.145523
3.197585
3.238751
3.220590
3.210904
3.208482
3.184267
3.208482
3.208482
3.246015
3.227854
3.264177
3.281127
3.321082
3.312607
3.321082
3.347718
3.323503
3.380408
3.368301
3.394937
3.374355
3.365879
3.377987
3.371933
3.387673
3.344086
3.371933
3.276284
3.077721
3.197585
3.247226
3.304131
3.300499
3.325925
3.342875
3.368301
3.353772
3.373144
3.420363
3.411888
3.384041
3.447000
3.474847
3.471215
3.470004
3.416731
3.448210
3.381619
3.490586
3.531752
3.558388
3.587446
3.535384
3.436103
3.507537
3.468793
3.413099
3.387673
3.243594
3.244805
3.192742
3.146734
3.208482
3.111622
3.187899
3.266598
3.285970
3.292024
3.243594
3.281127
3.275073
3.305342
3.283549
3.361036
3.357404
3.391305
3.363458
3.351350
3.430049
3.376776
3.386462
3.377987
3.408256
3.398570
3.433681
3.434892
3.423995
3.438524
3.467582
3.479690
3.480901
3.477268
3.493008
3.528120
3.508748
3.545070
3.570496
3.534173
3.530541
3.565653
3.591079
3.572917
3.562021
3.494219
3.539016
3.586236
3.560810
3.569285
3.618926
3.673409
3.640719
3.643141
3.661302
3.662513
3.646773
3.674620
3.715786
3.700046
3.724261
3.693992
3.766637
3.769059
3.778745
3.838071
3.815067
3.863497
3.873183
3.864708
3.925245
3.996679
4.016051
4.034212
4.168605
4.254568
4.299366
4.404701
4.376854
4.456763
4.395015
4.420441
4.264254
4.315106
4.375643
4.434970
4.470082
4.477346
4.304209
4.349007
4.430127
4.507615
4.485821
4.525776
4.608107
4.564520
4.610528
4.594789
4.588735
4.566941
4.530619
4.474925
4.461606
4.540305
4.585103
4.617793
4.572995
4.519722
4.588735
4.628690
4.631111
4.631111
4.663801
4.782455
4.782455