1.000000
1.000000
1.001000
1.001000
1.001000
1.001000
1.002000
1.002000
1.002000
1.002000
1.002000
1.002000
1.003000
1.003000
1.003000
1.003000
1.003000
1.007000
1.007000
1.007000
1.007000
1.007000
1.003000
1.003000
1.003000
1.003000
1.003000
0.997000
0.997000
0.997000
0.997000
0.997000
0.991000
0.991000
0.991000
0.991000
0.991000
0.968000
0.968000
0.968000
0.968000
0.968000
0.958000
0.958000
0.958000
0.958000
0.958000
0.961000
0.961000
0.961000
0.961000
0.961000
0.959000
0.959000
0.959000
0.959000
0.959000
0.956000
0.955000
0.958000
0.958000
0.958000
0.954000
0.956000
0.961000
0.956000
0.954000
0.951000
0.952000
0.949000
0.944000
0.943000
0.941000
0.940000
0.945000
0.947000
0.946000
0.947000
0.941000
0.938000
0.930000
0.926000
0.929000
0.936000
0.937000
0.937000
0.943000
0.945000
0.946000
0.952000
0.954000
0.952000
0.951000
0.945000
0.953000
0.947000
0.947000
0.958000
0.961000
0.950000
0.950000
0.934000
0.932000
0.929000
0.928000
0.927000
0.926000
0.929000
0.938000
0.917000
0.931000
0.919000
0.899000
0.899000
0.902000
0.898000
0.890000
0.878000
0.857000
0.845000
0.835000
0.855000
0.856000
0.853000
0.841000
0.837000
0.843000
0.841000
0.826000
0.823000
0.827000
0.836000
0.823000
0.804000
0.804000
0.819000
0.839000
0.842000
0.835000
0.809000
0.785000
0.809000
0.788000
0.793000
0.806000
0.802000
0.800000
0.799000
0.811000
0.823000
0.830000
0.820000
0.834000
0.836000
0.835000
0.840000
0.839000
0.846000
0.844000
0.841000
0.845000
0.852000
0.865000
0.866000
0.871000
0.872000
0.868000
0.859000
0.862000
0.874000
0.872000
0.866000
0.862000
0.867000
0.874000
0.878000
0.881000
0.859000
0.855000
0.864000
0.867000
0.852000
0.847000
0.847000
0.840000
0.840000
0.837000
0.822000
0.821000
0.824000
0.837000
0.837000
0.835000
0.841000
0.842000
0.849000
0.847000
0.846000
0.837000
0.854000
0.850000
0.853000
0.844000
0.844000
0.850000
0.853000
0.850000
0.862000
0.867000
0.876000
0.884000
0.880000
0.867000
0.865000
0.859000
0.857000
0.858000
0.843000
0.854000
0.844000
0.843000
0.856000
0.858000
0.857000
0.853000
0.870000
0.878000
0.880000
0.881000
0.877000
0.855000
0.849000
0.851000
0.848000
0.850000
0.874000
0.870000
0.883000
0.879000
0.872000
0.881000
0.869000
0.864000
0.854000
0.834000
0.836000
0.842000
0.833000
0.842000
0.852000
0.853000
0.842000
0.834000
0.849000
0.840000
0.829000
0.833000
0.843000
0.839000
0.814000
0.818000
0.813000
0.817000
0.811000
0.802000
0.809000
0.807000
0.808000
0.806000
0.798000
0.798000
0.807000
0.799000
0.810000
0.826000
0.831000
0.830000
0.843000
0.841000
0.825000
0.821000
0.822000
0.817000
0.816000
0.818000
0.829000
0.825000
0.823000
0.814000
0.799000
0.803000
0.801000
0.786000
0.791000
0.801000
0.797000
0.802000
0.810000
0.833000
0.841000
0.837000
0.844000
0.843000
0.836000
0.821000
0.818000
0.822000
0.810000
0.804000
0.814000
0.810000
0.798000
0.813000
0.825000
0.823000
0.841000
0.844000
0.837000
0.832000
0.827000
0.830000
0.831000
0.842000
0.845000
0.847000
0.839000
0.837000
0.830000
0.823000
0.825000
0.824000
0.827000
0.836000
0.835000
0.833000
0.829000
0.825000
0.810000
0.810000
0.812000
0.803000
0.802000
0.796000
0.795000
0.797000
0.795000
0.799000
0.793000
0.793000
0.783000
0.770000
0.760000
0.759000
0.767000
0.755000
0.764000
0.784000
0.780000
0.788000
0.801000
0.797000
0.794000
0.790000
0.815000
0.805000
0.802000
0.809000
0.809000
0.813000
0.820000
0.836000
0.850000
0.845000
0.854000
0.862000
0.843000
0.851000
0.870000
0.874000
0.877000
0.878000
0.912000
0.928000
0.936000
0.927000
0.937000
0.934000
0.919000
0.921000
0.905000
0.909000
0.920000
0.929000
0.925000
0.918000
0.923000
0.909000
0.918000
0.928000
0.941000
0.954000
0.957000
0.942000
0.966000
0.959000
0.957000
0.969000
0.961000
0.953000
0.965000
0.980000
0.965000
0.984000
1.000000
0.989000
0.978000
0.979000
0.965000
0.960000
0.972000
0.980000
0.972000
0.963000
0.983000
1.001000
1.006000
1.006000
1.013000
1.013000
1.004000
1.003000
1.002000
0.971000
0.959000
0.975000
0.981000
0.976000
0.977000
0.978000
0.966000
0.976000
0.989000
0.991000
1.004000
1.014000
0.994000
1.013000
0.996000
0.982000
0.988000
0.999000
1.011000
1.009000
1.020000
1.026000
1.027000
1.031000
1.017000
1.034000
1.043000
1.055000
1.076000
1.092000
1.071000
1.069000
1.090000
1.110000
1.107000
1.121000
1.120000
1.112000
1.097000
1.080000
1.085000
1.070000
1.060000
1.053000
1.074000
1.075000
1.078000
1.082000
1.056000
1.054000
1.017000
1.019000
1.042000
1.032000
1.025000
1.050000
1.075000
1.078000
1.076000
1.062000
1.038000
1.039000
1.052000
1.068000
1.066000
1.088000
1.107000
1.100000
1.107000
1.097000
1.116000
1.149000
1.160000
1.133000
1.121000
1.107000
1.092000
1.090000
1.124000
1.123000
1.147000
1.155000
1.141000
1.140000
1.136000
1.143000
1.142000
1.144000
1.129000
1.109000
1.131000
1.136000
1.133000
1.137000
1.131000
1.149000
1.152000
1.142000
1.136000
1.109000
1.125000
1.143000
1.148000
1.140000
1.141000
1.144000
1.145000
1.124000
1.118000
1.133000
1.132000
1.121000
1.126000
1.149000
1.150000
1.139000
1.124000
1.135000
1.148000
1.155000
1.167000
1.159000
1.164000
1.192000
1.169000
1.135000
1.123000
1.131000
1.158000
1.153000
1.127000
1.126000
1.100000
1.095000
1.071000
1.089000
1.073000
1.067000
1.076000
1.087000
1.078000
1.065000
1.054000
1.067000
1.072000
1.061000
1.077000
1.094000
1.120000
1.118000
1.132000
1.121000
1.128000
1.131000
1.129000
1.143000
1.153000
1.171000
1.121000
1.139000
1.143000
1.134000
1.128000
1.143000
1.141000
1.147000
1.158000
1.153000
1.135000
1.130000
1.127000
1.126000
1.123000
1.120000
1.131000
1.145000
1.128000
1.144000
1.151000
1.153000
1.165000
1.167000
1.144000
1.154000
1.158000
1.145000
1.127000
1.129000
1.153000
1.168000
1.164000
1.149000
1.133000
1.145000
1.165000
1.170000
1.191000
1.183000
1.177000
1.182000
1.178000
1.202000
1.226000
1.218000
1.224000
1.205000
1.216000
1.241000
1.244000
1.248000
1.227000
1.226000
1.228000
1.190000
1.194000
1.182000
1.190000
1.211000
1.214000
1.208000
1.199000
1.197000
1.167000
1.169000
1.167000
1.180000
1.178000
1.196000
1.191000
1.179000
1.156000
1.170000
1.173000
1.175000
1.184000
1.177000
1.156000
1.153000
1.173000
1.169000
1.162000
1.172000
1.185000
1.191000
1.196000
1.187000
1.186000
1.179000
1.178000
1.177000
1.178000
1.174000
1.167000
1.166000
1.165000
1.150000
1.124000
1.139000
1.139000
1.138000
1.151000
1.140000
1.137000
1.123000
1.137000
1.133000
1.140000
1.128000
1.123000
1.115000
1.119000
1.123000
1.122000
1.127000
1.136000
1.133000
1.138000
1.129000
1.130000
1.127000
1.123000
1.128000
1.125000
1.118000
1.124000
1.130000
1.139000
1.153000
1.164000
1.154000
1.149000
1.126000
1.136000
1.140000
1.155000
1.152000
1.157000
1.161000
1.176000
1.179000
1.194000
1.201000
1.200000
1.199000
1.202000
1.194000
1.178000
1.190000
1.204000
1.198000
1.180000
1.179000
1.176000
1.167000
1.180000
1.178000
1.171000
1.172000
1.187000
1.201000
1.211000
1.220000
1.213000
1.229000
1.233000
1.234000
1.226000
1.240000
1.249000
1.253000
1.252000
1.252000
1.269000
1.291000
1.288000
1.286000
1.283000
1.290000
1.281000
1.264000
1.277000
1.261000
1.275000
1.295000
1.320000
1.336000
1.341000
1.342000
1.344000
1.343000
1.345000
1.354000
1.358000
1.311000
1.314000
1.325000
1.331000
1.316000
1.325000
1.349000
1.355000
1.353000
1.363000
1.363000
1.371000
1.374000
1.369000
1.365000
1.361000
1.362000
1.353000
1.350000
1.363000
1.347000
1.336000
1.320000
1.317000
1.326000
1.356000
1.368000
1.362000
1.361000
1.364000
1.355000
1.353000
1.358000
1.353000
1.355000
1.329000
1.341000
1.318000
1.317000
1.334000
1.328000
1.334000
1.330000
1.336000
1.344000
1.360000
1.366000
1.369000
1.363000
1.341000
1.355000
1.373000
1.385000
1.376000
1.399000
1.348000
1.396000
1.404000
1.413000
1.438000
1.429000
1.412000
1.425000
1.409000
1.346000
1.315000
1.336000
1.355000
1.354000
1.324000
1.304000
1.315000
1.330000
1.382000
1.382000
1.388000
1.389000
1.367000
1.395000
1.386000
1.402000
1.433000
1.393000
1.453000
1.492000
1.527000
1.506000
1.534000
1.541000
1.525000
1.511000
1.490000
1.486000
1.511000
1.521000
1.512000
1.479000
1.470000
1.482000
1.499000
1.512000
1.538000
1.590000
1.592000
1.587000
1.594000
1.608000
1.644000
1.632000
1.663000
1.671000
1.645000
1.658000
1.688000
1.692000
1.675000
1.693000
1.727000
1.737000
1.765000
1.779000
1.786000
1.828000
1.851000
1.872000
1.844000
1.862000
1.866000
1.875000
1.936000
1.965000
2.007000
2.048000
2.017000
1.988000
2.039000
2.089000
2.091000
2.012000
2.049000
2.061000
2.013000
2.058000
2.101000
2.116000
2.117000
2.136000
2.069000
2.102000
2.112000
2.135000
2.103000
2.077000
2.044000
2.116000
2.202000
2.284000
2.281000
2.267000
2.273000
2.327000
2.374000
2.440000
2.525000
2.538000
2.577000
2.677000
2.717000
2.557000
2.575000
2.713000
2.838000
2.883000
2.865000
2.867000
2.805000
2.793000
2.843000
2.907000
2.988000
2.918000
2.802000
2.895000
2.782000
2.632000
2.641000
2.701000
2.576000
2.365000
2.198000
2.302000
2.202000
2.082000
1.954000
1.878000
1.739000
1.650000
1.719000
1.824000
1.948000
2.000000
1.909000
1.944000
2.060000
2.112000
2.140000
2.175000
2.226000
2.212000
2.075000
2.042000
2.125000
2.080000
2.022000
1.936000
2.049000
2.034000
2.036000
2.115000
2.233000
2.250000
2.249000
2.286000
2.291000
2.307000
2.154000
2.183000
2.107000
2.008000
1.859000
1.734000
1.696000
1.778000
1.880000
1.851000
1.752000
1.711000
1.726000
1.806000
1.861000
1.852000
1.855000
1.752000
1.667000
1.768000
1.759000
1.793000
1.872000
1.875000
1.867000
1.897000
1.854000
1.896000
1.866000
1.877000
1.943000
1.978000
2.051000
2.075000
2.048000
2.102000
2.128000
2.123000
2.161000
2.047000
2.118000
2.181000
2.219000
2.261000
2.225000
2.264000
2.267000
2.228000
2.223000
2.308000
2.315000
2.378000
2.415000
2.418000
2.454000
2.460000
2.410000
2.472000
2.471000
2.437000
2.514000
2.555000
2.532000
2.546000
2.593000
2.575000
2.441000
2.467000
2.468000
2.479000
2.533000
2.527000
2.564000
2.523000
2.536000
2.525000
2.491000
2.513000
2.541000
2.556000
2.612000
2.593000
2.616000
2.653000
2.618000
2.625000
2.654000
2.611000
2.627000
2.679000
2.639000
2.424000
2.418000
2.460000
2.267000
2.269000
2.120000
2.125000
2.063000
2.140000
2.075000
2.109000
2.182000
2.144000
2.065000
2.101000
2.123000
1.976000
1.957000
1.893000
1.959000
1.946000
2.003000
2.013000
2.052000
2.035000
2.043000
2.113000
2.145000
2.123000
2.133000
2.173000
2.162000
2.168000
2.009000
2.000000
1.904000
1.938000
2.028000
2.028000
1.997000
2.032000
2.040000
2.010000
1.983000
1.984000
2.042000
2.028000
2.017000
2.085000
2.142000
2.186000
2.184000
2.195000
2.179000
2.183000
2.174000
2.135000
2.210000
2.235000
2.225000
2.270000
2.293000
2.245000
2.231000
2.277000
2.265000
2.286000
2.312000
2.310000
2.279000
2.286000
2.204000
2.183000
2.206000
2.203000
2.223000
2.226000
2.221000
2.223000
2.293000
2.294000
2.301000
2.232000
2.176000
2.179000
2.161000
2.176000
2.171000
2.224000
2.234000
2.200000
2.203000
2.223000
2.275000
2.251000
2.250000
2.253000
2.264000
2.251000
2.330000
2.340000
2.363000
2.357000
2.362000
2.404000
2.424000
2.337000
2.332000
2.396000
2.397000
2.412000
2.436000
2.427000
2.460000
2.458000
2.429000
2.486000
2.496000
2.503000
2.505000
2.494000
2.527000
2.527000
2.527000
2.530000
2.543000
2.546000
2.555000
2.584000
2.577000
2.575000
2.572000
2.578000
2.587000
2.581000
2.551000
2.558000
2.584000
2.504000
2.502000
2.501000
2.475000
2.486000
2.502000
2.510000
2.495000
2.517000
2.527000
2.526000
2.492000
2.504000
2.548000
2.566000
2.566000
2.564000
2.570000
2.536000
2.546000
2.560000
2.545000
2.558000
2.570000
2.578000
2.575000
2.559000
2.562000
2.589000
2.618000
2.627000
2.622000
2.611000
2.543000
2.572000
2.563000
2.589000
2.601000
2.596000
2.601000
2.615000
2.568000
2.584000
2.582000
2.595000
2.602000
2.662000
2.675000
2.670000
2.673000
2.682000
2.664000
2.696000
2.688000
2.702000
2.696000
2.702000
2.699000
2.692000
2.699000
2.682000
2.685000
2.722000
2.699000
2.709000
2.706000
2.708000
2.717000
2.691000
2.730000
2.747000
2.767000
2.767000
2.774000
2.771000
2.762000
2.770000
2.795000
2.784000
2.765000
2.772000
2.774000
2.790000
2.776000
2.791000
2.752000
2.743000
2.738000
2.774000
2.751000
2.744000
2.657000
2.676000
2.655861
2.667190
2.679777
2.682294
2.674742
2.706209
2.711244
2.693622
2.706209
2.711244
2.711244
2.699916
2.707468
2.730125
2.743970
2.757816
2.737677
2.761592
2.742712
2.718796
2.697398
2.678518
2.619359
2.650826
2.643274
2.630687
2.663413
2.683553
2.681035
2.683553
2.689846
2.679777
2.701174
2.703692
2.722572
2.730125
2.722572
2.726349
2.725090
2.704951
2.717538
2.706209
2.717538
2.733901
2.749005
2.728866
2.747746
2.735159
2.737677
2.743970
2.733901
2.747746
2.786766
2.790542
2.776697
2.769144
2.784249
2.816975
2.809423
2.791801
2.827045
2.803129
2.819492
2.827045
2.835856
2.857254
2.873617
2.867323
2.854736
2.853477
2.795577
2.801871
2.862288
2.862288
2.873617
2.847184
2.873617
2.844667
2.858512
2.818234
2.793060
2.784249
2.769144
2.759075
2.751523
2.707468
2.708727
2.718796
2.737677
2.737677
2.725090
2.721314
2.715020
2.673483
2.631946
2.660896
2.643274
2.652085
2.657120
2.658379
2.701174
2.707468
2.683553
2.678518
2.638239
2.581598
2.595444
2.604254
2.587891
2.589150
2.537543
2.552648
2.574046
2.577822
2.619359
2.621876
2.626911
2.590409
2.608031
2.608031
2.634463
2.638239
2.665931
2.668448
2.679777
2.662155
2.659637
2.682294
2.686070
2.665931
2.678518
2.681035
2.691105
2.694881
2.703692
2.721314
2.722572
2.723831
2.709985
2.702433
2.706209
2.704951
2.596702
2.613065
2.647050
2.678518
2.682294
2.687329
2.683553
2.681035
2.717538
2.721314
2.736418
2.716279
2.709985
2.722572
2.712503
2.751523
2.756557
2.754040
2.737677
2.687329
2.746488
2.756557
2.767886
2.772921
2.766627
2.820751
2.799353
2.791801
2.779214
2.805647
2.829562
2.830821
2.835856
2.857254
2.861030
2.879910
2.923965
2.954174
2.932776
2.935293
2.983124
2.968019
3.007039
3.014591
3.003263
3.032213
3.033472
3.077526
3.047318
3.053611
3.029696
3.029696
3.053611
3.053611
3.062422
3.098924
3.108994
3.087596
3.105218
3.150531
3.124098
3.127874
3.130392
3.114029
3.135427
3.131651
3.137944
3.155566
3.185775
3.179481
3.164377
3.168153
3.159342
3.141720
3.137944
3.173188
3.188292
3.202138
3.242416
3.256262
3.278919
3.263814
3.200879
3.194586
3.139203
3.184516
3.192068
3.178223
3.081302
3.077526
3.055895
3.089064
3.096275
3.068874
3.102043
3.081853
3.042915
3.067432
3.067432
3.083295
3.125117
3.106370
3.140981
3.128002
3.117907
3.099159
3.122233
3.109254
3.128002
3.123675
3.099159
3.106370
3.089064
3.107812
3.132328
3.161171
3.171266
3.161171
3.165497
3.162613
3.155402
3.143865
3.130886
3.122233
3.053010
3.047242
3.034263
3.050126
3.054453
3.087622
3.103485
3.128002
3.135212
3.122233
3.070316
3.065990
3.011188
2.959271
2.996767
2.982346
2.868416
2.875627
2.928986
2.846784
2.946292
2.970808
2.983788
3.027052
2.996767
3.071758
3.078969
3.078969
3.128002
3.102043
3.115022
3.139539
3.115022
3.120791
3.156844
3.204435
3.184245
3.139539
3.138097
3.099159
3.115022
3.117907
3.100601
3.084737
2.979461
3.028494
3.076085
3.047242
3.053010
3.103485
3.122233
3.093390
3.070316
3.057337
3.045800
3.063105
3.058779
3.047242
3.021283
2.978019
2.992441
3.009746
2.975135
2.957829
3.029936
3.021283
2.983788
2.980903
2.992441
2.995325
2.993883
3.045800
3.054453
3.053010
3.060221
3.042915
3.084737
3.091948
3.073200
3.034263
3.053010
3.073200
3.074642
3.053010
3.051568
3.032820
3.048684
3.027052
2.956387
3.003978
2.928986
2.928986
2.990998
3.025610
3.022725
3.014073
3.009507
3.046023
3.026244
3.006464
2.962341
2.822364
2.868009
2.808671
2.845186
2.817799
2.801063
2.746289
2.714338
2.801063
2.731075
2.743246
2.697602
2.642828
2.648914
2.712817
2.744768
2.703688
2.775198
2.790413
2.796499
2.811714
2.787370
2.782805
2.820842
2.874095
2.922782
2.922782
2.880181
2.890831
2.860401
2.866487
2.799542
2.759983
2.706731
2.659565
2.741725
2.689994
2.758461
2.773676
2.788891
2.767590
2.715860
2.686951
2.644350
2.650436
2.709774
2.703688
2.737161
2.735639
2.791934
2.791934
2.784327
2.756940
2.737161
2.749332
2.802585
2.769112
2.735639
2.745192
2.700607
2.716530
2.716530
2.746785
2.713346
2.692645
2.726084
2.789778
2.770670
2.791370
2.792963
2.820032
2.791370
2.810478
2.729269
2.711753
2.726084
2.584366
2.640098
2.609844
2.547742
2.538188
2.458571
2.504749
2.630544
2.571627
2.560481
2.558889
2.539781
2.498380
2.530227
2.566850
2.579589
2.643283
2.644875
2.644875
2.638506
2.624175
2.603474
2.640098
2.656021
2.622582
2.660798
2.679907
2.692645
2.651244
2.636913
2.635321
2.582774
2.582774
2.577997
2.603474
2.576405
2.593920
2.657614
2.651244
2.643283
2.608251
2.598697
2.579589
2.598697
2.606659
2.655116
2.608330
2.604988
2.578253
2.553189
2.556531
2.529796
2.548176
2.528125
2.508074
2.503061
2.503061
2.488023
2.493035
2.533138
2.579924
2.581595
2.573240
2.581595
2.601646
2.591621
2.616685
2.625039
2.615014
2.636736
2.653445
2.620026
2.635065
2.653445
2.655116
2.638407
2.608330
2.613343
2.593291
2.643420
2.691877
2.718612
2.763727
2.777094
2.738663
2.835577
2.830564
2.833906
2.833906
2.899073
3.056141
3.019380
3.009354
2.997658
3.024393
3.074521
3.144700
3.191486
3.196499
3.117965
3.234931
3.308452
3.246627
3.199841
3.214879
3.271691
3.293413
3.253311
3.273362
3.288401
3.290071
3.208196
3.226576
3.191486
3.283388
3.361922
3.365264
3.397011
3.402024
3.365264
3.386986
3.371947
3.303439
3.283388
3.268349
3.321819
3.353567
3.345212
3.341870
3.311794
3.281717
3.273362
3.198170
3.159739
3.121307
3.144700
2.964239
2.992645
2.977607
2.950872
3.061153
3.031076
3.011025
3.084546
3.117965
3.034418
3.022722
3.062824
3.049457
2.990974
2.985961
3.032747
3.044444
3.044444
3.011025
3.009354
2.989303
2.962568
2.950872
2.900744
2.944188
3.031076
3.014367
3.017709
2.975936
2.972594
2.977607
3.021051
3.047786
3.082875
3.072850
3.047786
3.061153
3.094572
3.062824
3.138016
3.151384
3.124649
3.112952
3.122978
3.047786
3.044444
3.037760
3.046115
3.072850
3.086217
3.092901
3.097914
3.056141
3.077863
3.076192
3.109610
3.169764
3.193157
3.199841
3.216550
3.239943
3.239943
3.224905
3.183132
3.139687
3.121307
3.104598
3.131333
3.112952
3.176448
3.161409
3.184803
3.213208
3.219892
3.320148
3.308452
3.341870
3.343541
3.348554
3.328503
3.363593
3.340200
3.345212
3.330174
3.440456
3.450481
3.472203
3.498938
3.498938
3.565776
3.549066
3.544054
3.537370
3.539041
3.465520
3.457165
3.513977
3.520661
3.502280
3.527344
3.480558
3.430430
3.453823
3.418733
3.418733
3.472203
3.535699
3.542383
3.590840
3.557421
3.540712
3.530686
3.495596
3.483900
3.502280
3.467191
3.468862
3.490584
3.529015
3.503951
3.497267
3.495596
3.527344
3.572460
3.614233
3.607549
3.627600
3.619246
3.564105
3.560763
3.577472
3.590840
3.572460
3.607549
3.686083
3.677728
3.656006
3.620917
3.605878
3.630942
3.617575
3.620917
3.609220
3.632613
3.667703
3.669374
3.697780
3.736211
3.749579
3.766288
3.749579
3.749579
3.844822
3.911659
3.931711
3.923356
3.923356
3.898292
3.858189
3.926698
3.935052
3.976826
3.923356
3.968471
4.005232
4.100475
4.133894
4.227466
4.344432
4.351115
4.366154
4.374508
4.422966
4.419624
4.409598
4.426307
4.421295
4.461397
4.448030
4.474765
4.307671
3.953433
4.077082
4.105488
4.220782
4.252530
4.322709
4.321038
4.461397
4.498158
4.514867
4.643529
4.700341
4.678619
4.718721
4.722063
4.696999
4.666922
4.570008
4.570008
4.402914
4.544944
4.570008
4.613452
4.675277
4.623478
4.473094
4.549957
4.513196
4.404585
4.362812
4.170654
4.177338
4.092120
4.057031
4.123868
3.963458
4.052018
4.175667
4.152274
4.167312
4.143919
4.173996
4.162300
4.200731
4.168983
4.289291
4.306000
4.331064
4.265898
4.260885
4.337748
4.302658
4.316026
4.337748
4.382863
4.361141
4.409598
4.406256
4.364483
4.379521
4.381192
4.399572
4.473094
4.501499
4.491474
4.521551
4.533247
4.559982
4.585046
4.534918
4.531576
4.561653
4.595072
4.536589
4.503170
4.422966
4.412940
4.469752
4.453042
4.471423
4.491474
4.595740
4.597745
4.589391
4.587386
4.604095
4.604763
4.613452
4.627321
4.611280
4.620637
4.613619
4.663413
4.701176
4.685804
4.721562
4.734595
4.758322
4.762667
4.777705
4.840866
4.900185
4.973706
5.062432
5.249911
5.322764
5.452763
5.575744
5.506901
5.648429
5.542659
5.505230
5.317250
5.329782
5.499382
5.541490
5.597633
5.634728
5.382417
5.436722
5.510744
5.694714
5.666810
5.753197
5.935663
5.854790
5.939506
6.001832
6.029236
6.034248
5.978105
5.863145
5.898234
5.999827
6.163412
6.161908
6.035251
5.966743
5.988966
6.022051
5.983452
5.863312
5.933992
6.045109
6.042937
6.090893
6.047282
6.030906
6.021215
5.869995
5.865651
5.700228
5.674663
5.768235
5.805330
5.886538
5.877849
5.929982
6.064659
6.076690
5.989133
6.026729
5.907257
5.904083
5.890381
5.963568
5.959223
6.056806
6.206856
6.279542
6.251804
6.205185
6.225069
6.150713
6.215545
6.124646
6.039261
5.937835
5.980611
6.016704
6.040598