0.641800
0.653200
0.650200
0.640500
0.649400
0.649300
0.639100
0.657100
0.655800
0.662900
0.666000
0.668600
0.665700
0.670800
0.668000
0.675200
0.686200
0.697300
0.691900
0.711800
0.725700
0.734800
0.735800
0.735400
0.752400
0.763100
0.742500
0.720400
0.728200
0.741100
0.756200
0.728700
0.726800
0.696200
0.686200
0.692900
0.689100
0.720800
0.724200
0.721300
0.701400
0.710400
0.707100
0.704900
0.703200
0.711200
0.727500
0.731400
0.740700
0.738700
0.752200
0.758300
0.743900
0.761000
0.765500
0.760800
0.766000
0.775400
0.782300
0.782300
0.783400
0.760900
0.770900
0.789500
0.804200
0.810500
0.811800
0.811200
0.802200
0.816200
0.808500
0.783300
0.788700
0.784800
0.769300
0.769400
0.788400
0.792400
0.814800
0.818800
0.827300
0.826600
0.831600
0.811900
0.828300
0.835400
0.832700
0.831900
0.836400
0.843300
0.837100
0.823500
0.821200
0.825400
0.818300
0.827200
0.850300
0.850900
0.866700
0.869500
0.866200
0.865600
0.869600
0.875200
0.869500
0.854500
0.869200
0.868400
0.879400
0.888000
0.892400
0.894300
0.894900
0.903500
0.903500
0.906300
0.917200
0.914300
0.932900
0.942300
0.953600
0.964100
0.953300
0.957200
0.968800
0.968400
0.956900
0.981800
0.989700
0.989500
0.993400
1.011800
0.997600
1.013200
1.023600
1.023900
1.041100
1.043000
0.992600
1.010400
1.033900
1.044400
1.045500
1.029200
1.011100
0.983800
0.981000
0.985800
0.948700
0.958700
0.936500
0.884400
0.890700
0.852200
0.883800
0.899800
0.909600
0.883100
0.901300
0.896400
0.867700
0.811100
0.813400
0.826400
0.867600
0.877000
0.886600
0.904600
0.910900
0.899700
0.917700
0.934400
0.936700
0.926700
0.943900
0.912500
0.919100
0.902100
0.884300
0.887900
0.882500
0.860100
0.859100
0.865200
0.904000
0.902600
0.912700
0.919100
0.921000
0.921700
0.943800
0.954200
0.949900
0.947100
0.961600
0.961200
0.938400
0.940600
0.920000
0.926200
0.952900
0.965800
0.970400
0.972400
0.978600
0.984100
0.987800
0.985200
0.987700
0.993800
1.024000
1.024700
1.022000
1.025200
1.025000
1.035800
1.004000
1.031100
0.992000
0.963400
0.999800
1.016200
1.026100
1.025000
1.032100
1.040500
1.031500
1.014100
1.022200
1.021200
1.027900
1.023700
1.018500
0.995400
0.969300
0.971400
0.950900
0.960500
0.988300
0.986300
0.998900
1.003400
1.010800
1.014800
1.008000
1.015300
1.012000
0.993400
0.996900
0.996500
1.007100
0.986100
0.998700
1.003600
1.007800
1.006500
0.976000
0.977500
0.960000
0.947300
0.925100
0.914400
0.919000
0.920600
0.908300
0.905500
0.923000
0.921100
0.904500
0.902400
0.907200
0.919600
0.919700
0.926400
0.923300
0.918000
0.930500
0.941700
0.940000
0.950200
0.948900
0.953900
0.933400
0.934700
0.940600
0.943200
0.936100
0.934200
0.925000
0.912700
0.918300
0.935900
0.934100
0.938500
0.942900
0.938900
0.941000
0.929800
0.940500
0.957300
0.962400
0.959900
0.971100
0.976100
0.974900
0.970500
0.963500
0.974100
0.969000
0.975600
0.981100
0.977400
0.969400
0.929100
0.929900
0.949400
0.946200
0.942100
0.939800
0.920500
0.916300
0.902000
0.897700
0.888100
0.893400
0.858400
0.839900
0.843000
0.829800
0.828600
0.847900
0.844300
0.802900
0.814300
0.815900
0.809700
0.821200
0.848100
0.835200
0.834500
0.845200
0.846800
0.830000
0.821800
0.828100
0.825100
0.828300
0.820500
0.823700
0.843600
0.842000
0.844100
0.837200
0.817200
0.836400
0.838300
0.833000
0.832800
0.825400
0.817900
0.786300
0.779400
0.769100
0.765700
0.760800
0.777300
0.783300
0.783800
0.803200
0.808300
0.797400
0.802700
0.790000
0.794600
0.813400
0.832500
0.834600
0.843000
0.845900
0.851200
0.848500
0.865500
0.868400
0.866200
0.882000
0.870900
0.876900
0.877900
0.893700
0.904600
0.879300
0.887300
0.881000
0.892700
0.911200
0.919000
0.917600
0.920600
0.900000
0.901100
0.910100
0.893400
0.898200
0.908300
0.926600
0.930100
0.923400
0.936400
0.938600
0.942600
0.946400
0.951200
0.938600
0.947200
0.958200
0.958500
0.942700
0.924100
0.925900
0.919300
0.922900
0.940100
0.934400
0.930200
0.946200
0.974100
0.987900
0.995000
1.005400
0.995200
1.007600
0.998200
1.020900
1.039200
1.036900
1.046500
1.068700
1.061700
1.046500
1.044200
1.046200
1.073000
1.064400
1.055000
1.070000
1.077900
1.089500
1.086400
1.080200
1.081500
1.020700
1.030300
0.991900
0.970700
0.981400
0.992500
0.993500
0.981700
1.002800
1.010800
1.005700
1.010900
0.998800
0.994700
0.996200
0.992300
0.989800
1.000500
0.995100
0.976500
0.989300
1.015100
1.021500
1.016200
1.014000
1.014000
1.004200
1.018000
1.008100
0.999400
0.990200
0.976000
0.964300
0.973400
0.976200
0.994100
1.005500
1.005500
1.001000
1.003500
0.983600
0.983400
0.990200
0.988000
0.971700
0.941500
0.945700
0.965200
0.939900
0.948500
0.935400
0.928800
0.940200
0.956400
0.964300
0.974600
0.973900
0.964600
0.986200
0.994500
1.017300
1.013200
1.027700
1.030200
1.020500
1.031300
1.003400
1.006100
1.008000
1.010900
1.026100
1.030600
1.029100
1.024700
1.035100
1.050000
1.050500
1.054300
1.041800
1.038200
1.044000
1.031200
1.037100
1.019500
1.023800
1.022200
1.030100
1.041200
1.038500
1.049100
1.041000
1.028600
1.025500
1.015300
1.027900
1.029900
1.036600
1.045000
1.036600
1.031700
1.041900
1.035900
1.033300
1.032700
1.019600
1.021100
1.029900
1.022900
1.013100
1.008200
1.001300
0.986100
0.992600
0.998300
0.977800
0.974500
0.972500
0.975700
0.978500
0.977700
0.968700
0.971300
0.965200
0.963700
0.969100
0.965300
0.962400
0.937200
0.939700
0.931100
0.925200
0.911300
0.909800
0.922000
0.926900
0.916200
0.926400
0.929100
0.929100
0.914000
0.914500
0.911100
0.922300
0.915600
0.904000
0.896200
0.891500
0.901400
0.903200
0.917600
0.932100
0.937500
0.941000
0.932200
0.944400
0.947900
0.965000
0.965900
0.967100
0.969500
0.968500
0.974700
0.965500
0.978100
0.983700
0.989500
0.990200
0.978800
0.979200
0.972500
0.976500
0.948700
0.950100
0.958700
0.954700
0.951900
0.953300
0.950500
0.955000
0.960000
0.948700
0.922800
0.924500
0.936600
0.955500
0.960000
0.968800
0.963800
0.961800
0.947000
0.942100
0.932600
0.943900
0.941200
0.959900
0.960000
0.952800
0.946800
0.945900
0.939100
0.931800
0.914200
0.907500
0.924300
0.916000
0.911800
0.903700
0.905200
0.904800
0.906500
0.893000
0.894500
0.914900
0.893600
0.886800
0.869600
0.875700
0.865800
0.853100
0.852700
0.847400
0.843100
0.866300
0.871400
0.870300
0.876700
0.856900
0.856000
0.836400
0.832200
0.848900
0.863800
0.870300
0.872100
0.886900
0.885500
0.887600
0.897200
0.898800
0.903500
0.898100
0.894100
0.902700
0.891200
0.890000
0.904700
0.903000
0.883000
0.880500
0.862900
0.864500
0.864000
0.859000
0.860200
0.857400
0.859200
0.868900
0.843300
0.859900
0.849700
0.834900
0.833500
0.837200
0.836500
0.829600
0.824000
0.806700
0.799800
0.783900
0.800300
0.799400
0.800400
0.788300
0.786300
0.791600
0.786100
0.773700
0.773700
0.775700
0.786500
0.771800
0.763700
0.765900
0.784800
0.806800
0.804300
0.802400
0.787600
0.772300
0.801000
0.788900
0.800200
0.813000
0.803300
0.802700
0.794900
0.809000
0.814700
0.816100
0.804700
0.820800
0.822000
0.823800
0.825900
0.825000
0.832800
0.829800
0.827900
0.829400
0.835400
0.845100
0.849800
0.858800
0.860000
0.862500
0.855200
0.855500
0.865000
0.861600
0.852500
0.846800
0.854000
0.862900
0.862600
0.869600
0.847300
0.842400
0.853300
0.856500
0.843600
0.842100
0.841900
0.834300
0.836400
0.832700
0.810600
0.801400
0.803100
0.818200
0.820800
0.815700
0.822500
0.825300
0.838600
0.840800
0.841600
0.833300
0.847100
0.848000
0.857000
0.851300
0.855300
0.863900
0.865200
0.862500
0.874300
0.874300
0.881000
0.880600
0.877600
0.862900
0.861900
0.857900
0.854600
0.856400
0.845500
0.856500
0.846200
0.849300
0.857500
0.855400
0.847700
0.837800
0.846400
0.855100
0.853300
0.853000
0.854900
0.836900
0.836800
0.836300
0.832800
0.827500
0.835500
0.831800
0.846500
0.845800
0.848400
0.853100
0.849000
0.849200
0.840700
0.829900
0.829000
0.828100
0.823500
0.833900
0.836600
0.838900
0.838900
0.832100
0.841000
0.826700
0.825600
0.831300
0.834500
0.831900
0.816800
0.817400
0.817200
0.822400
0.816300
0.808700
0.811500
0.807600
0.804000
0.804700
0.799600
0.797600
0.803200
0.800300
0.803400
0.813500
0.815200
0.815500
0.821900
0.818600
0.808500
0.812300
0.803600
0.798900
0.797100
0.794800
0.800400
0.795300
0.797500
0.787300
0.772900
0.775700
0.770100
0.765400
0.762900
0.767800
0.760600
0.757300
0.761400
0.785900
0.788700
0.785800
0.788100
0.781900
0.786600
0.771900
0.765200
0.768600
0.756600
0.757200
0.761000
0.759200
0.751400
0.767000
0.776800
0.770100
0.783300
0.784000
0.778700
0.779800
0.779000
0.780100
0.780200
0.789200
0.789400
0.791400
0.782400
0.780900
0.774900
0.763500
0.758600
0.761100
0.765900
0.776900
0.779400
0.776900
0.772300
0.771800
0.761500
0.759300
0.760200
0.748800
0.752400
0.744300
0.738500
0.735300
0.733200
0.739400
0.733400
0.740500
0.734100
0.724500
0.716400
0.714900
0.720800
0.709000
0.714300
0.732800
0.730500
0.742400
0.748900
0.745800
0.749200
0.741800
0.768900
0.772300
0.772300
0.774900
0.778000
0.780900
0.781400
0.798500
0.803100
0.800500
0.810000
0.820400
0.816700
0.820900
0.823700
0.826100
0.826100
0.813700
0.836200
0.839900
0.835100
0.829900
0.840000
0.840700
0.836200
0.836700
0.826900
0.826700
0.842400
0.845200
0.846500
0.846900
0.857800
0.857900
0.865100
0.866200
0.865300
0.876200
0.867100
0.854400
0.861700
0.843900
0.841000
0.841900
0.833200
0.835700
0.849600
0.847500
0.821200
0.835500
0.842500
0.837900
0.835100
0.830300
0.818500
0.812800
0.812300
0.811900
0.800100
0.802400
0.822000
0.823400
0.826800
0.825400
0.818900
0.821700
0.803100
0.802200
0.801600
0.796500
0.793800
0.794100
0.800100
0.801400
0.801300
0.797300
0.789900
0.797200
0.802100
0.803600
0.818000
0.816100
0.797800
0.808500
0.800300
0.790700
0.788400
0.800400
0.812400
0.815600
0.820000
0.819200
0.822500
0.820900
0.808800
0.816000
0.827900
0.838000
0.843600
0.845200
0.845800
0.835200
0.840200
0.841700
0.853200
0.856000
0.852300
0.843500
0.843000
0.833200
0.833000
0.823700
0.813500
0.795700
0.802000
0.799900
0.804300
0.803600
0.783300
0.782700
0.748100
0.745500
0.752600
0.743900
0.749800
0.757000
0.764500
0.764500
0.765600
0.763400
0.746300
0.749200
0.764700
0.785500
0.777400
0.789900
0.797600
0.787800
0.782100
0.768600
0.776200
0.790800
0.792200
0.785400
0.786000
0.773400
0.773000
0.772800
0.788000
0.790800
0.800900
0.806900
0.800000
0.803700
0.804900
0.818100
0.821600
0.817900
0.810700
0.800400
0.811500
0.809800
0.811200
0.811500
0.808800
0.822100
0.825800
0.818800
0.822500
0.812800
0.813700
0.826300
0.827500
0.829700
0.831800
0.843900
0.847200
0.844600
0.849700
0.852000
0.853700
0.841200
0.844400
0.854000
0.849100
0.845100
0.831600
0.834700
0.841400
0.850000
0.857300
0.855800
0.867300
0.872300
0.866400
0.851100
0.848300
0.853800
0.871900
0.861600
0.851200
0.847600
0.839700
0.840200
0.834100
0.844600
0.832600
0.835300
0.838100
0.839600
0.829900
0.822300
0.813300
0.817600
0.825700
0.810500
0.815900
0.829000
0.846400
0.843000
0.846600
0.844800
0.839800
0.837800
0.839100
0.846600
0.853000
0.856000
0.836600
0.848300
0.856200
0.852300
0.848500
0.853200
0.857200
0.847400
0.850300
0.851800
0.841700
0.835200
0.836400
0.831800
0.817100
0.820500
0.824800
0.833500
0.818400
0.830800
0.832500
0.840400
0.838400
0.825500
0.811000
0.814100
0.816900
0.808300
0.802800
0.799800
0.811000
0.812300
0.810500
0.801500
0.797500
0.803000
0.821000
0.823100
0.830000
0.825500
0.828000
0.830800
0.824100
0.831600
0.851900
0.856500
0.859800
0.851600
0.862300
0.870300
0.863900
0.864300
0.853400
0.847000
0.831600
0.806600
0.810000
0.804600
0.813700
0.823300
0.821200
0.819600
0.821600
0.819800
0.799000
0.797500
0.797200
0.805400
0.804100
0.818200
0.817400
0.812000
0.791700
0.806700
0.807700
0.809100
0.811800
0.797200
0.786200
0.783300
0.792400
0.793800
0.790700
0.797600
0.807200
0.812900
0.816900
0.815200
0.817800
0.809700
0.810500
0.809900
0.809900
0.801900
0.798000
0.796400
0.794400
0.783200
0.768400
0.778400
0.782400
0.786900
0.789800
0.780800
0.779000
0.772000
0.785000
0.784500
0.783900
0.773500
0.773300
0.763800
0.765500
0.771400
0.771700
0.779100
0.784700
0.781200
0.792000
0.783800
0.787400
0.786500
0.779600
0.785600
0.784200
0.782000
0.793100
0.794900
0.793200
0.800100
0.809400
0.803100
0.798600
0.783900
0.787600
0.793000
0.796900
0.794500
0.801500
0.803000
0.808400
0.810800
0.810500
0.815000
0.815300
0.810900
0.814100
0.802500
0.796500
0.801500
0.809300
0.809100
0.806300
0.803600
0.807400
0.807600
0.817900
0.812700
0.815000
0.819800
0.833800
0.843500
0.847900
0.853200
0.845900
0.855100
0.857800
0.861100
0.853600
0.854900
0.868100
0.870400
0.870000
0.863600
0.870600
0.878600
0.875600
0.872200
0.870500
0.874300
0.868400
0.858700
0.860300
0.852700
0.864900
0.873900
0.884200
0.887800
0.893200
0.896400
0.897800
0.896600
0.893500
0.896500
0.899300
0.882300
0.886700
0.891500
0.895500
0.885100
0.892900
0.905700
0.902700
0.903200
0.908100
0.910400
0.921800
0.920000
0.915200
0.908000
0.905700
0.912200
0.907900
0.906900
0.912000
0.906500
0.900400
0.894800
0.897400
0.894000
0.907900
0.916400
0.915900
0.927900
0.926600
0.921000
0.920900
0.924900
0.923300
0.930800
0.917700
0.929900
0.921800
0.923500
0.926800
0.924700
0.927900
0.926300
0.935200
0.944500
0.957800
0.964300
0.968300
0.969500
0.965500
0.981000
0.987700
1.009800
1.001600
1.014800
0.966700
0.997800
0.997400
1.003800
1.014600
1.019800
1.017100
1.011300
1.005100
0.983300
0.977500
0.980100
0.999200
1.013300
1.011800
1.006900
1.021300
1.042200
1.056100
1.053500
1.042700
1.038700
1.040800
1.053200
1.046900
1.063400
1.073700
1.028300
1.065200
1.091600
1.100600
1.090000
1.106700
1.106400
1.092200
1.083300
1.071500
1.068700
1.088600
1.084300
1.079000
1.058700
1.054400
1.073600
1.091000
1.095000
1.103500
1.124300
1.128700
1.119700
1.122000
1.133100
1.154000
1.143200
1.167500
1.166500
1.138400
1.158000
1.175600
1.166800
1.157500
1.173100
1.211900
1.215100
1.240200
1.244000
1.264300
1.306300
1.329100
1.345100
1.308600
1.322400
1.324500
1.332700
1.371000
1.397200
1.419000
1.444600
1.426100
1.405900
1.437900
1.463900
1.454500
1.406500
1.427000
1.427800
1.395000
1.446500
1.477400
1.485300
1.482300
1.488500
1.442900
1.467400
1.470300
1.478100
1.434900
1.431900
1.422400
1.477400
1.532100
1.559800
1.565300
1.567600
1.562500
1.604600
1.648700
1.691300
1.759000
1.763800
1.779200
1.848000
1.860500
1.753900
1.781900
1.869900
1.942700
1.940700
1.915800
1.923100
1.862100
1.855400
1.895500
1.913000
1.927300
1.873600
1.801900
1.830100
1.755500
1.671400
1.702000
1.724000
1.664200
1.544000
1.473600
1.548000
1.487900
1.420400
1.360600
1.351600
1.265900
1.223600
1.277400
1.343900
1.422900
1.440100
1.372500
1.397700
1.470900
1.492900
1.510200
1.518800
1.554800
1.522400
1.404500
1.384400
1.444800
1.401800
1.397500
1.365300
1.429500
1.417000
1.408500
1.447800
1.513300
1.505500
1.480200
1.501300
1.503100
1.521200
1.416700
1.439500
1.391100
1.321300
1.223800
1.151300
1.131100
1.177300
1.241100
1.203300
1.144200
1.135800
1.130400
1.178800
1.217200
1.200800
1.204600
1.138000
1.090200
1.162100
1.146700
1.159700
1.201300
1.202800
1.191300
1.203900
1.170000
1.198200
1.185700
1.189200
1.235400
1.250800
1.298500
1.311200
1.289000
1.332000
1.346700
1.343600
1.369200
1.291500
1.333700
1.365600
1.376800
1.381300
1.351900
1.360100
1.361300
1.341700
1.336300
1.394000
1.388400
1.424900
1.445200
1.446000
1.469600
1.465800
1.432400
1.465100
1.446500
1.424600
1.463300
1.472000
1.458100
1.471200
1.497600
1.485500
1.404300
1.408300
1.413100
1.407900
1.439100
1.427500
1.439700
1.416500
1.416800
1.422900
1.413100
1.433800
1.447000
1.454700
1.487700
1.479700
1.497600
1.508000
1.490500
1.487100
1.490000
1.459500
1.470700
1.482900
1.465100
1.360900
1.350500
1.369800
1.271500
1.286100
1.212100
1.222900
1.192800
1.231600
1.198200
1.215500
1.251100
1.233300
1.193200
1.207400
1.214800
1.143100
1.134500
1.108500
1.142400
1.137600
1.168200
1.170700
1.184900
1.179800
1.180000
1.216600
1.223300
1.215600
1.219400
1.240500
1.230100
1.229200
1.148400
1.153900
1.108400
1.129000
1.173400
1.172800
1.154600
1.169100
1.172900
1.157700
1.143100
1.143300
1.175700
1.178700
1.167900
1.196300
1.224500
1.242000
1.236900
1.241600
1.229700
1.234900
1.228100
1.211400
1.250700
1.251400
1.247500
1.273900
1.283500
1.267800
1.260500
1.285900
1.277200
1.288500
1.297800
1.292700
1.276500
1.280200
1.240400
1.229900
1.245400
1.238400
1.249800
1.249900
1.244100
1.246300
1.277400
1.274400
1.277900
1.239500
1.209200
1.211300
1.213400
1.216600
1.212500
1.224900
1.217900
1.193300
1.194100
1.202500
1.217400
1.206600
1.201600
1.204800
1.204100
1.202100
1.243400
1.247800
1.251000
1.264100
1.265300
1.265200
1.258000
1.214300
1.222500
1.251600
1.243300
1.251900
1.256400
1.247000
1.261200
1.258000
1.245500
1.271900
1.278600
1.277600
1.280400
1.280300
1.299500
1.301200
1.309800
1.309700
1.307000
1.307100
1.331900
1.337100
1.336500
1.342100
1.335200
1.327600
1.326600
1.333900
1.322000
1.326500
1.345300
1.310300
1.326200
1.319700
1.301000
1.306300
1.311700
1.315300
1.308300
1.320300
1.330900
1.321700
1.310600
1.321600
1.347700
1.347600
1.351800
1.345500
1.348200
1.337900
1.339500
1.339700
1.331900
1.335800
1.335400
1.335200
1.334800
1.330700
1.325000
1.335600
1.353800
1.354300
1.357400
1.347400
1.327600
1.333100
1.325600
1.338600
1.338000
1.336900
1.344600
1.342800
1.321500
1.329500
1.332900
1.338700
1.345600
1.359800
1.363400
1.363500
1.359700
1.356000
1.346600
1.361500
1.356100
1.359000
1.358400
1.368100
1.370100
1.367900
1.365300
1.361000
1.357800
1.366700
1.359000
1.362100
1.356100
1.352300
1.361000
1.351600
1.360700
1.357800
1.355100
1.358300
1.360300
1.358400
1.354200
1.353300
1.356000
1.356900
1.361400
1.366600
1.368200
1.376800
1.368300
1.373800
1.361000
1.353000
1.357100
1.362100
1.361800
1.360000
1.326200
1.327900
1.316700
1.308900
1.315500
1.311000
1.305500
1.313800
1.313900
1.305600
1.309000
1.308700
1.305300
1.304600
1.310700
1.316000
1.329900
1.326500
1.321000
1.326200
1.324400
1.314500
1.304400
1.299700
1.293000
1.299700
1.305400
1.303900
1.314700
1.316200
1.318100
1.323200
1.326400
1.321900
1.327500
1.324100
1.328400
1.334100
1.337000
1.347500
1.345000
1.337300
1.346200
1.344400
1.368100
1.371300
1.377500
1.377100
1.374900
1.363500
1.367300
1.370300
1.365800
1.372500
1.385500
1.391300
1.387100
1.379400
1.387400
1.403700
1.399100
1.405400
1.406900
1.395600
1.401800
1.421300
1.427600
1.431600
1.440000
1.427100
1.423100
1.422900
1.409800
1.423700
1.440700
1.449300
1.455300
1.449600
1.446200
1.442500
1.452800
1.440800
1.444100
1.463700
1.467300
1.488100
1.479200
1.463200
1.481300
1.476900
1.475300
1.458800
1.461300
1.458900
1.463000
1.452800
1.431100
1.432400
1.430900
1.446100
1.447200
1.461300
1.487600
1.473000
1.467900
1.473800
1.480200
1.486800
1.480900
1.482000
1.480500
1.478700
1.486400
1.482000
1.482000
1.503200
1.529400
1.548700
1.557800
1.558900
1.566600
1.540500
1.535600
1.533200
1.545800
1.541700
1.575600
1.565400
1.582600
1.602300
1.603400
1.583800
1.593400
1.604900
1.587300
1.575900
1.597400
1.596600
1.586600
1.577300
1.594600
1.588900
1.587400
1.595800
1.580400
1.572000
1.592300
1.606100
1.604500
1.622000
1.616000
1.600700
1.596800
1.610300
1.609400
1.608200
1.603400
1.583500
1.568000
1.586200
1.585600
1.602300
1.602300
1.583800
1.610300
1.617200
1.609800
1.605300
1.608800
1.613100
1.613200
1.616800
1.614700
1.625200
1.636700
1.640400
1.646100
1.638900
1.638000
1.646600
1.651100
1.643000
1.633100
1.633300
1.634700
1.641900
1.650900
1.644700
1.652600
1.663600
1.652300
1.659500
1.665000
1.674800
1.675200
1.669600
1.674400
1.684400
1.698900
1.722900
1.730400
1.747600
1.754700
1.762400
1.756200
1.764400
1.798500
1.807000
1.787600
1.800300
1.809500
1.823200
1.826600
1.851000
1.844900
1.839300
1.821100
1.830300
1.833600
1.868500
1.878800
1.856300
1.882800
1.915900
1.932300
1.900400
1.884700
1.910100
1.891800
1.910300
1.945200
1.929900
1.848700
1.835300
1.809200
1.823700
1.811300
1.786800
1.798400
1.814000
1.808800
1.799700
1.775400
1.804000
1.850500
1.834200
1.855900
1.847400
1.828500
1.837100
1.859300
1.863200
1.886700
1.877200
1.872800
1.870500
1.834700
1.850700
1.859100
1.883400
1.904300
1.916400
1.914200
1.915600
1.954000
1.951200
1.945100
1.958800
1.955400
1.971500
1.935900
1.960600
1.937000
1.986000
1.993800
1.983800
1.966400
1.967700
1.913600
1.912000
1.930200
1.901700
1.908500
1.863500
1.810200
1.772700
1.799200
1.758500
1.824300
1.832000
1.851400
1.891500
1.879300
1.911300
1.888000
1.871900
1.889500
1.878500
1.872800
1.890700
1.885200
1.911900
1.932100
1.935500
1.907800
1.908200
1.924700
1.899800
1.913600
1.912400
1.904500
1.871400
1.833600
1.841400
1.843500
1.797100
1.805400
1.818400
1.823900
1.821500
1.819500
1.816300
1.838400
1.845500
1.837500
1.823900
1.806200
1.773000
1.781100
1.814900
1.793400
1.776800
1.821200
1.823400
1.786200
1.793400
1.820600
1.840200
1.844200
1.888000
1.902600
1.904300
1.922200
1.912100
1.932600
1.953100
1.961200
1.932300
1.938600
1.951100
1.964200
1.949400
1.922300
1.928700
1.967000
1.941700
1.934700
1.989900
1.947200
1.968600
1.993400
2.000300
1.982000
1.983400
1.965000
2.004000
1.979400
1.943700
1.928500
1.871800
1.913900
1.892700
1.908200
1.902300
1.889300
1.842600
1.810000
1.876400
1.838700
1.818800
1.786900
1.760600
1.775000
1.832800
1.837200
1.819100
1.864100
1.899100
1.891300
1.874500
1.852100
1.840000
1.849400
1.827000
1.866500
1.867700
1.835500
1.823800
1.785600
1.792000
1.755800
1.713300
1.654100
1.625400
1.669100
1.632700
1.689100
1.711100
1.709700
1.696400
1.640400
1.624900
1.588400
1.587000
1.622400
1.600300
1.608500
1.603200
1.658000
1.657100
1.636500
1.628300
1.594900
1.585300
1.599900
1.581300
1.558800
1.573800
1.544500
1.541100
1.520500
1.521000
1.514400
1.486500
1.511900
1.541600
1.536300
1.578100
1.564900
1.598400
1.590000
1.608500
1.540200
1.533200
1.518100
1.457200
1.488300
1.460300
1.448400
1.439300
1.410100
1.446700
1.516500
1.482300
1.464900
1.446300
1.432900
1.390500
1.390900
1.423700
1.444600
1.514100
1.511500
1.501000
1.495600
1.484300
1.479700
1.509400
1.523800
1.517000
1.528800
1.534000
1.537900
1.507400
1.516800
1.521700
1.487100
1.473800
1.473400
1.495800
1.474200
1.486800
1.531100
1.534600
1.539700
1.507100
1.501000
1.490700
1.494700
1.500200
1.533300
1.500000
1.482700
1.466500
1.438000
1.441000
1.431200
1.449100
1.456400
1.450000
1.435300
1.441300
1.411000
1.389700
1.414600
1.433100
1.430500
1.448400
1.449200
1.454000
1.436900
1.468400
1.469300
1.454400
1.480300
1.493500
1.477200
1.476800
1.486200
1.503900
1.500500
1.501000
1.490400
1.490400
1.517300
1.549100
1.558100
1.571900
1.579500
1.551600
1.602500
1.590400
1.587100
1.580000
1.602800
1.663700
1.648400
1.640300
1.647200
1.670600
1.684200
1.692700
1.691300
1.671400
1.632900
1.678500
1.688200
1.668400
1.656800
1.674300
1.725700
1.707900
1.703400
1.703800
1.700300
1.662200
1.650200
1.680700
1.680300
1.742400
1.804500
1.800800
1.800500
1.791600
1.775100
1.781000
1.789300
1.732900
1.728300
1.700700
1.728900
1.748700
1.755400
1.768300
1.749900
1.742500
1.755100
1.733200
1.726400
1.743000
1.737500
1.669800
1.696300
1.670300
1.642300
1.706300
1.685300
1.680600
1.728500
1.729100
1.692600
1.671000
1.684300
1.688300
1.660000
1.655900
1.682200
1.700900
1.693300
1.695600
1.697500
1.689100
1.677300
1.668300
1.651000
1.675100
1.714500
1.698300
1.704700
1.691500
1.678900
1.690700
1.708600
1.756700
1.756200
1.765300
1.755300
1.768942
1.786690
1.770796
1.811457
1.802715
1.780067
1.744439
1.760465
1.714904
1.713050
1.716891
1.706030
1.741261
1.744175
1.728414
1.726294
1.719142
1.731592
1.720864
1.736625
1.747353
1.759273
1.770664
1.768015
1.764306
1.746559
1.726294
1.712520
1.687620
1.663383
1.656363
1.670402
1.662456
1.688018
1.671992
1.684044
1.699011
1.715037
1.738612
1.746029
1.761128
1.764174
1.778610
1.758744
1.774107
1.784306
1.773975
1.768280
1.804967
1.812119
1.808013
1.810132
1.802318
1.815033
1.817417
1.794901
1.807086
1.806424
1.780597
1.792650
1.804040
1.824039
1.810132
1.825099
1.788941
1.763114
1.789868
1.773975
1.767882
1.779008
1.810795
1.801523
1.820198
1.796888
1.783511
1.789603
1.769339
1.754903
1.766161
1.740201
1.737552
1.754770
1.773445
1.772518
1.766293
1.769207
1.773577
1.797153
1.807351
1.796888
1.805232
1.794636
1.768677
1.764306
1.788941
1.802583
1.782584
1.809205
1.834105
1.811457
1.808146
1.762187
1.747751
1.759406
1.760730
1.758346
1.741923
1.742983
1.764306
1.767485
1.780994
1.800464
1.789074
1.802318
1.787749
1.779405
1.813444
1.831589
1.853442
1.835694
1.820198
1.803775
1.793444
1.813841
1.813841
1.814503
1.811854
1.824701
1.833310
1.872779
1.865495
1.867084
1.893176
1.879004
1.911586
1.911188
1.929996
1.917016
1.926287
1.928936
1.932512
1.956750
1.940326
1.947214
1.883110
1.757022
1.821920
1.817549
1.876753
1.892514
1.911983
1.924433
1.949465
1.930260
1.926287
1.968670
1.976219
1.955160
2.002841
2.008668
2.035157
2.035157
1.958074
2.034230
1.970259
2.039131
2.065355
2.068534
2.093036
2.068136
1.969729
2.005357
1.971054
1.917546
1.905626
1.822053
1.819536
1.811192
1.809073
1.843906
1.786690
1.850528
1.900195
1.910129
1.907745
1.890924
1.938605
1.915691
1.946154
1.947876
1.993172
1.979530
2.005490
1.993967
1.993569
2.050786
2.018867
2.026019
2.027740
2.033568
2.013966
2.069328
2.065620
2.051581
2.077275
2.115287
2.092639
2.108929
2.142438
2.169457
2.173298
2.151709
2.193827
2.249851
2.240050
2.239256
2.276076
2.301770
2.288261
2.271572
2.229587
2.256209
2.304287
2.279784
2.265877
2.327332
2.375277
2.330643
2.326802
2.370377
2.376204
2.355410
2.374085
2.406137
2.393290
2.400839
2.382164
2.434216
2.438056
2.441765
2.496200
2.510107
2.575932
2.596461
2.604408
2.663744
2.699371
2.696855
2.727185
2.765064
2.818572
2.865193
2.908635
2.916052
3.003334
2.965057
3.013400
2.827844
2.871153
2.901086
2.982540
2.991811
3.076841
2.954991
3.035253
3.094191
3.162136
3.203856
3.241471
3.274317
3.235113
3.283588
3.228756
3.211671
3.244782
3.215776
3.161474
3.168493
3.209022
3.232067
3.262530
3.216703
3.192466
3.280675
3.345970
3.376168
3.354182
3.416696
3.479873
3.479740
3.531261
3.549936
3.494177
3.406895
3.290740
3.272463
3.187963
3.212995
3.337096
3.369810
3.393651
3.360672
3.346897
3.342394
3.303058
3.286502
3.372327
3.273258
3.301469
3.352990
3.369943
3.391399
3.517355
3.591922
3.609007
3.582253
3.531129
3.503315
3.424643
3.525831
3.503183
3.489011
3.396167
3.424643
3.493912
3.540798
3.608875
3.607418
3.674700
3.694964
3.688209
3.758935
3.679336
3.746221
3.762511
3.690196
3.711520
3.658542
3.684236
3.634966
3.566492
3.610994
3.652449
3.694832
3.652184
3.551791
3.555367
3.577882
3.556691
3.615099
3.606093
3.643973
3.705957
3.755227
3.786881
3.750326
3.808205
3.775226
3.880255
3.917340
3.941313
3.952571
3.933763
4.065944
4.030316
4.126471
4.099982
4.176801
4.192562
4.101572
4.195740
4.264347
4.397587
4.512683
4.564734
4.642876
4.564071
4.476392
4.584071
4.537980
4.465664
4.432156
4.467254
4.383946
4.521954
4.643804
4.716384
4.786315
4.709099
4.809228
4.658240
4.634400
4.599567
4.735323
4.764329
4.806447
4.900880
4.944190
5.047497
5.164712
5.049219
4.989619
4.766845
4.751614
4.576521
4.565793
4.565793