3000.0000
2959.9029
2922.6949
2903.7333
2901.1440
2913.8714
2978.2131
2973.9133
3007.2404
2994.4194
2996.7952
2920.3526
2957.1129
2926.2078
2979.6627
3001.6942
3015.2083
2952.3252
2953.0377
2929.2783
2924.3447
2897.6841
2854.8768
2843.5316
2882.5020
2924.1752
2957.8150
2949.5503
2953.8625
2953.8625
2953.8625
3007.5493
2968.0732
2978.4424
3005.2059
2974.4430
2998.8672
3020.9181
3028.9560
3039.2639
3061.4104
3045.9648
3073.7637
3049.1100
3005.0742
3031.4568
3081.3877
3100.0160
3149.8862
3170.4740
3155.9604
3162.6155
3128.5244
3116.6833
3119.6168
3129.0902
3137.4209
3152.6874
3139.4914
3121.9970
3120.3485
3096.8231
3110.9089
3140.7807
3150.9620
3161.7975
3165.2499
3182.2203
3176.8605
3187.6177
3162.7922
3130.5476
3094.9535
3088.9770
3085.5707
3050.0225
3028.6462
3039.3761
3041.8519
3059.4118
3045.5986
3066.3352
3093.0677
3082.6100
3105.3173
3091.0750
3111.6128
3105.5491
3104.1041
3150.1570
3151.1467
3175.4720
3202.3841
3202.3841
3202.3841
3331.6507
3425.6149
3471.0374
3578.5781
3512.1727
3518.2342
3528.7798
3515.1036
3446.3255
3542.3187
3551.9298
3537.0612
3563.0673
3616.2877
3618.0776
3603.2179
3568.2559
3571.8587
3522.7325
3503.6048
3461.9072
3498.6133
3517.9289
3478.1493
3456.4780
3458.1063
3527.2789
3498.9754
3513.7929
3499.1614
3487.5954
3545.5193
3545.5193
3585.9088
3600.8364
3519.1926
3513.5881
3535.0800
3516.3723
3511.5609
3507.4576
3470.5556
3483.6556
3439.5405
3398.1211
3425.0615
3476.3388
3423.8869
3384.4661
3409.8010
3397.9194
3406.3711
3480.6347
3491.8200
3459.2291
3396.3687
3307.4943
3342.1869
3342.1869
3347.9993
3318.6556
3212.7615
3176.0320
2992.2565
3104.8550
3174.3168
3213.7933
3199.2705
3188.3633
3201.8894
3232.3615
3231.8131
3251.8219
3218.0159
3235.8168
3202.7780
3101.9966
3116.8098
3131.3932
3116.1808
3135.7830
3107.8923
3107.3313
3121.8416
3104.2267
3129.3775
3127.8853
3181.9748
3159.2833
3159.5423
3151.6240
3126.8070
3082.6172
3043.5001
2991.4461
2940.5962
2790.1880
2816.9160
2777.5933
2874.5415
2836.2315
2839.0497
2770.3349
2731.3321
2687.8859
2774.9913
2896.8691
2818.9236
2809.3993
2814.7973
2804.1625
2870.9898
2855.0421
2864.8663
2846.1327
2852.0722
2791.6910
2764.8799
2770.5065
2770.5065
2682.7262
2715.4146
2913.2480
2926.3384
2950.1428
2939.6469
2923.4836
2980.7565
3007.4669
3010.7388
2997.2591
2997.2591
2979.2239
3019.6900
3012.1126
3016.4474
2995.1183
2978.2542
2939.3000
2913.1888
2938.5302
3000.8476
3007.3490
2989.0737
2976.8513
2934.9308
2928.4139
2995.6814
2933.5411
2881.6205
2917.3292
2911.2279
2949.1283
2984.5823
2975.1636
2966.3162
2955.0496
2955.6508
2904.8040
2896.1876
2945.8881
2959.1512
2950.6437
2925.9478
2924.9638
2891.8655
2881.0203
2872.8902
2850.9904
2836.2467
2835.3194
2895.5009
2925.9285
2910.8957
2916.2225
2919.0235
2946.8562
2959.6041
2959.6041
2933.5029
2940.6687
2924.4641
2930.4182
2859.4360
2842.3199
2827.3292
2755.5546
2769.0117
2688.0846
2662.3029
2689.9013
2675.0719
2625.7736
2583.3272
2634.1585
2529.6356
2482.5680
2561.5358
2600.1725
2531.9502
2559.1659
2577.2722
2641.9219
2631.4587
2611.6134
2543.8955
2571.9607
2582.7451
2503.6669
2537.8892
2515.9880
2573.4804
2565.2563
2589.9096
2588.6168
2561.1041
2519.7239
2583.5995
2553.2046
2590.8815
2671.8249
2659.7784
2685.6546
2680.1831
2655.6023
2657.3696
2656.5183
2677.7706
2713.1275
2698.9553
2699.9297
2724.2630
2740.3908
2752.2171
2750.8803
2746.1993
2717.3325
2717.3325
2717.3325
2719.0510
2765.1087
2755.4691
2717.5329
2677.6210
2682.9795
2688.1178
2704.7567
2710.0673
2714.4763
2801.1643
2834.5512
2830.6982
2807.0605
2839.8617
2809.9558
2862.3573
2848.4779
2829.5785
2839.0641
2831.8093
2830.8644
2790.0278
2732.5730
2722.3200
2715.4981
2670.4776
2678.2588
2693.2709
2670.4026
2649.0594
2625.7778
2646.5333
2676.3362
2642.1040
2626.1741
2647.0040
2645.0909
2649.0142
2723.8499
2729.1523
2756.9101
2771.5348
2799.4489
2793.6172
2802.3041
2814.9507
2820.0850
2862.8817
2859.8324
2755.8274
2744.3639
2754.4287
2694.4400
2714.4799
2759.3328
2778.7345
2799.1755
2809.5212
2734.0232
2742.1192
2735.6683
2766.5802
2813.4432
2813.4432
2856.5443
2815.7865
2788.8072
2815.1778
2798.2384
2840.7140
2885.6377
2902.3967
2936.1449
2948.8334
2975.3008
2953.3872
2976.8744
2987.6179
2979.8098
2988.5246
3002.9960
3012.8577
2997.6321
2956.8214
2983.6114
2985.0065
2931.3374
2951.3472
2995.8103
3051.7297
3049.5219
3045.1485
3060.4175
3088.2704
3113.0427
3102.7530
3089.3054
3121.8922
3117.3843
3131.7344
3124.0528
3105.4159
3102.5088
3120.2750
3114.0123
3143.0201
3136.9260
3163.0065
3179.6834
3232.6408
3255.2664
3241.4988
3263.2121
3297.8941
3186.0018
3174.9162
3167.4069
3215.5185
3215.1757
3237.5197
3247.3694
3237.2560
3187.1262
3221.1673
3227.1586
3242.8918
3181.4412
3257.0424
3237.6247
3216.5200
3168.1131
3194.3996
3175.0207
3224.0249
3210.9995
3221.9231
3230.5069
3267.3345
3268.1290
3230.1460
3209.0034
3184.5645
3177.7087
3210.1218
3155.8450
3138.6816
3133.2071
3162.0377
3179.6503
3108.4015
3176.5687
3144.8880
3112.5118
3136.3069
3139.1320
3133.3537
3154.8961
3162.4583
3207.4347
3208.7550
3213.0608
3229.7265
3239.1484
3218.7075
3223.9665
3241.3462
3191.8770
3185.7942
3205.4579
3229.6608
3234.6893
3228.8199
3189.0286
3185.5989
3191.0858
3148.9637
3149.8117
3118.6180
3104.0161
3117.0960
3090.2409
3081.8988
3081.8988
3081.8988
3110.4388
3114.8750
3141.0203
3165.9849
3162.5382
3172.0430
3201.1548
3215.7655
3235.4828
3263.6642
3239.1441
3250.0002
3220.8117
3232.5017
3253.6408
3262.6720
3240.6789
3232.4064
3242.4328
3271.3645
3317.6375
3277.9535
3309.8873
3313.0228
3337.4332
3332.5125
3349.4898
3366.6096
3362.0561
3405.6479
3418.3153
3411.4766
3426.8896
3402.5584
3436.6828
3425.7025
3401.0441
3390.4777
3362.5011
3372.9465
3370.0628
3355.4365
3358.2983
3372.2898
3388.8184
3355.0618
3367.9204
3402.5895
3406.1436
3399.1743
3462.2996
3470.4564
3489.8433
3500.7470
3452.0330
3457.0407
3464.6468
3428.2862
3457.5651
3469.7350
3455.7167
3431.3772
3471.0098
3455.7937
3457.7777
3461.3426
3437.7068
3461.5663
3450.4240
3450.4240
3450.4240
3403.5979
3388.7804
3420.8447
3416.1420
3433.7926
3480.0661
3501.4605
3520.4388
3507.7364
3514.5161
3514.5161
3508.9811
3479.3799
3496.0405
3542.0046
3559.5762
3573.9588
3578.2693
3608.6336
3599.6224
3589.4726
3570.4171
3580.8232
3609.4132
3609.9392
3613.1375
3633.5980
3630.0809
3621.1158
3626.5027
3647.3361
3634.0209
3652.6169
3645.6505
3655.6645
3652.9271
3607.9588
3625.5616
3623.0928
3578.1587
3595.7315
3642.4044
3642.1954
3612.7450
3608.5864
3616.5387
3644.9863
3631.5190
3598.7828
3634.5232
3607.2568
3617.7263
3571.0043
3587.8292
3580.3913
3559.2674
3580.8860
3633.5791
3650.8404
3689.6855
3697.5300
3706.6251
3702.4562
3718.8324
3738.4508
3733.3595
3743.2644
3749.3478
3770.1925
3791.8632
3767.5195
3810.6939
3836.8285
3846.3515
3825.4400
3824.9764
3835.3518
3852.2615
3826.6616
3767.6261
3690.6457
3740.5224
3736.2418
3777.4728
3753.6102
3715.5225
3731.6084
3759.7356
3762.9009
3784.1053
3835.8848
3823.2374
3789.0292
3823.0849
3811.6584
3794.6015
3740.3031
3754.8635
3720.9979
3698.7216
3696.5789
3773.4237
3786.3330
3771.9182
3773.8080
3779.1421
3830.3529
3838.7037
3838.3921
3852.2540
3817.5758
3773.9070
3777.9112
3802.9022
3790.9337
3793.7987
3891.5248
3893.4771
3872.1556
3888.3544
3886.3367
3919.7442
3936.3880
3939.9537
3873.7082
3911.7269
3899.4236
3886.3180
3910.9943
3890.8939
3931.5835
3914.4629
3891.3613
3928.0346
3905.1062
3929.5032
3929.1585
3984.8754
3971.7759
4004.4316
4008.3365
4017.5000
4001.4536
3953.8165
3958.4884
3983.6667
3994.2650
4073.3312
4086.7334
4016.1303
4052.5143
4021.8077
4020.1127
4008.1905
3954.3123
3938.2052
3953.6772
3909.8810
3834.5777
3854.0126
3904.6404
3949.8884
3928.9039
3988.9362
3974.1615
3923.6979
3952.1952
3975.6084
3947.0726
3969.6359
3994.8766
3994.8766
3994.8766
3986.7597
4009.4031
4007.7161
4081.8549
4089.4846
4116.0038
4118.7015
4136.8728
4167.4769
4183.1109
4177.7780
4199.5402
4169.8403
4244.3989
4256.2326
4275.9086
4281.0868
4296.3229
4374.4750
4367.0761
4290.6547
4347.5982
4333.1500
4291.9640
4297.1090
4268.6712
4247.3824
4214.7372
3981.9175
3927.4454
3983.2361
3840.1576
3849.5417
3912.1315
4002.8418
4073.2761
4103.4489
4107.2554
4073.4035
4026.3118
4059.5145
4000.4837
3902.2137
3986.6164
3935.4049
4000.5877
4039.8316
4114.0102
4123.5904
4091.4958
4114.5402
4111.7612
4113.9048
4112.0169
4091.2403
4036.9712
3938.3796
3954.4350
3972.4574
3879.1921
3892.7654
3892.7654
3892.7654
3896.5257
3819.4346
3913.0605
3972.6167
3991.6691
3975.2676
3975.7813
3902.3469
3868.4994
3904.2237
3951.0906
3924.0052
3915.5260
3974.6960
3939.3402
3906.0446
3947.3557
4020.8002
3962.0158
3908.6060
3924.2904
3978.2207
4003.1819
4027.4539
4054.9898
4101.7713
4065.1598
4065.9120
4041.3025
4058.2759
4092.7118
4092.7118
4013.7496
4027.1221
4005.2673
4029.1414
3995.9958
3942.9007
3979.5394
3993.0000
4061.9485
4066.2162
4081.5606
4117.0995
4051.9558
4057.7326
4059.1677
4014.0553
3968.2744
3966.0228
3880.8765
3909.8001
3876.6560
3875.8425
3839.0222
3841.7969
3790.9704
3821.8049
3891.6691
3891.6691
3858.8303
3792.6749
3790.6309
3814.0338
3845.0448
3850.2738
3823.4540
3852.5503
3865.7377
3867.4144
3811.5612
3825.9608
3834.2027
3875.7518
3887.9320
3972.5042
3991.8038
3972.4117
3990.9029
3989.6274
3970.6410
3915.9282
3842.5821
3864.6737
3871.7456
3933.0278
3941.1311
3978.5487
3968.6476
3918.8530
3893.1119
3842.0094
3814.7717
3813.4964
3851.0413
3866.4259
3898.2956
3891.0228
3881.7019
3930.1146
3935.9045
3951.3109
3917.8791
3876.6859
3849.9872
3889.1530
3793.6245
3752.1470
3750.1108
3713.2266
3684.1344
3682.7193
3770.2844
3809.3111
3774.9257
3794.8613
3831.9713
3842.7409
3921.0766
3869.2338
3917.7335
3904.0755
3902.9548
3700.4222
3698.2428
3696.8279
3567.0115
3638.3940
3585.7803
3585.8823
3585.8823
3589.3173
3606.0549
3688.5092
3576.3525
3564.1205
3533.9969
3493.0675
3510.4381
3483.8123
3545.2673
3603.8423
3722.3572
3662.5738
3682.5896
3688.2956
3703.4988
3622.2418
3635.2193
3647.8652
3629.0542
3688.7137
3706.6975
3733.1199
3659.8108
3678.3124
3678.1604
3671.9636
3734.4332
3738.3967
3790.3477
3753.6877
3767.6065
3835.7843
3822.9828
3776.8392
3693.4537
3677.6237
3650.0526
3647.6012
3701.0733
3742.2800
3695.2990
3694.9489
3649.8985
3652.9612
3618.4959
3637.8723
3615.9477
3615.9477
3615.9477
3585.0376
3571.1077
3514.1435
3516.5022
3587.9587
3605.6224
3612.7171
3680.7581
3662.2090
3658.1765
3616.8216
3686.0241
3700.3535
3682.9287
3731.0550
3755.4722
3740.1489
3727.0640
3747.3926
3798.5457
3786.5885
3772.4806
3780.5223
3819.5684
3834.4092
3887.6046
3885.5450
3924.0986
3916.9065
3847.3886
3903.2239
3891.4114
3905.3325
3914.1636
3949.2803
3964.3400
3930.3536
3917.7814
3904.2754
3938.9429
3964.2688
3968.3825
3982.3275
3943.1126
3870.7117
3909.7175
3962.1091
3948.8571
3958.4302
3983.3226
4038.1792
4044.8601
4016.9833
3969.8805
3986.2996
3912.3707
3916.7149
3946.5055
3951.4844
3983.9056
4053.0975
4066.7780
4106.3859
4106.0298
4130.1847
4138.2350
4134.4090
4091.8267
4103.0839
4089.2650
4136.4772
4122.7586
4107.9634
4107.9634
4107.9634
4114.1276
4096.8944
4066.3034
4074.7438
4111.8231
4088.4603
4030.8769
4046.4104
4000.5037
3925.4071
3959.3851
3959.3851
3936.5522
3947.2394
3952.4285
3922.4301
3896.2470
3883.2328
3889.3643
3829.3294
3834.5815
3821.0394
3845.8457
3826.8422
3811.2808
3784.7777
3787.5476
3768.0042
3789.3948
3799.5648
3895.3322
3917.9005
3856.0951
3861.4375
3839.3813
3851.0812
3885.9049
3976.7696
4004.4936
4013.6357
4018.4740
3964.2536
3971.1599
4021.7349
4010.5041
4010.5041
4058.8411
4060.2487
4052.4812
4049.5152
3989.3272
3953.3427
3964.8898
3983.2425
3994.6914
3999.4117
4016.5835
4019.0720
3995.1454
4042.9957
3987.4892
3994.4098
3998.9316
4004.4853
3979.6198
3946.4521
3945.2747
3889.8524
3873.4185
3801.4640
3736.4812
3707.2116
3708.4095
3726.4064
3703.8594
3696.2374
3617.1802
3596.6882
3629.7730
3665.8968
3742.8793
3737.1330
3742.7044
3722.1674
3745.0289
3704.7260
3707.0873
3701.0115
3704.7283
3706.5002
3707.7930
3696.3979
3830.6655
3829.3473
3844.0564
3848.3828
3836.4571
3915.2984
3891.5692
3892.9408
3855.0323
3850.0465
3811.8631
3799.4816
3781.9400
3777.2345
3744.4687
3763.9605
3742.5108
3771.4531
3739.2713
3716.9565
3712.8982
3791.0516
3803.9561
3804.1930
3841.4834
3858.9571
3839.0367
3836.4391
3846.7640
3816.2160
3847.7087
3825.6686
3851.1017
3835.0268
3813.1372
3836.5784
3870.6714
3930.2814
3937.6934
3944.3244
3963.9800
3933.5497
3838.0799
3862.0175
3795.1557
3764.7845
3761.2424
3814.8466
3879.7283
3854.3636
3797.2324
3815.3214
3871.4286
3857.9601
3861.6458
3857.0200
3777.5823
3803.7455
3800.5887
3766.5135
3769.3667
3802.9901
3811.9595
3804.9995
3841.7759
3895.9057
3973.0414
3971.2790
4019.6267
4024.2618
4013.2930
4016.3325
4024.0340
4022.4457
4022.4457
4022.4457
4069.0166
4072.8170
4049.4522
4098.4416
4094.8898
4078.2243
4072.0715
4027.8485
4095.9574
4108.2259
4134.5949
4116.5621
4105.4353
4116.6067
4124.8683
4082.1533
3986.2896
4044.5102
3989.8043
3824.5905
3855.9949
3873.7839
3954.3260
3949.1386
3917.2950
3969.7574
4006.3184
4001.1806
4011.6555
4032.6772
3981.7594
3996.3944
3998.5618
3966.1657
3885.7852
3895.0018
3872.8161
3888.4465
3781.7770
3797.0888
3804.7264
3776.1587
3858.3720
3770.6035
3604.2439
3657.2117
3638.9976
3515.6908
3484.4948
3341.8370
3363.1507
3226.4562
3173.8463
3346.0577
3208.5034
3340.0104
3484.1220
3459.5682
3473.7543
3423.9451
3496.8869
3429.3147
3454.2686
3440.2385
3564.1414
3526.0969
3568.2643
3568.2643
3568.2643
3585.8694
3548.3690
3541.0035
3593.3970
3586.7126
3519.2042
3535.6784
3542.7533
3522.5332
3592.2702
3636.4843
3650.8798
3650.8798
3589.5208
3567.1217
3609.3111
3666.1800
3622.2390
3626.8829
3587.6084
3579.3680
3607.0054
3674.2869
3679.2190
3660.1815
3470.4109
3494.0870
3574.7995
3564.0953
3547.1797
3535.7485
3639.9219
3663.2418
3721.2851
3752.1548
3781.0883
3765.1091
3805.4989
3814.8664
3744.9061
3724.9280
3649.9570
3743.8831
3758.2892
3751.1778
3784.1489
3759.1028
3820.9396
3816.6849
3734.2461
3744.5887
3744.5887
3858.9721
3927.8564
4052.5319
3979.5999
4029.0742
4042.7666
3978.5650
3972.4995
3918.7171
3912.7056
3809.1864
3835.3743
3829.7220
3942.8896
3840.4435
3872.2353
3792.1887
3755.9147
3800.6402
3813.9981
3791.4955
3759.7743
3756.6244
3862.9355
3864.9056
3847.2645
3800.5363
3785.4127
3839.8608
3878.1936
3865.2927
3882.7105
3901.3724
3929.1068
3898.5069
3856.3063
3914.6079
4010.1430
3983.5598
3980.2196
3976.3170
3979.7340
3920.8572
3932.3498
3937.7473
3900.9277
3864.8283
3830.4028
3821.2539
3799.1600
3774.9342
3812.9225
3828.6901
3814.5256
3808.0109
3750.7088
3765.3555
3701.2801
3679.6743
3692.2206
3631.8068
3605.3506
3655.1598
3615.2478
3644.9924
3729.6261
3814.8010
3831.0406
3832.4510
3740.2882
3761.3237
3773.5304
3768.1769
3783.0026
3803.9448
3812.5269
3812.5269
3821.4569
3834.4876
3846.6448
3762.5477
3825.2328
3892.5983
3944.2688
4034.2647
4029.4288
4048.7181
4075.8326
4024.9739
4051.6227
4070.5089
4097.3960
4073.4535
4080.2067
4065.7238
4081.6203
4088.3626
4094.3301
4093.0993
4139.9138
4170.7579
4056.3500
4090.8919
4067.4686
4078.1277
4091.5226
4033.5879
4006.0887
4030.2355
4031.8806
4041.2600
4024.0789
4003.1383
4032.3734
4056.7898
4034.8357
4016.9241
3986.5334
4023.4016
4032.9866
4032.9866
4023.3210
4057.7451
4147.7104
4174.5516
4166.7979
4201.4615
4210.9225
4203.1689
4267.5397
4276.0151
4320.5782
4303.9148
4352.8591
4372.4203
4440.6270
4572.6532
4610.2593
4609.3379
4558.2742
4679.7629
4553.6648
4513.0275
4403.0854
4352.8964
4465.2545
4520.0656
4548.3110
4508.9856
4544.2217
4537.6801
4562.5587
4650.8359
4749.2526
4748.6535
4683.5550
4720.3755
4553.8995
4616.8007
4616.8007