1.000000
1.000000
1.001000
1.001000
1.001000
1.001000
1.001000
1.001000
1.001000
1.001000
1.001000
1.001000
1.000000
1.000000
1.000000
1.000000
1.000000
1.001000
1.001000
1.001000
0.993000
1.002000
1.014000
1.015000
1.015000
0.999000
0.982000
1.012000
1.004000
1.014000
1.025000
1.019000
1.017000
1.008000
1.027000
1.040000
1.047000
1.032000
1.056000
1.060000
1.063000
1.072000
1.070000
1.082000
1.080000
1.079000
1.077000
1.090000
1.108000
1.114000
1.125000
1.129000
1.124000
1.111000
1.116000
1.138000
1.136000
1.126000
1.125000
1.140000
1.156000
1.160000
1.168000
1.133000
1.132000
1.157000
1.166000
1.142000
1.140000
1.136000
1.122000
1.123000
1.119000
1.087000
1.071000
1.071000
1.103000
1.107000
1.096000
1.108000
1.112000
1.130000
1.131000
1.128000
1.117000
1.143000
1.143000
1.155000
1.142000
1.136000
1.143000
1.137000
1.133000
1.154000
1.159000
1.172000
1.177000
1.177000
1.155000
1.162000
1.158000
1.156000
1.155000
1.146000
1.156000
1.137000
1.148000
1.167000
1.174000
1.167000
1.158000
1.174000
1.191000
1.192000
1.192000
1.194000
1.168000
1.167000
1.164000
1.162000
1.158000
1.178000
1.178000
1.194000
1.180000
1.179000
1.185000
1.176000
1.175000
1.164000
1.134000
1.128000
1.136000
1.131000
1.154000
1.165000
1.169000
1.167000
1.150000
1.176000
1.157000
1.141000
1.161000
1.173000
1.176000
1.143000
1.141000
1.141000
1.148000
1.137000
1.128000
1.136000
1.133000
1.126000
1.114000
1.100000
1.086000
1.100000
1.101000
1.116000
1.133000
1.133000
1.129000
1.146000
1.142000
1.130000
1.136000
1.130000
1.118000
1.114000
1.115000
1.133000
1.126000
1.131000
1.114000
1.090000
1.096000
1.086000
1.062000
1.067000
1.087000
1.080000
1.083000
1.091000
1.130000
1.135000
1.130000
1.134000
1.121000
1.124000
1.097000
1.092000
1.096000
1.064000
1.059000
1.068000
1.059000
1.038000
1.064000
1.085000
1.081000
1.103000
1.108000
1.096000
1.093000
1.086000
1.087000
1.089000
1.103000
1.100000
1.101000
1.084000
1.080000
1.071000
1.053000
1.051000
1.053000
1.061000
1.073000
1.073000
1.064000
1.061000
1.060000
1.043000
1.043000
1.047000
1.030000
1.030000
1.014000
1.008000
1.005000
0.998000
1.009000
0.996000
1.004000
0.993000
0.970000
0.949000
0.939000
0.951000
0.926000
0.931000
0.961000
0.957000
0.970000
0.984000
0.977000
0.980000
0.969000
1.000000
1.001000
1.000000
1.005000
1.012000
1.014000
1.017000
1.036000
1.050000
1.043000
1.053000
1.062000
1.054000
1.060000
1.077000
1.082000
1.086000
1.069000
1.106000
1.127000
1.125000
1.113000
1.124000
1.127000
1.112000
1.109000
1.089000
1.087000
1.109000
1.118000
1.113000
1.107000
1.112000
1.096000
1.111000
1.119000
1.125000
1.136000
1.134000
1.116000
1.140000
1.125000
1.128000
1.145000
1.132000
1.128000
1.149000
1.159000
1.127000
1.151000
1.159000
1.145000
1.133000
1.131000
1.108000
1.107000
1.109000
1.112000
1.103000
1.101000
1.123000
1.137000
1.138000
1.136000
1.132000
1.136000
1.114000
1.109000
1.109000
1.096000
1.083000
1.092000
1.095000
1.100000
1.097000
1.094000
1.086000
1.091000
1.100000
1.101000
1.114000
1.110000
1.092000
1.104000
1.097000
1.098000
1.105000
1.119000
1.136000
1.145000
1.147000
1.154000
1.157000
1.164000
1.152000
1.164000
1.171000
1.183000
1.195000
1.206000
1.197000
1.192000
1.202000
1.208000
1.202000
1.205000
1.201000
1.200000
1.193000
1.175000
1.180000
1.171000
1.165000
1.158000
1.174000
1.178000
1.183000
1.186000
1.159000
1.152000
1.110000
1.116000
1.134000
1.116000
1.109000
1.128000
1.148000
1.153000
1.152000
1.141000
1.107000
1.103000
1.133000
1.170000
1.158000
1.183000
1.204000
1.182000
1.171000
1.142000
1.163000
1.191000
1.200000
1.180000
1.171000
1.153000
1.148000
1.149000
1.179000
1.180000
1.196000
1.208000
1.199000
1.199000
1.207000
1.236000
1.239000
1.233000
1.219000
1.187000
1.212000
1.206000
1.211000
1.205000
1.200000
1.222000
1.229000
1.215000
1.207000
1.184000
1.190000
1.203000
1.207000
1.206000
1.209000
1.223000
1.226000
1.217000
1.223000
1.224000
1.222000
1.201000
1.204000
1.223000
1.210000
1.204000
1.197000
1.198000
1.215000
1.219000
1.235000
1.228000
1.244000
1.242000
1.242000
1.202000
1.205000
1.210000
1.244000
1.223000
1.198000
1.184000
1.165000
1.163000
1.150000
1.171000
1.144000
1.139000
1.143000
1.153000
1.142000
1.131000
1.113000
1.135000
1.150000
1.134000
1.146000
1.158000
1.178000
1.174000
1.176000
1.168000
1.158000
1.167000
1.168000
1.175000
1.187000
1.190000
1.153000
1.172000
1.179000
1.173000
1.170000
1.179000
1.173000
1.167000
1.170000
1.169000
1.148000
1.143000
1.138000
1.132000
1.120000
1.124000
1.129000
1.134000
1.114000
1.126000
1.128000
1.143000
1.145000
1.135000
1.112000
1.120000
1.117000
1.110000
1.098000
1.100000
1.118000
1.118000
1.114000
1.095000
1.101000
1.104000
1.125000
1.126000
1.134000
1.135000
1.131000
1.138000
1.126000
1.136000
1.155000
1.150000
1.156000
1.146000
1.167000
1.183000
1.175000
1.170000
1.159000
1.160000
1.160000
1.139000
1.141000
1.136000
1.143000
1.159000
1.144000
1.141000
1.137000
1.141000
1.119000
1.121000
1.115000
1.132000
1.127000
1.134000
1.136000
1.128000
1.105000
1.118000
1.115000
1.109000
1.106000
1.092000
1.075000
1.078000
1.087000
1.085000
1.086000
1.095000
1.110000
1.112000
1.118000
1.125000
1.122000
1.113000
1.110000
1.108000
1.109000
1.098000
1.096000
1.097000
1.091000
1.075000
1.059000
1.065000
1.070000
1.072000
1.078000
1.068000
1.068000
1.065000
1.071000
1.072000
1.067000
1.057000
1.053000
1.041000
1.039000
1.046000
1.045000
1.054000
1.057000
1.055000
1.060000
1.056000
1.054000
1.047000
1.038000
1.047000
1.042000
1.042000
1.047000
1.050000
1.046000
1.050000
1.052000
1.043000
1.043000
1.030000
1.033000
1.038000
1.046000
1.043000
1.047000
1.050000
1.057000
1.055000
1.057000
1.061000
1.055000
1.052000
1.059000
1.048000
1.050000
1.053000
1.077000
1.085000
1.079000
1.074000
1.088000
1.085000
1.095000
1.089000
1.084000
1.091000
1.104000
1.107000
1.103000
1.116000
1.109000
1.126000
1.126000
1.127000
1.111000
1.114000
1.129000
1.128000
1.136000
1.117000
1.126000
1.134000
1.141000
1.138000
1.130000
1.133000
1.120000
1.100000
1.102000
1.099000
1.108000
1.121000
1.138000
1.146000
1.148000
1.154000
1.155000
1.157000
1.152000
1.159000
1.170000
1.135000
1.142000
1.152000
1.162000
1.149000
1.162000
1.186000
1.189000
1.193000
1.209000
1.208000
1.221000
1.226000
1.220000
1.229000
1.219000
1.218000
1.208000
1.202000
1.210000
1.201000
1.189000
1.180000
1.180000
1.183000
1.199000
1.211000
1.214000
1.216000
1.214000
1.210000
1.204000
1.206000
1.201000
1.216000
1.207000
1.223000
1.214000
1.208000
1.203000
1.197000
1.203000
1.200000
1.213000
1.228000
1.250000
1.251000
1.264000
1.262000
1.269000
1.293000
1.312000
1.351000
1.312000
1.334000
1.261000
1.296000
1.297000
1.307000
1.316000
1.345000
1.332000
1.342000
1.344000
1.342000
1.318000
1.309000
1.332000
1.349000
1.345000
1.326000
1.348000
1.417000
1.415000
1.416000
1.417000
1.412000
1.397000
1.405000
1.395000
1.403000
1.424000
1.384000
1.425000
1.455000
1.471000
1.459000
1.473000
1.468000
1.456000
1.450000
1.448000
1.439000
1.456000
1.448000
1.442000
1.416000
1.418000
1.430000
1.449000
1.461000
1.470000
1.502000
1.505000
1.489000
1.501000
1.506000
1.523000
1.510000
1.536000
1.539000
1.514000
1.531000
1.546000
1.539000
1.533000
1.546000
1.586000
1.583000
1.612000
1.613000
1.626000
1.669000
1.680000
1.692000
1.656000
1.670000
1.678000
1.676000
1.707000
1.733000
1.746000
1.781000
1.760000
1.760000
1.798000
1.816000
1.806000
1.762000
1.796000
1.809000
1.780000
1.823000
1.870000
1.885000
1.854000
1.885000
1.865000
1.869000
1.868000
1.895000
1.831000
1.830000
1.786000
1.833000
1.881000
1.898000
1.882000
1.866000
1.869000
1.903000
1.945000
1.975000
2.032000
2.068000
2.110000
2.154000
2.141000
2.034000
2.044000
2.104000
2.148000
2.153000
2.148000
2.156000
2.121000
2.103000
2.116000
2.137000
2.161000
2.121000
2.039000
2.059000
2.015000
1.951000
1.994000
2.021000
1.967000
1.872000
1.830000
1.949000
1.864000
1.785000
1.673000
1.653000
1.563000
1.454000
1.524000
1.603000
1.685000
1.745000
1.712000
1.760000
1.827000
1.861000
1.878000
1.872000
1.897000
1.879000
1.770000
1.738000
1.789000
1.732000
1.717000
1.649000
1.722000
1.720000
1.711000
1.763000
1.834000
1.823000
1.792000
1.831000
1.835000
1.838000
1.727000
1.755000
1.712000
1.604000
1.454000
1.341000
1.277000
1.347000
1.445000
1.393000
1.325000
1.312000
1.325000
1.401000
1.450000
1.423000
1.439000
1.331000
1.246000
1.349000
1.347000
1.367000
1.445000
1.462000
1.448000
1.469000
1.412000
1.472000
1.440000
1.440000
1.517000
1.553000
1.622000
1.650000
1.621000
1.690000
1.719000
1.704000
1.775000
1.681000
1.755000
1.790000
1.795000
1.807000
1.804000
1.814000
1.812000
1.770000
1.767000
1.827000
1.840000
1.873000
1.895000
1.889000
1.889000
1.879000
1.853000
1.874000
1.861000
1.859000
1.901000
1.911000
1.893000
1.893000
1.922000
1.912000
1.844000
1.838000
1.847000
1.862000
1.884000
1.882000
1.905000
1.867000
1.865000
1.852000
1.858000
1.921000
1.931000
1.950000
1.968000
1.956000
1.966000
1.978000
1.944000
1.948000
1.968000
1.932000
1.945000
1.949000
1.921000
1.816000
1.826000
1.892000
1.758000
1.825000
1.736000
1.706000
1.631000
1.695000
1.624000
1.649000
1.707000
1.676000
1.626000
1.657000
1.675000
1.546000
1.544000
1.463000
1.528000
1.511000
1.575000
1.577000
1.609000
1.596000
1.621000
1.690000
1.697000
1.690000
1.689000
1.723000
1.726000
1.712000
1.568000
1.579000
1.488000
1.526000
1.615000
1.618000
1.562000
1.602000
1.626000
1.583000
1.550000
1.547000
1.620000
1.600000
1.594000
1.668000
1.753000
1.810000
1.802000
1.820000
1.795000
1.794000
1.786000
1.767000
1.817000
1.806000
1.802000
1.843000
1.841000
1.810000
1.789000
1.832000
1.818000
1.854000
1.871000
1.864000
1.838000
1.837000
1.758000
1.747000
1.750000
1.736000
1.756000
1.747000
1.743000
1.742000
1.797000
1.801000
1.810000
1.734000
1.661000
1.668000
1.654000
1.653000
1.645000
1.670000
1.679000
1.631000
1.644000
1.666000
1.700000
1.680000
1.676000
1.699000
1.688000
1.670000
1.764000
1.786000
1.797000
1.806000
1.816000
1.812000
1.814000
1.730000
1.735000
1.791000
1.793000
1.800000
1.799000
1.779000
1.813000
1.820000
1.820000
1.862000
1.872000
1.871000
1.871000
1.867000
1.900000
1.899000
1.909000
1.903000
1.897000
1.897000
1.929000
1.932000
1.935000
1.932000
1.913000
1.908000
1.897000
1.903000
1.880000
1.888000
1.911000
1.857000
1.849000
1.843000
1.815000
1.824000
1.822000
1.829000
1.820000
1.840000
1.861000
1.851000
1.835000
1.849000
1.902000
1.897000
1.893000
1.887000
1.889000
1.871000
1.873000
1.872000
1.861000
1.863000
1.861000
1.859000
1.861000
1.851000
1.844000
1.847000
1.860000
1.856000
1.855000
1.847000
1.816000
1.819000
1.814000
1.822000
1.817000
1.818000
1.828000
1.828000
1.807000
1.817000
1.811000
1.816000
1.827000
1.860000
1.869000
1.867000
1.865000
1.865000
1.872000
1.892000
1.891000
1.886000
1.879000
1.893000
1.916000
1.916000
1.909000
1.909000
1.911000
1.921000
1.915000
1.924000
1.918000
1.930000
1.928000
1.933000
1.952000
1.980000
1.988000
1.986000
1.988000
1.992000
1.975000
1.977000
1.982000
1.986000
1.982000
1.986000
1.991000
1.990000
1.979000
1.991000
1.979000
1.972000
1.979000
1.993000
1.992000
1.991000
1.945000
1.961000
1.954000
1.951000
1.961000
1.965000
1.963000
1.977000
1.974000
1.959000
1.966000
1.966000
1.962000
1.965000
1.976000
1.989000
2.013000
2.020000
2.004000
2.004000
2.004000
1.985000
1.972000
1.944000
1.922000
1.946000
1.953000
1.937000
1.958000
1.977000
1.968000
1.970000
1.980000
1.982000
1.998000
2.003000
2.014000
2.023000
2.017000
2.033000
2.035000
2.014000
2.022000
2.012000
2.037000
2.050000
2.066000
2.072000
2.084000
2.073000
2.070000
2.072000
2.063000
2.064000
2.077000
2.093000
2.094000
2.083000
2.083000
2.102000
2.100000
2.107000
2.121000
2.106000
2.110000
2.123000
2.134000
2.133000
2.133000
2.131000
2.131000
2.131000
2.107000
2.119000
2.138000
2.146000
2.148000
2.142000
2.146000
2.149000
2.150000
2.137000
2.137000
2.142000
2.141000
2.163000
2.154000
2.130000
2.143000
2.136000
2.146000
2.144000
2.131000
2.125000
2.114000
2.095000
2.063000
2.074000
2.042000
2.043000
2.043000
2.060000
2.086000
2.082000
2.085000
2.082000
2.069000
2.063000
2.068000
2.078000
2.087000
2.075000
2.049000
2.058000
2.070000
2.086000
2.123000
2.135000
2.143000
2.133000
2.141000
2.133000
2.146000
2.139000
2.154000
2.154000
2.168000
2.148000
2.155000
2.185000
2.187000
2.179000
2.195000
2.204000
2.214000
2.207000
2.226000
2.245000
2.267000
2.265000
2.240000
2.248000
2.243000
2.244000
2.153000
2.169000
2.193000
2.205000
2.207000
2.211000
2.204000
2.201000
2.257000
2.269000
2.291000
2.291000
2.269000
2.289000
2.278000
2.306000
2.316000
2.328000
2.316000
2.295000
2.339000
2.342000
2.358000
2.379000
2.367000
2.370000
2.358000
2.347000
2.327000
2.359000
2.376000
2.361000
2.373000
2.384000
2.402000
2.418000
2.411000
2.417000
2.392000
2.391000
2.398000
2.391000
2.397000
2.396000
2.390000
2.403000
2.398000
2.399000
2.372000
2.369000
2.368000
2.367000
2.376000
2.382000
2.390000
2.418000
2.447000
2.455000
2.469000
2.467000
2.439000
2.426000
2.422000
2.425000
2.432000
2.451000
2.450000
2.466000
2.467000
2.461000
2.414000
2.427000
2.421000
2.412000
2.399000
2.433000
2.441000
2.462000
2.476000
2.477000
2.489000
2.473000
2.431000
2.437000
2.389000
2.402000
2.407000
2.409000
2.340000
2.351000
2.320000
2.363000
2.363000
2.337000
2.368000
2.348000
2.288000
2.311000
2.300000
2.325000
2.381000
2.365000
2.382000
2.389000
2.384000
2.373000
2.388000
2.359000
2.374000
2.372000
2.362000
2.369000
2.348000
2.367000
2.374000
2.401000
2.425000
2.440000
2.419000
2.443000
2.459000
2.454000
2.467000
2.447000
2.374000
2.357000
2.340000
2.345000
2.341000
2.376000
2.375000
2.387000
2.375000
2.375000
2.339000
2.339000
2.332000
2.273000
2.303000
2.290000
2.173000
2.165000
2.178000
2.076000
2.149000
2.161000
2.169000
2.225000
2.230000
2.288000
2.276000
2.286000
2.329000
2.305000
2.310000
2.328000
2.304000
2.327000
2.367000
2.392000
2.362000
2.333000
2.344000
2.314000
2.352000
2.363000
2.324000
2.319000
2.223000
2.304000
2.404000
2.387000
2.399000
2.474000
2.488000
2.471000
2.455000
2.466000
2.493000
2.495000
2.481000
2.468000
2.454000
2.415000
2.446000
2.466000
2.442000
2.430000
2.482000
2.489000
2.459000
2.473000
2.463000
2.463000
2.467000
2.508000
2.515000
2.518000
2.527000
2.506000
2.519000
2.531000
2.516000
2.511000
2.541000
2.537000
2.541000
2.513000
2.504000
2.502000
2.502000
2.481000
2.458000
2.486000
2.469000
2.479000
2.521000
2.525000
2.510000
2.485000
2.464000
2.489000
2.475000
2.464000
2.441000
2.362000
2.388000
2.356000
2.383000
2.375000
2.389000
2.366000
2.348000
2.419000
2.379000
2.393000
2.378000
2.331000
2.342000
2.397000
2.398000
2.364000
2.414000
2.427000
2.443000
2.441000
2.418000
2.400000
2.434000
2.459000
2.476000
2.481000
2.439000
2.428000
2.389000
2.394000
2.349000
2.275000
2.230000
2.191000
2.227000
2.186000
2.242000
2.259000
2.278000
2.266000
2.234000
2.204000
2.186000
2.189000
2.215000
2.206000
2.222000
2.209000
2.247000
2.247000
2.241000
2.208000
2.195000
2.204000
2.235000
2.211000
2.207000
2.207000
2.169000
2.182000
2.169000
2.182000
2.158000
2.121000
2.152000
2.192000
2.181000
2.207000
2.214000
2.231000
2.217000
2.223000
2.140000
2.135000
2.130000
2.025000
2.056000
2.048000
2.004000
2.019000
1.965000
2.033000
2.127000
2.096000
2.080000
2.056000
2.032000
1.996000
2.002000
2.042000
2.064000
2.143000
2.124000
2.114000
2.096000
2.077000
2.081000
2.131000
2.150000
2.128000
2.142000
2.140000
2.149000
2.108000
2.111000
2.102000
2.048000
2.045000
2.047000
2.077000
2.059000
2.084000
2.132000
2.130000
2.135000
2.087000
2.074000
2.055000
2.074000
2.074000
2.100000
2.067000
2.058000
2.039000
2.013000
2.006000
1.984000
1.998000
2.001000
1.991000
1.987000
1.998000
1.983000
1.967000
1.999000
2.016000
2.006000
2.022000
2.017000
2.024000
2.003000
2.056000
2.067000
2.048000
2.080000
2.097000
2.067000
2.072000
2.088000
2.093000
2.087000
2.095000
2.081000
2.097000
2.147000
2.208000
2.215000
2.256000
2.263000
2.222000
2.296000
2.286000
2.276000
2.277000
2.337000
2.448000
2.417000
2.411000
2.436000
2.460000
2.499000
2.530000
2.529000
2.501000
2.463000
2.513000
2.521000
2.476000
2.467000
2.500000
2.591000
2.571000
2.569000
2.573000
2.571000
2.529000
2.510000
2.556000
2.579000
2.670000
2.714000
2.704000
2.706000
2.728000
2.708000
2.733000
2.771000
2.704000
2.693000
2.690000
2.761000
2.760000
2.778000
2.812000
2.754000
2.762000
2.758000
2.721000
2.685000
2.731000
2.718000
2.599000
2.639000
2.599000
2.544000
2.638000
2.622000
2.595000
2.675000
2.689000
2.629000
2.590000
2.622000
2.620000
2.579000
2.587000
2.601000
2.637000
2.631000
2.625000
2.628000
2.636000
2.594000
2.582000
2.562000
2.603000
2.676000
2.659000
2.650000
2.644000
2.648000
2.657000
2.688000
2.763000
2.749000
2.767000
2.750000
2.765000
2.797000
2.809000
2.891000
2.898000
2.849000
2.816000
2.856000
2.800000
2.798000
2.805000
2.797000
2.813000
2.816000
2.789000
2.784000
2.770000
2.794000
2.802000
2.791000
2.809000
2.826000
2.839000
2.841000
2.850000
2.824000
2.805000
2.790000
2.746000
2.729000
2.738000
2.783000
2.761000
2.797000
2.782000
2.813000
2.825000
2.848000
2.893000
2.888000
2.880000
2.902000
2.962000
2.942000
2.967000
2.954000
2.955000
2.967000
3.003000
2.996000
2.986000
2.999000
3.016000
3.036000
3.029000
2.977000
3.005000
3.004000
2.974000
3.012000
3.015000
3.016000
2.984000
3.009000
2.993000
2.969000
2.978000
2.956000
2.961000
2.941000
2.990000
3.012000
3.018000
3.019000
3.008000
3.022000
3.001000
2.987000
3.002000
2.981000
2.970000
2.995000
3.020000
3.033000
3.034000
3.047000
3.112000
3.133000
3.141000
3.127000
3.135000
3.133000
3.080000
3.068000
3.090000
3.106000
3.092000
3.099000
3.143000
3.126000
3.104000
3.055000
3.058000
3.077000
3.072000
3.072000
3.028000
3.030000
3.046000
3.066000
3.098000
3.129000
3.121000
3.140000
3.125000
3.108000
3.154000
3.162000
3.181000
3.163000
3.150000
3.132000
3.111000
3.128000
3.138000
3.155000
3.149000
3.197000
3.222000
3.254000
3.236000
3.222000
3.248000
3.240000
3.295000
3.311000
3.331000
3.308000
3.311000
3.311000
3.315000
3.339000
3.293000
3.323000
3.232000
3.026000
3.150000
3.186000
3.244000
3.255000
3.261000
3.301000
3.351000
3.311000
3.306000
3.363000
3.351000
3.343000
3.418000
3.424000
3.412000
3.413000
3.341000
3.392000
3.297000
3.367000
3.391000
3.378000
3.457000
3.413000
3.293000
3.363000
3.336000
3.261000
3.222000
3.075000
3.047000
3.008000
2.967000
3.017000
2.932000
3.006000
3.108000
3.111000
3.125000
3.111000
3.132000
3.109000
3.150000
3.145000
3.210000
3.192000
3.209000
3.188000
3.200000
3.256000
3.237000
3.255000
3.277000
3.283000
3.262000
3.316000
3.308000
3.284000
3.308000
3.335000
3.295000
3.298000
3.347000
3.355000
3.379000
3.363000
3.399000
3.425000
3.397000
3.371000
3.401000
3.434000
3.404000
3.392000
3.328000
3.351000
3.394000
3.358000
3.348000
3.393000
3.461000
3.436000
3.433000
3.445000
3.467000
3.458000
3.502000
3.532000
3.537000
3.544000
3.506000
3.552000
3.559000
3.566000
3.635000
3.638000
3.703000
3.715000
3.716000
3.789000
3.825000
3.827000
3.835000
3.934000
4.055000
4.098000
4.163000
4.185000
4.327000
4.302000
4.325000
4.136000
4.185000
4.235000
4.315000
4.339000
4.426000
4.237000
4.285000
4.334000
4.461000
4.485000
4.531000
4.567000
4.531000
4.538000
4.458000
4.467000
4.479000
4.433000
4.360000
4.356000
4.422000
4.473000
4.521000
4.459000
4.381000
4.447000
4.527000
4.543000
4.529000
4.572000
4.678000
4.645000
4.683000
4.690000
4.668000
4.599000
4.462000
4.468000
4.362000
4.397000
4.503000
4.547000
4.582000
4.539000
4.529000
4.555000
4.518000
4.484000
4.557000
4.449000
4.461000
4.487000
4.522000
4.546000
4.687000
4.810000
4.845000
4.826000
4.798000
4.762000
4.684000
4.740000
4.719000
4.692000
4.580000
4.618000
4.656000
4.723000
4.803000
4.735000
4.786000
4.809000
4.854000
4.939000
4.887000
4.950000
4.937000
4.854000
4.871000
4.814000
4.829000
4.786000
4.741000
4.836000
4.854000
4.926000
4.887000
4.814000
4.806000
4.861000
4.814000
4.895000
4.897000
4.903000
4.925000
4.930000
4.910000
4.843000
4.885000
4.840000
4.918000
4.957000
4.988000
5.034000
5.042000
5.135000
5.133000
5.214000
5.204000
5.279000
5.284000
5.227000
5.312000
5.406000
5.538000
5.663000
5.688000
5.778000
5.721000
5.663000
5.796000
5.727000
5.601000
5.594000
5.664000
5.549000
5.668000
5.803000
5.892000
5.968000
5.825000
5.838000
5.656000
5.671000
5.733000
5.846000
5.844000
5.838000
5.901000
5.931000
6.060000
6.160000
5.966000
5.903000
5.607000
5.615000
5.467000
5.436000
5.346000
5.405000
5.344000
5.406000
5.188000
5.165000
4.951000
4.842000
4.924000
5.048000
5.066000
4.873000
4.928000
5.011000
5.064000
4.944000
4.936000
4.928000
4.903000
4.938000
5.057000
5.061000
5.192000
5.139000
5.210000
5.254000
5.254000